#  File format type:   4
#
#  SPECT3D transition powers file.
#  RUN NAME:  xe_750-1300_4mm
#  Total number of transitions   =     1380
#  Number of written transitions =      624
#  Plasma temperature (eV)       =     4.5000E+02
#  Mass density (g/cm3)          =     1.0902E-03
#  Cell areal density (g/cm2)    =     4.3607E-04
#  Material mass fractions       =     1.0000E+00
#  DCA material number fractions =     1.0000E+00
# -----------------------------------------------------
#
#
#   Trans.  Trans  Upper  Upper  Lower  Lower   Ioniz   Energy     Line Power Line Center Line Width
#   Index   Model  Level  Model  Level  Model   Stage   (eV)       (W/cm2)    Opt. Depth      eV
# --------------------------------------------------------------------------------------------------
       1      1      3      1      2      1      52     1.1982E+02  6.676E+08  4.025E-09  1.714E-02
       2      1      4      1      2      1      52     4.9234E+02  1.042E+11  6.703E-01  7.042E-02
       4      1      6      1      5      1      52     1.0651E+02  2.536E+09  1.582E-03  7.872E+01
       6      1      7      1      6      1      52     6.8034E+01  3.330E+08  2.207E-04  9.467E+01
       7      1      9      1      8      1      52     3.8672E+01  1.468E+08  5.280E-03  2.871E+01
       9      1     10      1      9      1      52     3.4641E+01  9.516E+07  1.445E-03  3.134E+01
      11      1     11      1     10      1      52     9.4480E+00  3.312E+05  5.462E-04  8.525E+00
      13      1     12      1      9      1      52     8.3242E+02  5.483E+12  1.000E-30  4.479E+01
      14      1     13      1      8      1      52     8.9349E+02  4.277E+12  1.326E-02  2.730E+01
      16      1     13      1     10      1      52     8.2018E+02  1.451E+12  1.000E-30  1.550E+01
      17      1     13      1     12      1      52     2.2396E+01  4.119E+07  1.339E-02  1.655E+01
      19      1     14      1      9      1      52     8.6975E+02  9.209E+12  7.441E-03  3.756E+01
      21      1     14      1     11      1      52     8.2566E+02  3.461E+11  1.000E-30  2.985E+00
      23      1     14      1     13      1      52     1.4925E+01  8.910E+06  2.627E-03  2.020E+01
      25      1     15      1     10      1      52     8.3968E+02  1.520E+13  2.446E-02  1.289E+01
      28      1     15      1     14      1      52     4.5752E+00  6.523E+04  1.849E-03  4.375E+00
      30      1     16      1     11      1      52     8.3260E+02  2.353E+13  6.328E-02  5.946E+00
      32      1     16      1     15      1      52     2.3647E+00  2.721E+03  1.003E-03  1.740E+00
      34      1     17      1      9      1      52     1.3019E+03  4.602E+12  1.000E-30  4.473E+01
      36      1     17      1     13      1      52     4.4709E+02  1.166E+12  1.000E-30  2.763E+01
      38      1     18      1      8      1      52     1.3534E+03  4.085E+12  6.173E-03  1.596E+01
      40      1     18      1     10      1      52     1.2800E+03  1.124E+12  1.000E-30  8.649E+00
      41      1     18      1     12      1      52     4.8226E+02  7.259E+11  2.519E-02  1.578E+01
      43      1     18      1     14      1      52     4.4493E+02  3.894E+11  1.000E-30  9.500E+00
      45      1     18      1     17      1      52     1.2770E+01  9.010E+06  2.849E-02  9.373E+00
      47      1     19      1      9      1      52     1.3234E+03  8.348E+12  1.759E-03  4.050E+01
      49      1     19      1     11      1      52     1.2793E+03  2.288E+11  1.000E-30  4.114E+00
      51      1     19      1     13      1      52     4.6860E+02  1.431E+12  1.194E-02  2.341E+01
      53      1     19      1     15      1      52     4.4910E+02  1.422E+11  1.000E-30  1.793E+00
      56      1     19      1     18      1      52     8.7378E+00  2.302E+06  5.884E-03  1.168E+01
      58      1     20      1     10      1      52     1.2912E+03  1.201E+13  4.565E-03  1.455E+01
      61      1     20      1     14      1      52     4.5609E+02  2.223E+12  4.660E-02  6.360E+00
      63      1     20      1     16      1      52     4.4915E+02  4.004E+10  1.000E-30  7.278E-01
      65      1     20      1     19      1      52     2.4178E+00  1.239E+04  4.148E-03  2.516E+00
      67      1     21      1     11      1      52     1.2829E+03  1.254E+13  7.271E-03  6.990E+00
      69      1     21      1     15      1      52     4.5271E+02  3.132E+12  1.138E-01  2.912E+00
      72      1     21      1     20      1      52     1.2002E+00  6.004E+02  2.926E-03  1.008E+00
      75      1     22      1     16      1      52     4.5135E+02  4.090E+12  2.304E-01  1.666E+00
      77      1     22      1     21      1      52     1.0028E+00  1.580E+02  2.010E-03  5.144E-01
      79      1     23      1     13      1      52     7.2854E+02  1.118E+12  1.000E-30  2.761E+01
      81      1     23      1     18      1      52     2.6868E+02  3.275E+11  1.000E-30  1.595E+01
      83      1     24      1     12      1      52     7.5883E+02  7.947E+11  1.096E-02  9.991E+00
      85      1     24      1     14      1      52     7.2151E+02  3.470E+11  1.000E-30  5.100E+00
      86      1     24      1     17      1      52     2.8935E+02  1.677E+11  4.396E-02  9.926E+00
      88      1     24      1     19      1      52     2.6784E+02  1.225E+11  1.000E-30  6.215E+00
      90      1     24      1     23      1      52     7.9016E+00  2.391E+06  5.337E-02  5.793E+00
      92      1     25      1     13      1      52     7.4204E+02  1.522E+12  2.961E-03  2.492E+01
      94      1     25      1     15      1      52     7.2254E+02  1.121E+11  1.000E-30  1.779E+00
      96      1     25      1     18      1      52     2.8218E+02  3.177E+11  2.162E-02  1.332E+01
      98      1     25      1     20      1      52     2.7102E+02  5.491E+10  1.000E-30  1.208E+00
     101      1     25      1     24      1      52     5.5989E+00  7.332E+05  1.146E-02  7.324E+00
     103      1     26      1     14      1      52     7.2843E+02  2.252E+12  9.680E-03  7.235E+00
     105      1     26      1     16      1      52     7.2149E+02  2.636E+10  1.000E-30  1.223E+00
     107      1     26      1     19      1      52     2.7476E+02  4.555E+11  8.115E-02  3.577E+00
     109      1     26      1     21      1      52     2.7114E+02  2.339E+10  1.000E-30  4.487E-01
     112      1     26      1     25      1      52     1.3194E+00  2.400E+03  7.821E-03  1.602E+00
     114      1     27      1     15      1      52     7.2446E+02  2.788E+12  1.846E-02  3.453E+00
     117      1     27      1     20      1      52     2.7295E+02  5.854E+11  1.876E-01  1.632E+00
     119      1     27      1     22      1      52     2.7075E+02  6.910E+09  1.000E-30  2.567E-01
     121      1     27      1     26      1      52     6.0740E-01  1.046E+02  6.204E-03  6.427E-01
     123      1     28      1     16      1      52     7.2273E+02  2.563E+12  2.253E-02  2.050E+00
     125      1     28      1     21      1      52     2.7238E+02  7.129E+11  3.664E-01  9.347E-01
     128      1     28      1     27      1      52     6.3240E-01  7.367E+01  5.886E-03  3.282E-01
     129      1     29      1     13      1      52     9.1039E+02  8.891E+11  1.000E-30  2.758E+01
     131      1     29      1     18      1      52     4.5053E+02  3.405E+11  1.000E-30  1.591E+01
     134      1     29      1     24      1      52     1.7396E+02  1.084E+11  1.000E-30  1.004E+01
     136      1     30      1     12      1      52     9.3797E+02  6.721E+11  7.221E-03  6.754E+00
     137      1     30      1     14      1      52     9.0065E+02  2.638E+11  1.000E-30  4.489E+00
     138      1     30      1     17      1      52     4.6848E+02  2.023E+11  1.788E-02  6.689E+00
     140      1     30      1     19      1      52     4.4698E+02  1.206E+11  1.000E-30  3.509E+00
     142      1     30      1     23      1      52     1.8704E+02  4.769E+10  7.157E-02  6.650E+00
     144      1     30      1     25      1      52     1.7354E+02  4.383E+10  1.000E-30  4.283E+00
     146      1     30      1     29      1      52     5.1810E+00  7.242E+05  9.218E-02  3.783E+00
     147      1     31      1     13      1      52     9.1941E+02  1.271E+12  1.254E-03  2.578E+01
     148      1     31      1     15      1      52     8.9991E+02  7.962E+10  1.000E-30  2.514E+00
     150      1     31      1     18      1      52     4.5956E+02  3.769E+11  5.451E-03  1.418E+01
     152      1     31      1     20      1      52     4.4840E+02  4.893E+10  1.000E-30  9.366E-01
     155      1     31      1     24      1      52     1.8298E+02  8.831E+10  3.632E-02  8.251E+00
     157      1     31      1     26      1      52     1.7606E+02  2.242E+10  1.000E-30  8.626E-01
     160      1     31      1     30      1      52     3.8407E+00  2.788E+05  2.027E-02  4.937E+00
     161      1     32      1     14      1      52     9.0519E+02  1.801E+12  3.744E-03  7.713E+00
     162      1     32      1     16      1      52     8.9825E+02  1.701E+10  1.000E-30  1.701E+00
     164      1     32      1     19      1      52     4.5152E+02  5.466E+11  1.778E-02  4.061E+00
     166      1     32      1     21      1      52     4.4790E+02  1.823E+10  1.000E-30  6.230E-01
     169      1     32      1     25      1      52     1.7808E+02  1.171E+11  1.316E-01  2.208E+00
     171      1     32      1     27      1      52     1.7615E+02  1.151E+10  1.000E-30  3.183E-01
     174      1     32      1     31      1      52     7.0280E-01  4.170E+02  1.329E-02  1.092E+00
     175      1     33      1     15      1      52     9.0089E+02  2.016E+12  6.239E-03  3.776E+00
     177      1     33      1     20      1      52     4.4938E+02  6.988E+11  3.528E-02  1.942E+00
     179      1     33      1     22      1      52     4.4717E+02  4.470E+09  1.000E-30  4.776E-01
     181      1     33      1     26      1      52     1.7704E+02  1.402E+11  2.967E-01  1.003E+00
     183      1     33      1     28      1      52     1.7580E+02  5.125E+09  1.000E-30  1.721E-01
     185      1     33      1     32      1      52     2.7490E-01  1.227E+01  1.140E-02  4.448E-01
     186      1     34      1     16      1      52     8.9895E+02  1.490E+12  6.003E-03  2.270E+00
     188      1     34      1     21      1      52     4.4860E+02  7.760E+11  5.274E-02  1.155E+00
     191      1     34      1     27      1      52     1.7685E+02  1.577E+11  5.554E-01  5.706E-01
     194      1     34      1     33      1      52     4.2420E-01  3.141E+01  1.188E-02  2.319E-01
     195      1     35      1     13      1      52     1.0346E+03  6.858E+11  1.000E-30  2.760E+01
     196      1     35      1     18      1      52     5.7478E+02  2.891E+11  1.000E-30  1.594E+01
     198      1     35      1     24      1      52     2.9820E+02  1.214E+11  1.000E-30  1.000E+01
     201      1     35      1     30      1      52     1.1906E+02  4.146E+10  1.000E-30  6.716E+00
     203      1     36      1     12      1      52     1.0606E+03  5.382E+11  5.586E-03  4.824E+00
     204      1     36      1     14      1      52     1.0233E+03  1.980E+11  1.000E-30  5.238E+00
     205      1     36      1     17      1      52     5.9109E+02  1.840E+11  1.127E-02  4.759E+00
     206      1     36      1     19      1      52     5.6958E+02  9.850E+10  1.000E-30  2.611E+00
     207      1     36      1     23      1      52     3.0964E+02  6.288E+10  2.769E-02  4.713E+00
     209      1     36      1     25      1      52     2.9614E+02  4.689E+10  1.000E-30  2.578E+00
     211      1     36      1     29      1      52     1.2779E+02  1.572E+10  1.103E-01  4.673E+00
     213      1     36      1     31      1      52     1.1877E+02  1.762E+10  1.000E-30  3.083E+00
     215      1     36      1     35      1      52     3.5433E+00  2.401E+05  1.474E-01  2.612E+00
     216      1     37      1     13      1      52     1.0410E+03  1.009E+12  6.714E-04  2.632E+01
     217      1     37      1     15      1      52     1.0215E+03  5.720E+10  1.000E-30  3.057E+00
     218      1     37      1     18      1      52     5.8110E+02  3.391E+11  2.322E-03  1.472E+01
     219      1     37      1     20      1      52     5.6995E+02  3.769E+10  1.000E-30  1.288E+00
     221      1     37      1     24      1      52     3.0452E+02  1.141E+11  9.193E-03  8.788E+00
     223      1     37      1     26      1      52     2.9760E+02  2.187E+10  1.000E-30  5.864E-01
     226      1     37      1     30      1      52     1.2539E+02  2.896E+10  5.702E-02  5.499E+00
     228      1     37      1     32      1      52     1.2084E+02  9.830E+09  1.000E-30  6.495E-01
     231      1     37      1     36      1      52     2.7803E+00  1.222E+05  3.374E-02  3.490E+00
     232      1     38      1     14      1      52     1.0264E+03  1.381E+12  1.894E-03  7.993E+00
     233      1     38      1     16      1      52     1.0194E+03  1.144E+10  1.000E-30  2.007E+00
     234      1     38      1     19      1      52     5.7269E+02  4.819E+11  7.024E-03  4.367E+00
     235      1     38      1     21      1      52     5.6908E+02  1.293E+10  1.000E-30  8.981E-01
     237      1     38      1     25      1      52     2.9925E+02  1.612E+11  2.961E-02  2.508E+00
     239      1     38      1     27      1      52     2.9733E+02  1.012E+10  1.000E-30  3.576E-01
     242      1     38      1     31      1      52     1.2188E+02  3.541E+10  2.006E-01  1.468E+00
     244      1     38      1     33      1      52     1.2090E+02  5.639E+09  1.000E-30  2.515E-01
     247      1     38      1     37      1      52     3.3030E-01  4.982E+01  2.131E-02  7.915E-01
     248      1     39      1     15      1      52     1.0219E+03  1.450E+12  2.899E-03  3.973E+00
     249      1     39      1     20      1      52     5.7035E+02  5.848E+11  1.268E-02  2.139E+00
     250      1     39      1     22      1      52     5.6815E+02  2.839E+09  1.000E-30  6.676E-01
     252      1     39      1     26      1      52     2.9801E+02  2.039E+11  5.917E-02  1.193E+00
     254      1     39      1     28      1      52     2.9677E+02  3.910E+09  1.000E-30  2.801E-01
     256      1     39      1     32      1      52     1.2125E+02  3.964E+10  4.335E-01  6.713E-01
     258      1     39      1     34      1      52     1.2055E+02  3.013E+09  1.000E-30  1.366E-01
     260      1     39      1     38      1      52     7.3900E-02  2.812E-01  2.265E-02  2.686E-01
     261      1     40      1     16      1      52     1.0198E+03  9.451E+11  2.429E-03  2.415E+00
     262      1     40      1     21      1      52     5.6945E+02  5.826E+11  1.641E-02  1.293E+00
     264      1     40      1     27      1      52     2.9770E+02  2.358E+11  9.359E-02  7.095E-01
     267      1     40      1     33      1      52     1.2127E+02  4.216E+10  7.837E-01  3.868E-01
     270      1     40      1     39      1      52     2.9800E-01  1.374E+01  1.915E-02  1.822E-01
     271      1     41      1     13      1      52     1.1233E+03  5.294E+11  1.000E-30  2.762E+01
     272      1     41      1     18      1      52     6.6340E+02  2.346E+11  1.000E-30  1.596E+01
     273      1     41      1     24      1      52     3.8682E+02  1.081E+11  1.000E-30  1.003E+01
     275      1     41      1     30      1      52     2.0768E+02  4.859E+10  1.000E-30  6.739E+00
     278      1     41      1     36      1      52     8.5076E+01  1.749E+10  1.000E-30  4.749E+00
     280      1     42      1     12      1      52     1.1482E+03  4.262E+11  4.674E-03  3.584E+00
     281      1     42      1     14      1      52     1.1108E+03  1.500E+11  1.000E-30  6.036E+00
     282      1     42      1     17      1      52     6.7867E+02  1.554E+11  8.468E-03  3.519E+00
     283      1     42      1     19      1      52     6.5716E+02  7.786E+10  1.000E-30  2.756E+00
     284      1     42      1     23      1      52     3.9722E+02  6.044E+10  1.681E-02  3.480E+00
     285      1     42      1     25      1      52     3.8372E+02  4.056E+10  1.000E-30  1.800E+00
     286      1     42      1     29      1      52     2.1536E+02  2.252E+10  4.096E-02  3.453E+00
     288      1     42      1     31      1      52     2.0634E+02  1.998E+10  1.000E-30  1.971E+00
     290      1     42      1     35      1      52     9.1119E+01  5.811E+09  1.623E-01  3.430E+00
     292      1     42      1     37      1      52     8.4795E+01  7.757E+09  1.000E-30  2.307E+00
     294      1     42      1     41      1      52     2.4992E+00  8.574E+04  2.158E-01  1.947E+00
     295      1     43      1     13      1      52     1.1279E+03  7.929E+11  4.076E-04  2.673E+01
     296      1     43      1     15      1      52     1.1084E+03  4.203E+10  1.000E-30  3.432E+00
     297      1     43      1     18      1      52     6.6800E+02  2.841E+11  1.249E-03  1.506E+01
     298      1     43      1     20      1      52     6.5684E+02  2.859E+10  1.000E-30  1.618E+00
     299      1     43      1     24      1      52     3.9142E+02  1.088E+11  3.933E-03  9.131E+00
     300      1     43      1     26      1      52     3.8450E+02  1.795E+10  1.000E-30  7.364E-01
     302      1     43      1     30      1      52     2.1228E+02  4.003E+10  1.445E-02  5.829E+00
     304      1     43      1     32      1      52     2.0774E+02  1.028E+10  1.000E-30  4.304E-01
     307      1     43      1     36      1      52     8.9678E+01  1.072E+10  8.532E-02  3.852E+00
     309      1     43      1     38      1      52     8.6568E+01  4.609E+09  1.000E-30  5.153E-01
     312      1     43      1     42      1      52     2.1031E+00  5.972E+04  5.299E-02  2.575E+00
     313      1     44      1     15      1      52     1.1084E+03  1.069E+12  1.612E-03  4.110E+00
     314      1     44      1     20      1      52     6.5688E+02  4.622E+11  6.108E-03  2.269E+00
     315      1     44      1     22      1      52     6.5468E+02  1.901E+09  1.000E-30  7.988E-01
     316      1     44      1     26      1      52     3.8454E+02  1.901E+11  2.184E-02  1.330E+00
     317      1     44      1     28      1      52     3.8330E+02  2.756E+09  1.000E-30  4.043E-01
     319      1     44      1     32      1      52     2.0778E+02  6.790E+10  8.926E-02  8.032E-01
     321      1     44      1     34      1      52     2.0708E+02  2.596E+09  1.000E-30  1.910E-01
     323      1     44      1     38      1      52     8.6605E+01  1.294E+10  5.923E-01  4.870E-01
     325      1     44      1     40      1      52     8.6233E+01  1.691E+09  1.000E-30  1.256E-01
     327      1     45      1     14      1      52     1.1130E+03  1.061E+12  1.109E-03  8.208E+00
     328      1     45      1     16      1      52     1.1061E+03  8.013E+09  1.000E-30  2.215E+00
     329      1     45      1     19      1      52     6.5935E+02  3.976E+11  3.599E-03  4.569E+00
     330      1     45      1     21      1      52     6.5574E+02  9.353E+09  1.000E-30  1.100E+00
     331      1     45      1     25      1      52     3.8591E+02  1.532E+11  1.182E-02  2.709E+00
     332      1     45      1     27      1      52     3.8399E+02  7.761E+09  1.000E-30  5.252E-01
     334      1     45      1     31      1      52     2.0854E+02  5.469E+10  4.563E-02  1.663E+00
     336      1     45      1     33      1      52     2.0756E+02  5.442E+09  1.000E-30  2.428E-01
     339      1     45      1     37      1      52     8.6990E+01  1.213E+10  2.877E-01  1.044E+00
     341      1     45      1     39      1      52     8.6586E+01  2.854E+09  1.000E-30  2.157E-01
     344      1     45      1     43      1      52     9.2200E-02  1.191E+00  4.621E-02  4.148E-01
     345      1     45      1     44      1      52     5.4600E-02  1.758E-01  1.000E-30  1.474E-01
     346      1     46      1     16      1      52     1.1062E+03  6.369E+11  1.227E-03  2.513E+00
     347      1     46      1     21      1      52     6.5590E+02  4.258E+11  7.173E-03  1.391E+00
     348      1     46      1     27      1      52     3.8415E+02  2.100E+11  3.128E-02  8.095E-01
     350      1     46      1     33      1      52     2.0772E+02  7.889E+10  1.423E-01  4.817E-01
     353      1     46      1     39      1      52     8.6749E+01  1.311E+10  1.026E+00  2.893E-01
     355      1     46      1     44      1      52     2.1720E-01  6.343E+00  2.549E-02  1.614E-01
     357      1     48      1     47      1      52     3.1750E+02  1.954E+10  1.083E-03  1.840E+02
     358      1     49      1     48      1      52     3.6284E+02  1.061E+11  5.954E-05  2.763E+02
     359      1     51      1     50      1      52     7.7750E-01  2.782E+02  5.068E-04  1.384E+02
     360      1     52      1     51      1      52     6.6689E+02  1.647E+12  1.000E-30  4.205E+02
     361      1     54      1     53      1      52     3.0082E+01  9.862E+07  1.000E-30  1.846E+02
     362      1     55      1     53      1      52     1.0120E+02  2.031E+09  1.439E-03  8.075E+01
     363      1     56      1     54      1      52     1.0442E+02  2.278E+09  1.597E-03  7.435E+01
     364      1     56      1     55      1      52     3.3297E+01  1.328E+08  1.000E-30  1.922E+02
     365      1     57      1     55      1      52     9.2670E+01  1.136E+09  2.543E-04  1.109E+02
     367      1     58      1     56      1      52     9.3608E+01  1.177E+09  2.665E-04  1.064E+02
     368      1     58      1     57      1      52     3.4235E+01  1.441E+08  1.000E-30  1.948E+02
     369      1     61      1     60      1      53     7.7081E+01  7.890E+07  1.025E-09  1.105E-02
     370      1     62      1     60      1      53     8.3045E+01  1.187E+08  1.000E-30  1.190E-02
     373      1     63      1     61      1      53     8.0094E+00  2.057E+02  1.000E-30  1.215E-03
     375      1     64      1     60      1      53     4.6515E+02  9.442E+10  4.317E-01  6.650E-02
     378      1     65      1     60      1      53     5.0090E+02  5.574E+10  4.076E-10  7.156E-02
     380      1     65      1     63      1      53     4.1581E+02  3.141E+10  9.365E-01  5.946E-02
     381      1     67      1     66      1      53     9.2071E+01  1.362E+09  1.808E-03  5.730E+01
     383      1     68      1     67      1      53     2.1266E+02  1.788E+10  3.446E-04  3.997E+01
     385      1     69      1     67      1      53     2.3259E+02  1.378E+10  1.000E-30  2.163E+01
     386      1     71      1     70      1      53     1.8245E+01  8.974E+06  6.899E-03  1.282E+01
     388      1     72      1     71      1      53     7.1086E+01  1.613E+09  2.603E-03  3.417E+01
     390      1     73      1     72      1      53     1.1156E+02  6.169E+09  5.266E-03  1.008E+01
     392      1     74      1     71      1      53     8.8734E+02  6.525E+12  1.000E-30  4.813E+01
     393      1     75      1     70      1      53     9.0769E+02  4.583E+12  1.246E-02  2.968E+01
     395      1     75      1     72      1      53     8.1835E+02  1.363E+12  1.000E-30  1.678E+01
     396      1     75      1     74      1      53     2.1014E+00  1.844E+04  2.576E-02  4.742E+00
     398      1     76      1     71      1      53     9.4411E+02  1.244E+13  7.273E-03  4.058E+01
     400      1     76      1     73      1      53     7.6146E+02  2.409E+11  1.000E-30  3.215E+00
     402      1     76      1     75      1      53     5.4666E+01  1.487E+09  8.012E-03  2.271E+01
     404      1     77      1     72      1      53     9.7713E+02  2.678E+13  2.531E-02  1.394E+01
     407      1     77      1     76      1      53     1.0411E+02  1.599E+10  3.386E-02  5.204E+00
     409      1     78      1     73      1      53     1.0763E+03  6.260E+13  7.248E-02  6.471E+00
     411      1     78      1     77      1      53     2.1071E+02  1.138E+11  5.192E-02  2.132E+00
     412      1     79      1     70      1      53     1.3871E+03  4.478E+12  5.562E-03  1.802E+01
     414      1     79      1     72      1      53     1.2978E+03  1.128E+12  1.000E-30  9.421E+00
     415      1     79      1     74      1      53     4.8154E+02  7.291E+11  2.345E-02  1.706E+01
     417      1     79      1     76      1      53     4.2478E+02  3.067E+11  1.000E-30  1.027E+01
     420      1     80      1     71      1      53     1.3753E+03  5.325E+12  1.000E-30  4.814E+01
     422      1     80      1     75      1      53     4.8588E+02  1.511E+12  1.000E-30  2.969E+01
     424      1     80      1     79      1      53     6.4349E+00  1.950E+06  1.000E-30  1.649E+01
     426      1     81      1     71      1      53     1.4208E+03  1.070E+13  1.685E-03  4.379E+01
     428      1     81      1     73      1      53     1.2382E+03  1.938E+11  1.000E-30  4.418E+00
     430      1     81      1     75      1      53     5.3137E+02  2.301E+12  1.220E-02  2.528E+01
     432      1     81      1     77      1      53     3.7259E+02  6.516E+10  1.000E-30  1.937E+00
     434      1     81      1     79      1      53     5.1923E+01  2.578E+09  2.908E-02  1.303E+01
     438      1     82      1     76      1      53     5.7966E+02  5.518E+12  5.235E-02  6.896E+00
     440      1     82      1     78      1      53     2.6484E+02  4.675E+09  1.000E-30  7.714E-01
     442      1     82      1     81      1      53     1.0296E+02  3.257E+10  1.401E-01  3.016E+00
     443      1     83      1     74      1      53     7.7070E+02  8.402E+11  9.957E-03  1.108E+01
     445      1     83      1     76      1      53     7.1393E+02  3.155E+11  1.000E-30  5.523E+00
     447      1     83      1     80      1      53     2.8272E+02  1.546E+11  4.009E-02  1.069E+01
     448      1     83      1     81      1      53     2.3723E+02  7.145E+10  1.000E-30  6.718E+00
     451      1     84      1     75      1      53     7.7945E+02  1.369E+12  1.000E-30  2.967E+01
     452      1     84      1     79      1      53     3.0001E+02  4.698E+11  1.000E-30  1.710E+01
     455      1     84      1     83      1      53     1.0851E+01  1.370E+07  1.000E-30  1.123E+01
     457      1     85      1     75      1      53     8.2063E+02  2.214E+12  2.955E-03  2.685E+01
     459      1     85      1     77      1      53     6.6185E+02  7.633E+10  1.000E-30  1.906E+00
     460      1     85      1     79      1      53     3.4119E+02  6.583E+11  2.359E-02  1.436E+01
     463      1     85      1     82      1      53     1.8630E+02  1.185E+10  1.000E-30  1.290E+00
     464      1     85      1     83      1      53     5.2031E+01  4.609E+09  8.915E-02  8.164E+00
     467      1     86      1     77      1      53     6.7729E+02  1.444E+13  1.489E-01  3.188E+00
     470      1     86      1     82      1      53     2.0174E+02  2.355E+11  2.654E-01  1.239E+00
     473      1     87      1     78      1      53     5.1236E+02  6.559E+12  2.301E-01  1.829E+00
     475      1     87      1     86      1      53     4.5782E+01  6.008E+08  7.262E-02  6.263E-01
     477      1     88      1     76      1      53     8.6948E+02  4.399E+12  1.027E-02  7.837E+00
     479      1     88      1     78      1      53     5.5466E+02  8.925E+09  1.000E-30  1.316E+00
     481      1     88      1     81      1      53     3.9278E+02  1.776E+12  1.020E-01  3.894E+00
     484      1     88      1     85      1      53     1.0351E+02  5.127E+10  4.486E-01  1.916E+00
     485      1     88      1     86      1      53     8.8076E+01  3.712E+08  1.000E-30  4.640E-01
     487      1     89      1     74      1      53     9.5869E+02  7.260E+11  6.281E-03  7.846E+00
     488      1     89      1     76      1      53     9.0192E+02  2.524E+11  1.000E-30  4.875E+00
     490      1     89      1     80      1      53     4.7071E+02  2.056E+11  1.632E-02  7.330E+00
     491      1     89      1     81      1      53     4.2522E+02  9.399E+10  1.000E-30  3.789E+00
     494      1     89      1     84      1      53     1.7714E+02  3.905E+10  6.341E-02  7.160E+00
     495      1     89      1     85      1      53     1.3596E+02  1.572E+10  1.000E-30  4.605E+00
     497      1     90      1     75      1      53     9.7022E+02  1.074E+12  1.000E-30  2.970E+01
     498      1     90      1     79      1      53     4.9078E+02  4.476E+11  1.000E-30  1.714E+01
     501      1     90      1     83      1      53     2.0163E+02  1.814E+11  1.000E-30  1.075E+01
     504      1     90      1     89      1      53     1.3639E+01  2.340E+07  1.000E-30  3.874E+00
     505      1     91      1     75      1      53     1.0099E+03  1.790E+12  1.237E-03  2.778E+01
     506      1     91      1     77      1      53     8.5110E+02  6.147E+10  1.000E-30  2.700E+00
     507      1     91      1     79      1      53     5.3043E+02  6.476E+11  5.654E-03  1.528E+01
     510      1     91      1     82      1      53     3.7555E+02  2.321E+10  1.000E-30  9.880E-01
     511      1     91      1     83      1      53     2.4127E+02  2.574E+11  4.321E-02  8.900E+00
     515      1     91      1     88      1      53     8.5729E+01  1.215E+09  1.000E-30  9.245E-01
     516      1     91      1     89      1      53     5.3287E+01  7.579E+09  2.410E-01  5.431E+00
     518      1     92      1     74      1      53     1.0879E+03  5.904E+11  4.471E-03  6.103E+00
     519      1     92      1     76      1      53     1.0312E+03  1.940E+11  1.000E-30  5.676E+00
     520      1     92      1     80      1      53     5.9995E+02  1.936E+11  1.006E-02  5.356E+00
     521      1     92      1     81      1      53     5.5446E+02  8.420E+10  1.000E-30  2.834E+00
     523      1     92      1     84      1      53     3.0638E+02  5.996E+10  2.499E-02  5.122E+00
     524      1     92      1     85      1      53     2.6520E+02  2.863E+10  1.000E-30  2.778E+00
     527      1     92      1     90      1      53     1.1560E+02  1.082E+10  9.355E-02  5.023E+00
     528      1     92      1     91      1      53     7.5952E+01  2.803E+09  1.000E-30  3.307E+00
     529      1     93      1     75      1      53     1.1014E+03  8.255E+11  1.000E-30  2.972E+01
     530      1     93      1     79      1      53     6.2192E+02  3.724E+11  1.000E-30  1.716E+01
     531      1     93      1     83      1      53     3.3276E+02  1.758E+11  1.000E-30  1.078E+01
     534      1     93      1     89      1      53     1.4478E+02  8.347E+10  1.000E-30  7.231E+00
     537      1     93      1     92      1      53     1.5538E+01  9.791E+07  1.000E-30  5.259E+00
     538      1     94      1     76      1      53     1.0597E+03  3.254E+12  3.881E-03  8.381E+00
     539      1     94      1     78      1      53     7.4491E+02  7.773E+09  1.000E-30  1.828E+00
     541      1     94      1     81      1      53     5.8303E+02  1.454E+12  2.029E-02  4.412E+00
     544      1     94      1     85      1      53     2.9377E+02  7.837E+11  1.919E-01  2.408E+00
     545      1     94      1     86      1      53     2.7833E+02  2.624E+09  1.000E-30  6.486E-01
     549      1     94      1     91      1      53     1.0453E+02  6.090E+10  1.194E+00  1.303E+00
     552      1     95      1     77      1      53     9.6122E+02  8.282E+12  2.158E-02  3.775E+00
     555      1     95      1     82      1      53     4.8567E+02  5.126E+12  2.928E-01  1.794E+00
     558      1     95      1     87      1      53     2.3815E+02  3.992E+09  1.000E-30  2.832E-01
     559      1     95      1     88      1      53     1.9586E+02  3.013E+11  8.689E-01  8.080E-01
     561      1     95      1     94      1      53     5.5996E+00  9.250E+04  1.364E-02  3.334E-01
     562      1     96      1     75      1      53     1.1409E+03  1.405E+12  6.582E-04  2.838E+01
     563      1     96      1     77      1      53     9.8211E+02  4.717E+10  1.000E-30  3.289E+00
     564      1     96      1     79      1      53     6.6145E+02  5.503E+11  2.377E-03  1.582E+01
     565      1     96      1     82      1      53     5.0657E+02  2.274E+10  1.000E-30  1.366E+00
     566      1     96      1     83      1      53     3.7229E+02  2.459E+11  1.011E-02  9.438E+00
     569      1     96      1     88      1      53     2.1675E+02  5.933E+09  1.000E-30  6.212E-01
     570      1     96      1     89      1      53     1.8430E+02  1.286E+11  7.578E-02  5.924E+00
     573      1     96      1     92      1      53     5.5065E+01  1.093E+10  5.826E-01  3.817E+00
     575      1     96      1     94      1      53     2.6491E+01  2.131E+07  1.000E-30  6.965E-01
     578      1     97      1     78      1      53     7.9354E+02  3.583E+12  2.177E-02  2.239E+00
     580      1     97      1     86      1      53     3.2696E+02  1.398E+12  3.895E-01  1.015E+00
     584      1     97      1     95      1      53     4.3029E+01  1.091E+09  3.077E-01  4.099E-01
     585      1     98      1     74      1      53     1.1808E+03  4.712E+11  3.297E-03  5.158E+00
     586      1     98      1     76      1      53     1.1240E+03  1.494E+11  1.000E-30  6.538E+00
     587      1     98      1     80      1      53     6.9278E+02  1.670E+11  7.200E-03  4.174E+00
     588      1     98      1     81      1      53     6.4729E+02  6.978E+10  1.000E-30  2.986E+00
     589      1     98      1     84      1      53     3.9921E+02  6.114E+10  1.511E-02  3.851E+00
     590      1     98      1     85      1      53     3.5803E+02  2.923E+10  1.000E-30  1.943E+00
     592      1     98      1     90      1      53     2.0843E+02  1.969E+10  3.625E-02  3.739E+00
     593      1     98      1     91      1      53     1.6878E+02  8.510E+09  1.000E-30  2.119E+00
     595      1     98      1     93      1      53     7.7294E+01  3.143E+09  1.294E-01  3.676E+00
     597      1     98      1     96      1      53     3.7767E+01  2.891E+08  1.000E-30  2.466E+00
     598      1     99      1     75      1      53     1.1956E+03  6.384E+11  1.000E-30  2.975E+01
     599      1     99      1     79      1      53     7.1611E+02  2.988E+11  1.000E-30  1.719E+01
     600      1     99      1     83      1      53     4.2696E+02  1.504E+11  1.000E-30  1.080E+01
     601      1     99      1     89      1      53     2.3897E+02  7.961E+10  1.000E-30  7.255E+00
     604      1     99      1     92      1      53     1.0973E+02  4.462E+10  1.000E-30  5.090E+00
     607      1     99      1     98      1      53     1.6897E+01  2.592E+08  1.000E-30  3.914E+00
     608      1    100      1     75      1      53     1.2357E+03  1.101E+12  3.994E-04  2.879E+01
     609      1    100      1     77      1      53     1.0769E+03  3.616E+10  1.000E-30  3.691E+00
     610      1    100      1     79      1      53     7.5626E+02  4.510E+11  1.268E-03  1.623E+01
     611      1    100      1     82      1      53     6.0138E+02  1.948E+10  1.000E-30  1.723E+00
     612      1    100      1     83      1      53     4.6710E+02  2.137E+11  4.216E-03  9.846E+00
     613      1    100      1     88      1      53     3.1156E+02  7.457E+09  1.000E-30  7.811E-01
     614      1    100      1     89      1      53     2.7912E+02  1.156E+11  1.711E-02  6.281E+00
     617      1    100      1     92      1      53     1.4988E+02  7.741E+10  1.290E-01  4.148E+00
     619      1    100      1     94      1      53     1.2130E+02  1.151E+09  1.000E-30  4.521E-01
     621      1    100      1     98      1      53     5.7044E+01  1.314E+10  1.274E+00  2.806E+00
     623      1    101      1     76      1      53     1.1918E+03  2.414E+12  1.952E-03  8.663E+00
     624      1    101      1     78      1      53     8.7698E+02  6.065E+09  1.000E-30  2.161E+00
     625      1    101      1     81      1      53     7.1510E+02  1.123E+12  7.760E-03  4.739E+00
     627      1    101      1     85      1      53     4.2583E+02  6.273E+11  3.713E-02  2.729E+00
     628      1    101      1     86      1      53     4.1039E+02  3.384E+09  1.000E-30  9.434E-01
     631      1    101      1     91      1      53     2.3659E+02  4.244E+11  3.416E-01  1.604E+00
     634      1    101      1     95      1      53     1.2646E+02  4.014E+08  1.000E-30  3.716E-01
     635      1    101      1     96      1      53     1.0557E+02  6.159E+10  2.754E+00  9.453E-01
     638      1    101      1    100      1      53     1.0760E+01  8.612E+05  1.532E-02  5.425E-01
     639      1    102      1     77      1      53     1.1469E+03  5.101E+12  7.023E-03  4.119E+00
     641      1    102      1     82      1      53     6.7131E+02  3.293E+12  4.611E-02  2.132E+00
     644      1    102      1     87      1      53     4.2378E+02  3.479E+09  1.000E-30  5.183E-01
     645      1    102      1     88      1      53     3.8149E+02  2.355E+12  5.286E-01  1.126E+00
     647      1    102      1     94      1      53     1.9123E+02  2.889E+11  2.234E+00  5.686E-01
     650      1    102      1     97      1      53     1.4260E+02  2.131E+09  1.000E-30  1.925E-01
     652      1    102      1    101      1      53     5.9168E+01  1.315E+08  1.991E-02  2.772E-01
     653      1    103      1     76      1      53     1.2875E+03  1.831E+12  1.135E-03  8.944E+00
     654      1    103      1     78      1      53     9.7272E+02  4.653E+09  1.000E-30  2.384E+00
     655      1    103      1     81      1      53     8.1083E+02  8.751E+11  3.924E-03  4.962E+00
     656      1    103      1     85      1      53     5.2157E+02  4.912E+11  1.418E-02  2.945E+00
     657      1    103      1     86      1      53     5.0613E+02  3.199E+09  1.000E-30  1.159E+00
     659      1    103      1     91      1      53     3.3233E+02  3.319E+11  6.405E-02  1.820E+00
     662      1    103      1     95      1      53     2.2220E+02  8.722E+08  1.000E-30  5.525E-01
     663      1    103      1     96      1      53     2.0131E+02  2.680E+11  5.862E-01  1.142E+00
     665      1    103      1    100      1      53     1.0650E+02  6.015E+10  5.659E+00  7.221E-01
     667      1    103      1    102      1      53     3.6571E+01  1.260E+07  1.000E-30  2.491E-01
     668      1    104      1     78      1      53     9.7661E+02  1.998E+12  5.750E-03  2.479E+00
     670      1    104      1     86      1      53     5.1003E+02  1.247E+12  5.341E-02  1.248E+00
     674      1    104      1     95      1      53     2.2610E+02  3.897E+11  6.154E-01  6.340E-01
     677      1    104      1    102      1      53     4.0464E+01  1.236E+09  8.609E-01  2.934E-01
     679      1    105      1     77      1      53     1.2750E+03  3.385E+12  3.197E-03  4.331E+00
     680      1    105      1     82      1      53     7.9944E+02  2.170E+12  1.567E-02  2.343E+00
     682      1    105      1     87      1      53     5.5191E+02  2.445E+09  1.000E-30  7.230E-01
     683      1    105      1     88      1      53     5.0962E+02  1.618E+12  8.717E-02  1.331E+00
     685      1    105      1     94      1      53     3.1936E+02  1.249E+12  8.824E-01  7.637E-01
     688      1    105      1     97      1      53     2.7073E+02  2.617E+09  1.000E-30  3.075E-01
     690      1    105      1    101      1      53     1.8730E+02  2.703E+11  4.840E+00  4.339E-01
     692      1    105      1    103      1      53     9.1560E+01  2.151E+08  9.747E-03  2.440E-01
     693      1    105      1    104      1      53     8.7667E+01  8.112E+08  1.000E-30  1.546E-01
     694      1    106      1     78      1      53     1.1024E+03  1.241E+12  2.319E-03  2.630E+00
     695      1    106      1     86      1      53     6.3583E+02  8.716E+11  1.630E-02  1.399E+00
     698      1    106      1     95      1      53     3.5190E+02  4.418E+11  9.631E-02  7.844E-01
     701      1    106      1    102      1      53     1.6626E+02  1.314E+11  9.244E-01  4.342E-01
     704      1    106      1    105      1      53     3.8133E+01  1.155E+09  1.857E+00  2.314E-01
     705      1    107      1     77      1      53     1.3672E+03  2.370E+12  1.749E-03  4.477E+00
     706      1    107      1     82      1      53     8.9170E+02  1.508E+12  7.280E-03  2.489E+00
     707      1    107      1     87      1      53     6.4417E+02  1.728E+09  1.000E-30  8.677E-01
     708      1    107      1     88      1      53     6.0188E+02  1.088E+12  2.971E-02  1.477E+00
     710      1    107      1     94      1      53     4.1162E+02  9.323E+11  1.490E-01  9.097E-01
     712      1    107      1     97      1      53     3.6299E+02  2.136E+09  1.000E-30  4.426E-01
     714      1    107      1    101      1      53     2.7956E+02  7.573E+11  1.378E+00  5.684E-01
     716      1    107      1    103      1      53     1.8382E+02  3.194E+11  8.906E+00  3.606E-01
     717      1    107      1    104      1      53     1.7993E+02  1.427E+09  1.000E-30  2.135E-01
     719      1    107      1    106      1      53     5.4126E+01  2.537E+08  1.000E-30  1.436E-01
     720      1    108      1     78      1      53     1.1926E+03  8.275E+11  1.173E-03  2.728E+00
     721      1    108      1     86      1      53     7.2599E+02  6.157E+11  7.081E-03  1.504E+00
     723      1    108      1     95      1      53     4.4206E+02  3.516E+11  3.154E-02  8.825E-01
     725      1    108      1    102      1      53     2.5642E+02  1.746E+11  1.521E-01  5.349E-01
     728      1    108      1    105      1      53     1.2829E+02  5.294E+10  1.278E+00  3.282E-01
     730      1    108      1    107      1      53     3.6034E+01  1.363E+09  3.231E+00  2.038E-01
     731      1    110      1    109      1      53     1.0325E+02  3.706E+09  1.000E-30  3.596E+02
     732      1    111      1    109      1      53     6.2828E+02  9.392E+11  6.967E-05  4.026E+02
     733      1    114      1    113      1      54     7.1415E+00  1.131E+04  1.000E-30  1.089E-03
     735      1    115      1    114      1      54     4.2027E+02  5.326E+10  6.282E-01  6.005E-02
     736      1    117      1    116      1      54     8.2284E+01  9.755E+07  7.322E+00  1.213E-02
     737      1    118      1    117      1      54     6.5579E+01  2.653E+08  1.877E-04  9.900E+01
     739      1    120      1    119      1      54     2.7707E+01  3.610E+06  1.882E+01  5.301E-03
     740      1    121      1    120      1      54     3.4184E+01  8.351E+07  1.172E-03  3.528E+01
     743      1    122      1    121      1      54     1.1729E+01  7.304E+05  5.343E-04  1.004E+01
     745      1    124      1    119      1      54     9.4819E+02  5.475E+12  1.234E-02  3.140E+01
     746      1    124      1    121      1      54     8.8629E+02  1.776E+12  1.000E-30  1.773E+01
     747      1    123      1    120      1      54     9.0352E+02  6.483E+12  1.000E-30  5.154E+01
     749      1    124      1    123      1      54     1.6956E+01  3.044E+06  7.847E+00  1.588E-02
     750      1    125      1    120      1      54     9.3511E+02  1.166E+13  6.603E-03  4.306E+01
     753      1    125      1    122      1      54     8.8920E+02  4.328E+11  1.000E-30  3.472E+00
     754      1    125      1    124      1      54     1.4632E+01  7.667E+06  2.169E-03  2.233E+01
     757      1    126      1    121      1      54     9.0719E+02  1.929E+13  2.097E-02  1.504E+01
     759      1    126      1    125      1      54     6.2624E+00  2.111E+05  1.973E-03  5.176E+00
     761      1    127      1    122      1      54     9.0472E+02  3.071E+13  5.473E-02  6.918E+00
     763      1    127      1    126      1      54     9.2648E+00  2.532E+05  1.324E-03  2.039E+00
     765      1    129      1    121      1      54     1.3816E+03  1.377E+12  1.000E-30  1.006E+01
     767      1    129      1    123      1      54     5.1224E+02  9.384E+11  2.359E-02  1.814E+01
     768      1    129      1    125      1      54     4.8065E+02  4.772E+11  1.000E-30  1.085E+01
     770      1    128      1    120      1      54     1.4063E+03  5.432E+12  1.000E-30  5.146E+01
     772      1    128      1    124      1      54     4.8585E+02  1.393E+12  1.000E-30  3.180E+01
     775      1    129      1    128      1      54     9.4325E+00  5.903E+05  8.864E+00  1.558E-02
     777      1    130      1    120      1      54     1.4246E+03  6.826E+12  1.275E-02  3.725E+00
     779      1    130      1    122      1      54     1.3787E+03  2.881E+11  1.000E-30  4.758E+00
     780      1    130      1    124      1      54     5.0408E+02  1.818E+12  1.058E-02  2.689E+01
     783      1    130      1    126      1      54     4.8319E+02  1.777E+11  1.000E-30  2.091E+00
     785      1    130      1    129      1      54     8.7978E+00  2.192E+06  4.927E-03  1.297E+01
     788      1    131      1    121      1      54     1.3942E+03  1.515E+13  3.915E-03  1.699E+01
     790      1    131      1    125      1      54     4.9329E+02  2.841E+12  3.992E-02  7.433E+00
     791      1    131      1    127      1      54     4.7777E+02  4.779E+10  1.000E-30  8.399E-01
     793      1    131      1    130      1      54     3.8408E+00  7.216E+04  5.044E-03  3.008E+00
     795      1    132      1    122      1      54     1.3904E+03  1.603E+13  6.257E-03  8.142E+00
     797      1    132      1    126      1      54     4.9497E+02  4.190E+12  9.817E-02  3.393E+00
     799      1    132      1    131      1      54     7.9348E+00  2.935E+05  4.209E-03  1.187E+00
     800      1    133      1    127      1      54     4.8686E+02  5.299E+12  1.980E-01  1.939E+00
     801      1    133      1    132      1      54     1.1594E+00  2.616E+02  1.850E-03  5.987E-01
     802      1    134      1    124      1      54     7.8763E+02  1.329E+12  1.000E-30  3.175E+01
     804      1    134      1    129      1      54     2.9235E+02  3.910E+11  1.000E-30  1.837E+01
     808      1    135      1    123      1      54     8.1021E+02  1.021E+12  1.000E-02  1.154E+01
     809      1    135      1    125      1      54     7.7862E+02  4.261E+11  1.000E-30  1.007E+01
     811      1    135      1    128      1      54     3.0740E+02  2.171E+11  4.115E-02  1.140E+01
     812      1    135      1    130      1      54     2.8917E+02  1.497E+11  1.000E-30  5.806E+00
     814      1    135      1    134      1      54     5.6221E+00  6.125E+05  7.404E-02  3.049E+00
     815      1    136      1    124      1      54     7.9909E+02  1.923E+12  2.352E-03  3.173E+01
     818      1    136      1    126      1      54     7.7820E+02  1.408E+11  1.000E-30  5.036E+00
     819      1    136      1    129      1      54     3.0380E+02  4.078E+11  1.603E-02  1.833E+01
     822      1    136      1    131      1      54     2.9116E+02  6.817E+10  1.000E-30  2.902E+00
     825      1    136      1    135      1      54     5.8334E+00  7.962E+05  9.775E-03  8.221E+00
     827      1    137      1    125      1      54     7.8707E+02  2.858E+12  6.961E-03  1.008E+01
     828      1    137      1    127      1      54     7.7154E+02  3.223E+10  1.000E-30  3.065E+00
     830      1    137      1    130      1      54     2.9761E+02  6.038E+11  4.998E-02  5.822E+00
     831      1    137      1    132      1      54     2.8584E+02  2.689E+10  1.000E-30  1.759E+00
     833      1    137      1    136      1      54     2.6080E+00  2.964E+04  1.064E-02  1.890E+00
     835      1    138      1    126      1      54     7.8806E+02  3.656E+12  1.278E-02  5.040E+00
     837      1    138      1    131      1      54     3.0103E+02  8.797E+11  1.083E-01  2.905E+00
     838      1    138      1    133      1      54     2.9194E+02  8.702E+09  1.000E-30  1.187E+00
     840      1    138      1    137      1      54     7.2571E+00  3.139E+05  9.374E-03  7.520E-01
     841      1    139      1    127      1      54     7.7953E+02  3.242E+12  1.502E-02  3.068E+00
     842      1    139      1    132      1      54     2.9383E+02  1.040E+12  1.937E-01  1.761E+00
     843      1    139      1    138      1      54     7.3047E-01  1.216E+02  5.436E-03  3.805E-01
     844      1    140      1    133      1      54     2.9317E+02  1.273E+12  3.283E-01  1.185E+00
     845      1    140      1    139      1      54     5.0455E-01  1.530E+01  2.882E-03  2.224E-01
     846      1    141      1    124      1      54     9.8280E+02  1.059E+12  1.000E-30  3.174E+01
     847      1    141      1    129      1      54     4.8751E+02  4.076E+11  1.000E-30  1.833E+01
     851      1    141      1    135      1      54     1.8954E+02  1.307E+11  1.000E-30  1.152E+01
     853      1    142      1    123      1      54     1.0032E+03  8.601E+11  6.544E-03  7.788E+00
     854      1    142      1    125      1      54     9.7165E+02  3.236E+11  1.000E-30  1.011E+01
     856      1    142      1    128      1      54     5.0043E+02  2.610E+11  1.637E-02  7.718E+00
     857      1    142      1    130      1      54     4.8220E+02  1.474E+11  1.000E-30  5.845E+00
     859      1    142      1    134      1      54     1.9865E+02  6.182E+10  6.728E-02  7.611E+00
     861      1    142      1    136      1      54     1.8719E+02  5.362E+10  1.000E-30  4.887E+00
     863      1    142      1    141      1      54     3.4847E+00  1.503E+05  1.296E-01  1.917E+00
     864      1    143      1    124      1      54     9.9046E+02  1.602E+12  1.027E-03  3.173E+01
     865      1    143      1    126      1      54     9.6956E+02  1.001E+11  1.000E-30  5.067E+00
     866      1    143      1    129      1      54     4.9517E+02  4.785E+11  4.264E-03  1.833E+01
     869      1    143      1    131      1      54     4.8253E+02  6.111E+10  1.000E-30  2.934E+00
     872      1    143      1    135      1      54     1.9720E+02  1.138E+11  3.239E-02  9.470E+00
     874      1    143      1    137      1      54     1.8876E+02  2.758E+10  1.000E-30  1.005E+00
     877      1    143      1    142      1      54     4.1712E+00  3.422E+05  1.745E-02  5.474E+00
     878      1    144      1    125      1      54     9.7774E+02  2.272E+12  2.857E-03  1.011E+01
     879      1    144      1    127      1      54     9.6221E+02  2.088E+10  1.000E-30  3.097E+00
     881      1    144      1    130      1      54     4.8829E+02  6.980E+11  1.237E-02  5.849E+00
     882      1    144      1    132      1      54     4.7651E+02  2.177E+10  1.000E-30  1.790E+00
     884      1    144      1    136      1      54     1.9328E+02  1.535E+11  1.134E-01  2.575E+00
     885      1    144      1    138      1      54     1.8342E+02  1.259E+10  1.000E-30  3.644E-01
     887      1    144      1    143      1      54     1.9160E+00  1.452E+04  1.971E-02  1.277E+00
     888      1    145      1    126      1      54     9.7835E+02  2.610E+12  4.677E-03  5.070E+00
     890      1    145      1    131      1      54     4.9132E+02  9.394E+11  2.363E-02  2.935E+00
     891      1    145      1    133      1      54     4.8223E+02  5.631E+09  1.000E-30  1.218E+00
     893      1    145      1    137      1      54     1.9755E+02  2.063E+11  2.639E-01  1.160E+00
     894      1    145      1    139      1      54     1.8956E+02  6.426E+09  1.000E-30  1.944E-01
     896      1    145      1    144      1      54     6.8766E+00  3.366E+05  1.742E-02  5.152E-01
     897      1    146      1    127      1      54     9.6958E+02  1.876E+12  4.397E-03  3.096E+00
     898      1    146      1    132      1      54     4.8388E+02  9.984E+11  3.403E-02  1.790E+00
     899      1    146      1    138      1      54     1.9078E+02  2.083E+11  4.816E-01  6.583E-01
     900      1    146      1    140      1      54     1.8955E+02  1.970E+09  1.000E-30  1.342E-01
     901      1    146      1    145      1      54     4.8959E-01  5.159E+01  1.093E-02  2.670E-01
     902      1    147      1    133      1      54     4.8306E+02  8.367E+11  3.460E-02  1.214E+00
     903      1    147      1    139      1      54     1.9039E+02  2.232E+11  8.207E-01  4.261E-01
     904      1    147      1    146      1      54     3.3818E-01  8.627E+00  7.599E-03  1.596E-01
     905      1    148      1    140      1      54     1.9013E+02  2.280E+11  1.316E+00  2.992E-01
     906      1    148      1    147      1      54     2.4746E-01  1.350E+00  3.928E-03  1.034E-01
     907      1    149      1    124      1      54     1.1162E+03  8.166E+11  1.000E-30  3.175E+01
     908      1    149      1    129      1      54     6.2092E+02  3.461E+11  1.000E-30  1.834E+01
     910      1    149      1    135      1      54     3.2295E+02  1.456E+11  1.000E-30  1.154E+01
     913      1    149      1    142      1      54     1.2992E+02  4.994E+10  1.000E-30  7.741E+00
     915      1    150      1    123      1      54     1.1354E+03  6.893E+11  5.069E-03  5.532E+00
     916      1    150      1    125      1      54     1.1038E+03  2.432E+11  1.000E-30  1.014E+01
     917      1    150      1    128      1      54     6.3256E+02  2.364E+11  1.028E-02  5.462E+00
     918      1    150      1    130      1      54     6.1433E+02  1.209E+11  1.000E-30  5.871E+00
     919      1    150      1    134      1      54     3.3078E+02  8.088E+10  2.536E-02  5.413E+00
     921      1    150      1    136      1      54     3.1933E+02  5.739E+10  1.000E-30  2.939E+00
     923      1    150      1    141      1      54     1.3562E+02  2.040E+10  1.033E-01  5.371E+00
     925      1    150      1    143      1      54     1.2796E+02  2.144E+10  1.000E-30  3.518E+00
     927      1    150      1    149      1      54     2.2069E+00  3.698E+04  2.203E-01  1.200E+00
     928      1    151      1    124      1      54     1.1216E+03  1.269E+12  5.596E-04  3.173E+01
     929      1    151      1    126      1      54     1.1007E+03  7.196E+10  1.000E-30  5.093E+00
     930      1    151      1    129      1      54     6.2630E+02  4.287E+11  1.882E-03  1.833E+01
     931      1    151      1    131      1      54     6.1366E+02  4.718E+10  1.000E-30  2.959E+00
     933      1    151      1    135      1      54     3.2833E+02  1.450E+11  8.123E-03  1.007E+01
     935      1    151      1    137      1      54     3.1989E+02  2.716E+10  1.000E-30  6.725E-01
     937      1    151      1    142      1      54     1.3530E+02  3.755E+10  5.098E-02  6.300E+00
     939      1    151      1    144      1      54     1.2921E+02  1.196E+10  1.000E-30  7.504E-01
     941      1    151      1    150      1      54     3.1681E+00  1.733E+05  2.927E-02  3.834E+00
     942      1    152      1    125      1      54     1.1084E+03  1.741E+12  1.494E-03  1.014E+01
     943      1    152      1    127      1      54     1.0929E+03  1.410E+10  1.000E-30  3.121E+00
     944      1    152      1    130      1      54     6.1900E+02  6.111E+11  5.231E-03  5.874E+00
     945      1    152      1    132      1      54     6.0722E+02  1.571E+10  1.000E-30  1.815E+00
     947      1    152      1    136      1      54     3.2399E+02  2.058E+11  2.544E-02  2.920E+00
     948      1    152      1    138      1      54     3.1413E+02  1.173E+10  1.000E-30  4.037E-01
     950      1    152      1    143      1      54     1.3263E+02  4.721E+10  1.732E-01  1.712E+00
     951      1    152      1    145      1      54     1.2383E+02  5.778E+09  1.000E-30  2.842E-01
     953      1    152      1    151      1      54     1.4980E+00  7.946E+03  3.192E-02  9.177E-01
     954      1    153      1    126      1      54     1.1088E+03  1.865E+12  2.275E-03  5.093E+00
     955      1    153      1    131      1      54     6.2180E+02  7.696E+11  9.265E-03  2.960E+00
     956      1    153      1    133      1      54     6.1271E+02  3.578E+09  1.000E-30  1.242E+00
     958      1    153      1    137      1      54     3.2803E+02  2.799E+11  5.209E-02  1.383E+00
     959      1    153      1    139      1      54     3.2004E+02  4.938E+09  1.000E-30  3.139E-01
     961      1    153      1    144      1      54     1.3736E+02  6.225E+10  3.932E-01  7.764E-01
     962      1    153      1    146      1      54     1.2999E+02  3.789E+09  1.000E-30  1.519E-01
     963      1    153      1    152      1      54     6.6466E+00  3.603E+05  2.805E-02  3.819E-01
     964      1    154      1    127      1      54     1.0999E+03  1.184E+12  1.877E-03  3.120E+00
     965      1    154      1    132      1      54     6.1421E+02  7.352E+11  1.169E-02  1.814E+00
     966      1    154      1    138      1      54     3.2112E+02  3.004E+11  8.133E-02  8.171E-01
     967      1    154      1    140      1      54     3.1988E+02  1.234E+09  1.000E-30  2.552E-01
     968      1    154      1    145      1      54     1.3082E+02  5.635E+10  6.857E-01  4.431E-01
     969      1    154      1    147      1      54     1.3000E+02  1.749E+09  1.000E-30  1.024E-01
     970      1    154      1    153      1      54     3.4390E-01  2.267E+01  1.822E-02  2.057E-01
     971      1    155      1    133      1      54     6.1329E+02  4.865E+11  9.280E-03  1.238E+00
     972      1    155      1    139      1      54     3.2062E+02  3.077E+11  1.053E-01  5.464E-01
     973      1    155      1    146      1      54     1.3057E+02  5.697E+10  1.117E+00  2.895E-01
     974      1    155      1    148      1      54     1.2999E+02  5.425E+08  1.000E-30  8.009E-02
     975      1    155      1    154      1      54     2.3759E-01  4.235E+00  1.332E-02  1.286E-01
     976      1    156      1    124      1      54     1.2114E+03  6.300E+11  1.000E-30  3.175E+01
     977      1    156      1    129      1      54     7.1613E+02  2.802E+11  1.000E-30  1.835E+01
     978      1    156      1    135      1      54     4.1816E+02  1.300E+11  1.000E-30  1.157E+01
     980      1    156      1    142      1      54     2.2513E+02  5.868E+10  1.000E-30  7.764E+00
     983      1    156      1    150      1      54     9.3002E+01  2.130E+10  1.000E-30  5.458E+00
     985      1    157      1    123      1      54     1.2298E+03  5.449E+11  4.250E-03  4.101E+00
     986      1    157      1    125      1      54     1.1982E+03  1.839E+11  1.000E-30  1.016E+01
     987      1    157      1    128      1      54     7.2695E+02  1.993E+11  7.708E-03  4.031E+00
     988      1    157      1    130      1      54     7.0872E+02  9.564E+10  1.000E-30  5.893E+00
     989      1    157      1    134      1      54     4.2517E+02  7.779E+10  1.537E-02  3.988E+00
     990      1    157      1    136      1      54     4.1371E+02  4.967E+10  1.000E-30  2.065E+00
     991      1    157      1    141      1      54     2.3000E+02  2.903E+10  3.765E-02  3.959E+00
     993      1    157      1    143      1      54     2.2235E+02  2.438E+10  1.000E-30  2.240E+00
     995      1    157      1    149      1      54     9.6594E+01  7.527E+09  1.522E-01  3.933E+00
     997      1    157      1    151      1      54     9.1219E+01  9.333E+09  1.000E-30  2.625E+00
     999      1    157      1    156      1      54     1.3856E+00  8.307E+03  3.635E-01  7.446E-01
    1000      1    158      1    124      1      54     1.2153E+03  9.951E+11  3.442E-04  3.176E+01
    1001      1    158      1    126      1      54     1.1944E+03  5.284E+10  1.000E-30  5.115E+00
    1002      1    158      1    129      1      54     7.2004E+02  3.585E+11  1.033E-03  1.835E+01
    1003      1    158      1    131      1      54     7.0740E+02  3.593E+10  1.000E-30  2.981E+00
    1004      1    158      1    135      1      54     4.2207E+02  1.380E+11  3.467E-03  1.048E+01
    1005      1    158      1    137      1      54     4.1363E+02  2.239E+10  1.000E-30  8.413E-01
    1007      1    158      1    142      1      54     2.2904E+02  5.130E+10  1.285E-02  6.675E+00
    1009      1    158      1    144      1      54     2.2296E+02  1.270E+10  1.000E-30  4.898E-01
    1011      1    158      1    150      1      54     9.6914E+01  1.405E+10  7.665E-02  4.407E+00
    1012      1    158      1    152      1      54     9.2248E+01  5.530E+09  1.000E-30  5.907E-01
    1014      1    158      1    157      1      54     2.5273E+00  9.987E+04  4.654E-02  2.802E+00
    1015      1    159      1    125      1      54     1.2019E+03  1.336E+12  8.955E-04  1.016E+01
    1016      1    159      1    127      1      54     1.1864E+03  9.929E+09  1.000E-30  3.145E+00
    1017      1    159      1    130      1      54     7.1248E+02  5.023E+11  2.791E-03  5.896E+00
    1018      1    159      1    132      1      54     7.0070E+02  1.136E+10  1.000E-30  1.837E+00
    1019      1    159      1    136      1      54     4.1747E+02  1.948E+11  1.020E-02  3.147E+00
    1020      1    159      1    138      1      54     4.0761E+02  9.208E+09  1.000E-30  5.946E-01
    1022      1    159      1    143      1      54     2.2610E+02  7.062E+10  3.949E-02  1.933E+00
    1023      1    159      1    145      1      54     2.1731E+02  6.077E+09  1.000E-30  2.686E-01
    1025      1    159      1    151      1      54     9.4977E+01  1.647E+10  2.511E-01  1.209E+00
    1026      1    159      1    153      1      54     8.6832E+01  2.685E+09  1.000E-30  2.389E-01
    1028      1    159      1    158      1      54     1.2307E+00  4.910E+03  4.772E-02  6.950E-01
    1029      1    160      1    126      1      54     1.2022E+03  1.366E+12  1.298E-03  5.116E+00
    1030      1    160      1    131      1      54     7.1513E+02  6.043E+11  4.695E-03  2.981E+00
    1031      1    160      1    133      1      54     7.0604E+02  2.403E+09  1.000E-30  1.263E+00
    1032      1    160      1    137      1      54     4.2136E+02  2.558E+11  1.934E-02  1.533E+00
    1033      1    160      1    139      1      54     4.1337E+02  3.468E+09  1.000E-30  4.542E-01
    1035      1    160      1    144      1      54     2.3069E+02  9.685E+10  8.049E-02  9.199E-01
    1036      1    160      1    146      1      54     2.2332E+02  3.268E+09  1.000E-30  2.095E-01
    1037      1    160      1    152      1      54     9.9979E+01  2.179E+10  5.552E-01  5.568E-01
    1038      1    160      1    154      1      54     9.2988E+01  2.129E+09  1.000E-30  1.358E-01
    1039      1    160      1    159      1      54     6.4994E+00  3.853E+05  4.078E-02  3.064E-01
    1040      1    161      1    127      1      54     1.1932E+03  7.993E+11  9.825E-04  3.141E+00
    1041      1    161      1    132      1      54     7.0745E+02  5.349E+11  5.437E-03  1.835E+00
    1042      1    161      1    138      1      54     4.1436E+02  2.649E+11  2.751E-02  9.218E-01
    1043      1    161      1    140      1      54     4.1312E+02  7.675E+08  1.000E-30  3.605E-01
    1044      1    161      1    145      1      54     2.2406E+02  1.009E+11  1.251E-01  5.497E-01
    1045      1    161      1    147      1      54     2.2323E+02  1.295E+09  1.000E-30  1.744E-01
    1046      1    161      1    153      1      54     9.3583E+01  1.747E+10  9.045E-01  3.258E-01
    1047      1    161      1    155      1      54     9.3001E+01  1.180E+09  1.000E-30  9.434E-02
    1048      1    161      1    160      1      54     2.5061E-01  1.044E+01  2.523E-02  1.762E-01
    1049      1    162      1    133      1      54     7.0646E+02  3.080E+11  3.729E-03  1.259E+00
    1050      1    162      1    139      1      54     4.1380E+02  2.406E+11  3.005E-02  6.303E-01
    1051      1    162      1    146      1      54     2.2375E+02  1.087E+11  1.710E-01  3.722E-01
    1052      1    162      1    148      1      54     2.2316E+02  3.276E+08  1.000E-30  1.486E-01
    1053      1    162      1    154      1      54     9.3412E+01  1.735E+10  1.407E+00  2.189E-01
    1054      1    162      1    161      1      54     1.7317E-01  2.099E+00  1.800E-02  1.183E-01
