#  File format type:   4
#
#  SPECT3D transition powers file.
#  RUN NAME:  xe_750-1300_4mm
#  Total number of transitions   =     1380
#  Number of written transitions =      624
#  Plasma temperature (eV)       =     1.0000E+02
#  Mass density (g/cm3)          =     2.1803E-01
#  Cell areal density (g/cm2)    =     8.7214E-02
#  Material mass fractions       =     1.0000E+00
#  DCA material number fractions =     1.0000E+00
# -----------------------------------------------------
#
#
#   Trans.  Trans  Upper  Upper  Lower  Lower   Ioniz   Energy     Line Power Line Center Line Width
#   Index   Model  Level  Model  Level  Model   Stage   (eV)       (W/cm2)    Opt. Depth      eV
# --------------------------------------------------------------------------------------------------
       1      1      3      1      2      1      52     1.1982E+02  1.335E+11  5.424E-05  4.058E-02
       2      1      4      1      2      1      52     4.9234E+02  2.300E+12  1.342E+02  6.583E-02
       4      1      6      1      5      1      52     1.0651E+02  3.593E+11  3.158E-01  7.889E+01
       6      1      7      1      6      1      52     6.8034E+01  6.263E+10  4.406E-02  9.481E+01
       7      1      9      1      8      1      52     3.8672E+01  1.304E+10  1.034E+00  2.933E+01
       9      1     10      1      9      1      52     3.4641E+01  1.386E+10  2.840E-01  3.189E+01
      11      1     11      1     10      1      52     9.4480E+00  5.785E+07  1.037E-01  8.970E+00
      13      1     12      1      9      1      52     8.3242E+02  1.097E+15  1.000E-30  4.580E+01
      14      1     13      1      8      1      52     8.9349E+02  2.185E+14  2.554E+00  2.831E+01
      16      1     13      1     10      1      52     8.2018E+02  2.902E+14  1.000E-30  1.646E+01
      17      1     13      1     12      1      52     2.2396E+01  2.175E+09  2.434E+00  1.809E+01
      19      1     14      1      9      1      52     8.6975E+02  6.743E+14  1.448E+00  3.848E+01
      21      1     14      1     11      1      52     8.2566E+02  6.922E+13  1.000E-30  3.805E+00
      23      1     14      1     13      1      52     1.4925E+01  1.108E+09  4.884E-01  2.165E+01
      25      1     15      1     10      1      52     8.3968E+02  5.222E+14  4.578E+00  1.366E+01
      28      1     15      1     14      1      52     4.5752E+00  9.502E+06  2.838E-01  5.648E+00
      30      1     16      1     11      1      52     8.3260E+02  4.695E+14  1.136E+01  6.517E+00
      32      1     16      1     15      1      52     2.3647E+00  4.885E+05  1.217E-01  2.765E+00
      34      1     17      1      9      1      52     1.3019E+03  9.203E+14  1.000E-30  4.656E+01
      36      1     17      1     13      1      52     4.4709E+02  2.332E+14  1.000E-30  2.999E+01
      38      1     18      1      8      1      52     1.3534E+03  3.507E+14  1.102E+00  1.779E+01
      40      1     18      1     10      1      52     1.2800E+03  2.248E+14  1.000E-30  1.042E+01
      41      1     18      1     12      1      52     4.8226E+02  2.662E+13  4.357E+00  1.814E+01
      43      1     18      1     14      1      52     4.4493E+02  7.788E+13  1.000E-30  1.177E+01
      45      1     18      1     17      1      52     1.2770E+01  4.031E+08  4.170E+00  1.261E+01
      47      1     19      1      9      1      52     1.3234E+03  1.166E+15  3.334E-01  4.222E+01
      49      1     19      1     11      1      52     1.2793E+03  4.575E+13  1.000E-30  5.724E+00
      51      1     19      1     13      1      52     4.6860E+02  8.205E+13  2.146E+00  2.565E+01
      53      1     19      1     15      1      52     4.4910E+02  2.844E+13  1.000E-30  3.856E+00
      56      1     19      1     18      1      52     8.7378E+00  2.179E+08  9.203E-01  1.481E+01
      58      1     20      1     10      1      52     1.2912E+03  1.214E+15  8.038E-01  1.606E+01
      61      1     20      1     14      1      52     4.5609E+02  7.711E+13  6.897E+00  8.368E+00
      63      1     20      1     16      1      52     4.4915E+02  8.008E+12  1.000E-30  2.488E+00
      65      1     20      1     19      1      52     2.4178E+00  1.886E+06  3.577E-01  5.382E+00
      67      1     21      1     11      1      52     1.2829E+03  1.027E+15  1.200E+00  8.221E+00
      69      1     21      1     15      1      52     4.5271E+02  1.320E+14  1.366E+01  4.597E+00
      72      1     21      1     20      1      52     1.2002E+00  1.062E+05  1.422E-01  3.496E+00
      75      1     22      1     16      1      52     4.5135E+02  1.496E+14  2.388E+01  2.971E+00
      77      1     22      1     21      1      52     1.0028E+00  2.982E+04  6.433E-02  2.547E+00
      79      1     23      1     13      1      52     7.2854E+02  2.236E+14  1.000E-30  3.136E+01
      81      1     23      1     18      1      52     2.6868E+02  6.550E+13  1.000E-30  2.058E+01
      83      1     24      1     12      1      52     7.5883E+02  5.863E+13  1.550E+00  1.374E+01
      85      1     24      1     14      1      52     7.2151E+02  6.941E+13  1.000E-30  8.764E+00
      86      1     24      1     17      1      52     2.8935E+02  7.266E+12  5.824E+00  1.456E+01
      88      1     24      1     19      1      52     2.6784E+02  2.450E+13  1.000E-30  1.074E+01
      90      1     24      1     23      1      52     7.9016E+00  1.503E+08  4.850E+00  1.186E+01
      92      1     25      1     13      1      52     7.4204E+02  1.879E+14  4.991E-01  2.852E+01
      94      1     25      1     15      1      52     7.2254E+02  2.243E+13  1.000E-30  5.205E+00
      96      1     25      1     18      1      52     2.8218E+02  1.626E+13  3.113E+00  1.781E+01
      98      1     25      1     20      1      52     2.7102E+02  1.098E+13  1.000E-30  5.437E+00
     101      1     25      1     24      1      52     5.5989E+00  7.769E+07  1.203E+00  1.325E+01
     103      1     26      1     14      1      52     7.2843E+02  1.917E+14  1.232E+00  1.054E+01
     105      1     26      1     16      1      52     7.2149E+02  5.272E+12  1.000E-30  4.285E+00
     107      1     26      1     19      1      52     2.7476E+02  2.578E+13  6.630E+00  7.744E+00
     109      1     26      1     21      1      52     2.7114E+02  4.678E+12  1.000E-30  4.238E+00
     112      1     26      1     25      1      52     1.3194E+00  3.860E+05  2.839E-01  7.173E+00
     114      1     27      1     15      1      52     7.2446E+02  2.575E+14  1.756E+00  6.350E+00
     117      1     27      1     20      1      52     2.7295E+02  3.201E+13  9.267E+00  5.332E+00
     119      1     27      1     22      1      52     2.7075E+02  1.382E+12  1.000E-30  3.502E+00
     121      1     27      1     26      1      52     6.0740E-01  1.922E+04  1.034E-01  5.685E+00
     123      1     28      1     16      1      52     7.2273E+02  2.402E+14  1.720E+00  4.455E+00
     125      1     28      1     21      1      52     2.7238E+02  3.949E+13  1.272E+01  4.067E+00
     128      1     28      1     27      1      52     6.3240E-01  1.408E+04  5.730E-02  4.714E+00
     129      1     29      1     13      1      52     9.1039E+02  1.778E+14  1.000E-30  3.349E+01
     131      1     29      1     18      1      52     4.5053E+02  6.809E+13  1.000E-30  2.271E+01
     134      1     29      1     24      1      52     1.7396E+02  2.168E+13  1.000E-30  1.827E+01
     136      1     30      1     12      1      52     9.3797E+02  8.548E+13  7.025E-01  1.267E+01
     137      1     30      1     14      1      52     9.0065E+02  5.276E+13  1.000E-30  1.033E+01
     138      1     30      1     17      1      52     4.6848E+02  1.936E+13  1.604E+00  1.350E+01
     140      1     30      1     19      1      52     4.4698E+02  2.412E+13  1.000E-30  1.020E+01
     142      1     30      1     23      1      52     1.8704E+02  2.848E+12  5.734E+00  1.489E+01
     144      1     30      1     25      1      52     1.7354E+02  8.766E+12  1.000E-30  1.238E+01
     146      1     30      1     29      1      52     5.1810E+00  5.171E+07  4.059E+00  1.421E+01
     147      1     31      1     13      1      52     9.1941E+02  2.035E+14  1.837E-01  3.153E+01
     148      1     31      1     15      1      52     8.9991E+02  1.592E+13  1.000E-30  8.079E+00
     150      1     31      1     18      1      52     4.5956E+02  4.187E+13  6.625E-01  2.081E+01
     152      1     31      1     20      1      52     4.4840E+02  9.785E+12  1.000E-30  7.305E+00
     155      1     31      1     24      1      52     1.8298E+02  6.500E+12  3.214E+00  1.632E+01
     157      1     31      1     26      1      52     1.7606E+02  4.483E+12  1.000E-30  8.573E+00
     160      1     31      1     30      1      52     3.8407E+00  3.055E+07  1.136E+00  1.520E+01
     161      1     32      1     14      1      52     9.0519E+02  2.746E+14  3.536E-01  1.309E+01
     162      1     32      1     16      1      52     8.9825E+02  3.402E+12  1.000E-30  6.828E+00
     164      1     32      1     19      1      52     4.5152E+02  6.109E+13  1.067E+00  1.029E+01
     166      1     32      1     21      1      52     4.4790E+02  3.646E+12  1.000E-30  6.477E+00
     169      1     32      1     25      1      52     1.7808E+02  8.551E+12  4.276E+00  9.844E+00
     171      1     32      1     27      1      52     1.7615E+02  2.302E+12  1.000E-30  7.426E+00
     174      1     32      1     31      1      52     7.0280E-01  7.196E+04  1.956E-01  1.089E+01
     175      1     33      1     15      1      52     9.0089E+02  3.036E+14  3.825E-01  8.640E+00
     177      1     33      1     20      1      52     4.4938E+02  7.743E+13  1.166E+00  7.609E+00
     179      1     33      1     22      1      52     4.4717E+02  8.939E+11  1.000E-30  5.690E+00
     181      1     33      1     26      1      52     1.7704E+02  1.165E+13  4.613E+00  8.013E+00
     183      1     33      1     28      1      52     1.7580E+02  1.025E+12  1.000E-30  6.525E+00
     185      1     33      1     32      1      52     2.7490E-01  2.332E+03  7.262E-02  9.545E+00
     186      1     34      1     16      1      52     8.9895E+02  2.435E+14  2.564E-01  6.511E+00
     188      1     34      1     21      1      52     4.4860E+02  8.917E+13  1.125E+00  6.123E+00
     191      1     34      1     27      1      52     1.7685E+02  1.492E+13  5.322E+00  6.792E+00
     194      1     34      1     33      1      52     4.2420E-01  6.133E+03  4.370E-02  8.447E+00
     195      1     35      1     13      1      52     1.0346E+03  1.372E+14  1.000E-30  3.668E+01
     196      1     35      1     18      1      52     5.7478E+02  5.782E+13  1.000E-30  2.590E+01
     198      1     35      1     24      1      52     2.9820E+02  2.429E+13  1.000E-30  2.140E+01
     201      1     35      1     30      1      52     1.1906E+02  8.292E+12  1.000E-30  2.031E+01
     203      1     36      1     12      1      52     1.0606E+03  8.519E+13  3.029E-01  1.393E+01
     204      1     36      1     14      1      52     1.0233E+03  3.960E+13  1.000E-30  1.426E+01
     205      1     36      1     17      1      52     5.9109E+02  2.515E+13  5.671E-01  1.475E+01
     206      1     36      1     19      1      52     5.6958E+02  1.970E+13  1.000E-30  1.249E+01
     207      1     36      1     23      1      52     3.0964E+02  6.715E+12  1.252E+00  1.614E+01
     209      1     36      1     25      1      52     2.9614E+02  9.377E+12  1.000E-30  1.386E+01
     211      1     36      1     29      1      52     1.2779E+02  1.116E+12  4.321E+00  1.828E+01
     213      1     36      1     31      1      52     1.1877E+02  3.524E+12  1.000E-30  1.653E+01
     215      1     36      1     35      1      52     3.5433E+00  2.087E+07  2.980E+00  1.941E+01
     216      1     37      1     13      1      52     1.0410E+03  1.840E+14  6.856E-02  3.521E+01
     217      1     37      1     15      1      52     1.0215E+03  1.144E+13  1.000E-30  1.177E+01
     218      1     37      1     18      1      52     5.8110E+02  5.785E+13  1.885E-01  2.450E+01
     219      1     37      1     20      1      52     5.6995E+02  7.538E+12  1.000E-30  1.081E+01
     221      1     37      1     24      1      52     3.0452E+02  1.578E+13  5.393E-01  2.000E+01
     223      1     37      1     26      1      52     2.9760E+02  4.375E+12  1.000E-30  1.145E+01
     226      1     37      1     30      1      52     1.2539E+02  2.544E+12  2.255E+00  1.892E+01
     228      1     37      1     32      1      52     1.2084E+02  1.966E+12  1.000E-30  1.360E+01
     231      1     37      1     36      1      52     2.7803E+00  1.483E+07  9.005E-01  2.011E+01
     232      1     38      1     14      1      52     1.0264E+03  2.563E+14  8.294E-02  1.644E+01
     233      1     38      1     16      1      52     1.0194E+03  2.289E+12  1.000E-30  1.021E+01
     234      1     38      1     19      1      52     5.7269E+02  8.253E+13  1.939E-01  1.367E+01
     235      1     38      1     21      1      52     5.6908E+02  2.587E+12  1.000E-30  9.826E+00
     237      1     38      1     25      1      52     2.9925E+02  2.367E+13  4.825E-01  1.322E+01
     239      1     38      1     27      1      52     2.9733E+02  2.023E+12  1.000E-30  1.054E+01
     242      1     38      1     31      1      52     1.2188E+02  3.825E+12  2.025E+00  1.434E+01
     244      1     38      1     33      1      52     1.2090E+02  1.128E+12  1.000E-30  1.243E+01
     247      1     38      1     37      1      52     3.3030E-01  9.103E+03  1.366E-01  1.684E+01
     248      1     39      1     15      1      52     1.0219E+03  2.783E+14  4.691E-02  1.179E+01
     249      1     39      1     20      1      52     5.7035E+02  1.070E+14  1.198E-01  1.076E+01
     250      1     39      1     22      1      52     5.6815E+02  5.678E+11  1.000E-30  8.831E+00
     252      1     39      1     26      1      52     2.9801E+02  3.388E+13  3.408E-01  1.115E+01
     254      1     39      1     28      1      52     2.9677E+02  7.819E+11  1.000E-30  9.585E+00
     256      1     39      1     32      1      52     1.2125E+02  5.615E+12  1.691E+00  1.272E+01
     258      1     39      1     34      1      52     1.2055E+02  6.026E+11  1.000E-30  1.130E+01
     260      1     39      1     38      1      52     7.3900E-02  5.531E+01  5.225E-02  1.541E+01
     261      1     40      1     16      1      52     1.0198E+03  1.881E+14  7.249E-03  9.465E+00
     262      1     40      1     21      1      52     5.6945E+02  1.153E+14  3.567E-02  9.071E+00
     264      1     40      1     27      1      52     2.9770E+02  4.587E+13  1.759E-01  9.741E+00
     267      1     40      1     33      1      52     1.2127E+02  8.004E+12  1.462E+00  1.141E+01
     270      1     40      1     39      1      52     2.9800E-01  2.739E+03  3.270E-02  1.418E+01
     271      1     41      1     13      1      52     1.1233E+03  1.059E+14  1.000E-30  4.114E+01
     272      1     41      1     18      1      52     6.6340E+02  4.691E+13  1.000E-30  3.037E+01
     273      1     41      1     24      1      52     3.8682E+02  2.162E+13  1.000E-30  2.587E+01
     275      1     41      1     30      1      52     2.0768E+02  9.718E+12  1.000E-30  2.478E+01
     278      1     41      1     36      1      52     8.5076E+01  3.498E+12  1.000E-30  2.599E+01
     280      1     42      1     12      1      52     1.1482E+03  7.810E+13  1.014E-01  1.715E+01
     281      1     42      1     14      1      52     1.1108E+03  3.001E+13  1.000E-30  1.952E+01
     282      1     42      1     17      1      52     6.7867E+02  2.713E+13  1.709E-01  1.797E+01
     283      1     42      1     19      1      52     6.5716E+02  1.557E+13  1.000E-30  1.709E+01
     284      1     42      1     23      1      52     3.9722E+02  9.671E+12  3.107E-01  1.937E+01
     285      1     42      1     25      1      52     3.8372E+02  8.111E+12  1.000E-30  1.754E+01
     286      1     42      1     29      1      52     2.1536E+02  2.994E+12  7.084E-01  2.153E+01
     288      1     42      1     31      1      52     2.0634E+02  3.996E+12  1.000E-30  1.988E+01
     290      1     42      1     35      1      52     9.1119E+01  5.366E+11  2.686E+00  2.469E+01
     292      1     42      1     37      1      52     8.4795E+01  1.551E+12  1.000E-30  2.339E+01
     294      1     42      1     41      1      52     2.4992E+00  9.252E+06  2.106E+00  2.766E+01
     295      1     43      1     13      1      52     1.1279E+03  1.586E+14  1.000E-30  4.005E+01
     296      1     43      1     15      1      52     1.1084E+03  8.405E+12  1.000E-30  1.658E+01
     297      1     43      1     18      1      52     6.6800E+02  5.690E+13  1.000E-30  2.927E+01
     298      1     43      1     20      1      52     6.5684E+02  5.719E+12  1.000E-30  1.556E+01
     299      1     43      1     24      1      52     3.9142E+02  2.185E+13  1.000E-30  2.477E+01
     300      1     43      1     26      1      52     3.8450E+02  3.591E+12  1.000E-30  1.602E+01
     302      1     43      1     30      1      52     2.1228E+02  7.865E+12  4.079E-02  2.367E+01
     304      1     43      1     32      1      52     2.0774E+02  2.055E+12  1.000E-30  1.781E+01
     307      1     43      1     36      1      52     8.9678E+01  1.512E+12  7.024E-01  2.489E+01
     309      1     43      1     38      1      52     8.6568E+01  9.218E+11  1.000E-30  2.099E+01
     312      1     43      1     42      1      52     2.1031E+00  8.121E+06  6.937E-01  2.809E+01
     313      1     44      1     15      1      52     1.1084E+03  2.141E+14  1.000E-30  1.614E+01
     314      1     44      1     20      1      52     6.5688E+02  9.326E+13  1.000E-30  1.510E+01
     315      1     44      1     22      1      52     6.5468E+02  3.802E+11  1.000E-30  1.317E+01
     316      1     44      1     26      1      52     3.8454E+02  3.923E+13  1.000E-30  1.550E+01
     317      1     44      1     28      1      52     3.8330E+02  5.512E+11  1.000E-30  1.392E+01
     319      1     44      1     32      1      52     2.0778E+02  1.529E+13  1.000E-30  1.707E+01
     321      1     44      1     34      1      52     2.0708E+02  5.193E+11  1.000E-30  1.557E+01
     323      1     44      1     38      1      52     8.6605E+01  4.481E+12  1.000E-30  1.984E+01
     325      1     44      1     40      1      52     8.6233E+01  3.382E+11  1.000E-30  1.833E+01
     327      1     45      1     14      1      52     1.1130E+03  2.125E+14  1.000E-30  2.100E+01
     328      1     45      1     16      1      52     1.1061E+03  1.603E+12  1.000E-30  1.476E+01
     329      1     45      1     19      1      52     6.5935E+02  7.981E+13  1.000E-30  1.822E+01
     330      1     45      1     21      1      52     6.5574E+02  1.871E+12  1.000E-30  1.437E+01
     331      1     45      1     25      1      52     3.8591E+02  3.116E+13  1.000E-30  1.776E+01
     332      1     45      1     27      1      52     3.8399E+02  1.552E+12  1.000E-30  1.505E+01
     334      1     45      1     31      1      52     2.0854E+02  1.166E+13  1.000E-30  1.888E+01
     336      1     45      1     33      1      52     2.0756E+02  1.088E+12  1.000E-30  1.676E+01
     339      1     45      1     37      1      52     8.6990E+01  3.349E+12  1.000E-30  2.143E+01
     341      1     45      1     39      1      52     8.6586E+01  5.709E+11  1.000E-30  1.970E+01
     344      1     45      1     43      1      52     9.2200E-02  2.321E+02  9.933E-02  2.524E+01
     345      1     45      1     44      1      52     5.4600E-02  3.516E+01  1.000E-30  2.386E+01
     346      1     46      1     16      1      52     1.1062E+03  1.275E+14  1.000E-30  1.361E+01
     347      1     46      1     21      1      52     6.5590E+02  8.605E+13  1.000E-30  1.322E+01
     348      1     46      1     27      1      52     3.8415E+02  4.391E+13  1.000E-30  1.389E+01
     350      1     46      1     33      1      52     2.0772E+02  1.889E+13  1.000E-30  1.555E+01
     353      1     46      1     39      1      52     8.6749E+01  5.922E+12  1.000E-30  1.833E+01
     355      1     46      1     44      1      52     2.1720E-01  1.285E+03  2.462E-02  2.243E+01
     357      1     48      1     47      1      52     3.1750E+02  3.027E+12  2.165E-01  1.840E+02
     358      1     49      1     48      1      52     3.6284E+02  2.086E+13  1.191E-02  2.763E+02
     359      1     51      1     50      1      52     7.7750E-01  4.870E+04  1.013E-01  1.384E+02
     360      1     52      1     51      1      52     6.6689E+02  3.294E+14  1.000E-30  4.204E+02
     361      1     54      1     53      1      52     3.0082E+01  1.972E+10  1.000E-30  1.847E+02
     362      1     55      1     53      1      52     1.0120E+02  2.948E+11  2.873E-01  8.093E+01
     363      1     56      1     54      1      52     1.0442E+02  3.218E+11  3.194E-01  7.437E+01
     364      1     56      1     55      1      52     3.3297E+01  2.656E+10  1.000E-30  1.923E+02
     365      1     57      1     55      1      52     9.2670E+01  2.118E+11  5.083E-02  1.110E+02
     367      1     58      1     56      1      52     9.3608E+01  2.187E+11  5.328E-02  1.064E+02
     368      1     58      1     57      1      52     3.4235E+01  2.883E+10  1.000E-30  1.948E+02
     369      1     61      1     60      1      53     7.7081E+01  1.578E+10  9.399E-06  3.680E-02
     370      1     62      1     60      1      53     8.3045E+01  2.374E+10  1.000E-30  3.720E-02
     373      1     63      1     61      1      53     8.0094E+00  4.115E+04  1.000E-30  3.217E-02
     375      1     64      1     60      1      53     4.6515E+02  2.212E+12  8.502E+01  6.305E-02
     378      1     65      1     60      1      53     5.0090E+02  1.115E+13  1.675E-05  6.542E-02
     380      1     65      1     63      1      53     4.1581E+02  7.228E+11  1.723E+02  5.973E-02
     381      1     67      1     66      1      53     9.2071E+01  1.861E+11  3.605E-01  5.747E+01
     383      1     68      1     67      1      53     2.1266E+02  3.257E+12  6.869E-02  4.010E+01
     385      1     69      1     67      1      53     2.3259E+02  2.756E+12  1.000E-30  2.176E+01
     386      1     71      1     70      1      53     1.8245E+01  6.951E+08  1.317E+00  1.341E+01
     388      1     72      1     71      1      53     7.1086E+01  1.973E+11  5.128E-01  3.470E+01
     390      1     73      1     72      1      53     1.1156E+02  5.550E+11  1.010E+00  1.050E+01
     392      1     74      1     71      1      53     8.8734E+02  1.305E+15  1.000E-30  4.910E+01
     393      1     75      1     70      1      53     9.0769E+02  2.433E+14  2.410E+00  3.065E+01
     395      1     75      1     72      1      53     8.1835E+02  2.727E+14  1.000E-30  1.770E+01
     396      1     75      1     74      1      53     2.1014E+00  8.305E+05  3.876E+00  6.228E+00
     398      1     76      1     71      1      53     9.4411E+02  9.219E+14  1.420E+00  4.146E+01
     400      1     76      1     73      1      53     7.6146E+02  4.819E+13  1.000E-30  4.006E+00
     402      1     76      1     75      1      53     5.4666E+01  1.064E+11  1.506E+00  2.410E+01
     404      1     77      1     72      1      53     9.7713E+02  8.927E+14  4.777E+00  1.467E+01
     407      1     77      1     76      1      53     1.0411E+02  5.651E+11  5.443E+00  6.422E+00
     409      1     78      1     73      1      53     1.0763E+03  1.130E+15  1.321E+01  7.000E+00
     411      1     78      1     77      1      53     2.1071E+02  4.736E+12  6.956E+00  3.103E+00
     412      1     79      1     70      1      53     1.3871E+03  4.048E+14  1.002E+00  1.977E+01
     414      1     79      1     72      1      53     1.2978E+03  2.256E+14  1.000E-30  1.112E+01
     415      1     79      1     74      1      53     4.8154E+02  2.740E+13  4.116E+00  1.933E+01
     417      1     79      1     76      1      53     4.2478E+02  6.134E+13  1.000E-30  1.245E+01
     420      1     80      1     71      1      53     1.3753E+03  1.065E+15  1.000E-30  4.990E+01
     422      1     80      1     75      1      53     4.8588E+02  3.023E+14  1.000E-30  3.196E+01
     424      1     80      1     79      1      53     6.4349E+00  3.900E+08  1.000E-30  1.961E+01
     426      1     81      1     71      1      53     1.4208E+03  1.509E+15  3.213E-01  4.543E+01
     428      1     81      1     73      1      53     1.2382E+03  3.876E+13  1.000E-30  5.966E+00
     430      1     81      1     75      1      53     5.3137E+02  1.291E+14  2.219E+00  2.743E+01
     432      1     81      1     77      1      53     3.7259E+02  1.303E+13  1.000E-30  3.927E+00
     434      1     81      1     79      1      53     5.1923E+01  9.744E+10  4.689E+00  1.604E+01
     438      1     82      1     76      1      53     5.7966E+02  1.709E+14  8.024E+00  8.818E+00
     440      1     82      1     78      1      53     2.6484E+02  9.350E+11  1.000E-30  2.478E+00
     442      1     82      1     81      1      53     1.0296E+02  1.408E+12  1.378E+01  5.767E+00
     443      1     83      1     74      1      53     7.7070E+02  6.243E+13  1.468E+00  1.469E+01
     445      1     83      1     76      1      53     7.1393E+02  6.311E+13  1.000E-30  9.048E+00
     447      1     83      1     80      1      53     2.8272E+02  6.539E+12  5.511E+00  1.516E+01
     448      1     83      1     81      1      53     2.3723E+02  1.429E+13  1.000E-30  1.107E+01
     451      1     84      1     75      1      53     7.7945E+02  2.738E+14  1.000E-30  3.328E+01
     452      1     84      1     79      1      53     3.0001E+02  9.396E+13  1.000E-30  2.157E+01
     455      1     84      1     83      1      53     1.0851E+01  2.739E+09  1.000E-30  1.708E+01
     457      1     85      1     75      1      53     8.2063E+02  2.718E+14  5.069E-01  3.032E+01
     459      1     85      1     77      1      53     6.6185E+02  1.527E+13  1.000E-30  5.208E+00
     460      1     85      1     79      1      53     3.4119E+02  3.084E+13  3.513E+00  1.868E+01
     463      1     85      1     82      1      53     1.8630E+02  2.370E+12  1.000E-30  5.368E+00
     464      1     85      1     83      1      53     5.2031E+01  2.175E+11  1.007E+01  1.387E+01
     467      1     86      1     77      1      53     6.7729E+02  4.327E+14  1.891E+01  4.791E+00
     470      1     86      1     82      1      53     2.0174E+02  1.083E+13  1.575E+01  3.618E+00
     473      1     87      1     78      1      53     5.1236E+02  2.324E+14  2.550E+01  3.079E+00
     475      1     87      1     86      1      53     4.5782E+01  4.860E+10  2.879E+00  2.579E+00
     477      1     88      1     76      1      53     8.6948E+02  3.499E+14  1.367E+00  1.101E+01
     479      1     88      1     78      1      53     5.5466E+02  1.785E+12  1.000E-30  4.271E+00
     481      1     88      1     81      1      53     3.9278E+02  8.945E+13  9.033E+00  7.892E+00
     484      1     88      1     85      1      53     1.0351E+02  2.475E+12  1.945E+01  7.270E+00
     485      1     88      1     86      1      53     8.8076E+01  7.425E+10  1.000E-30  4.122E+00
     487      1     89      1     74      1      53     9.5869E+02  9.337E+13  6.757E-01  1.354E+01
     488      1     89      1     76      1      53     9.0192E+02  5.048E+13  1.000E-30  1.049E+01
     490      1     89      1     80      1      53     4.7071E+02  1.975E+13  1.580E+00  1.389E+01
     491      1     89      1     81      1      53     4.2522E+02  1.880E+13  1.000E-30  1.023E+01
     494      1     89      1     84      1      53     1.7714E+02  2.360E+12  5.457E+00  1.510E+01
     495      1     89      1     85      1      53     1.3596E+02  3.144E+12  1.000E-30  1.241E+01
     497      1     90      1     75      1      53     9.7022E+02  2.148E+14  1.000E-30  3.540E+01
     498      1     90      1     79      1      53     4.9078E+02  8.953E+13  1.000E-30  2.369E+01
     501      1     90      1     83      1      53     2.0163E+02  3.628E+13  1.000E-30  1.869E+01
     504      1     90      1     89      1      53     1.3639E+01  4.680E+09  1.000E-30  1.393E+01
     505      1     91      1     75      1      53     1.0099E+03  2.855E+14  1.873E-01  3.330E+01
     506      1     91      1     77      1      53     8.5110E+02  1.229E+13  1.000E-30  8.056E+00
     507      1     91      1     79      1      53     5.3043E+02  6.926E+13  7.201E-01  2.166E+01
     510      1     91      1     82      1      53     3.7555E+02  4.642E+12  1.000E-30  7.120E+00
     511      1     91      1     83      1      53     2.4127E+02  1.719E+13  4.107E+00  1.666E+01
     515      1     91      1     88      1      53     8.5729E+01  2.430E+11  1.000E-30  8.348E+00
     516      1     91      1     89      1      53     5.3287E+01  3.501E+11  1.489E+01  1.531E+01
     518      1     92      1     74      1      53     1.0879E+03  9.316E+13  3.020E-01  1.486E+01
     519      1     92      1     76      1      53     1.0312E+03  3.881E+13  1.000E-30  1.435E+01
     520      1     92      1     80      1      53     5.9995E+02  2.632E+13  5.743E-01  1.498E+01
     521      1     92      1     81      1      53     5.5446E+02  1.684E+13  1.000E-30  1.234E+01
     523      1     92      1     84      1      53     3.0638E+02  6.359E+12  1.262E+00  1.613E+01
     524      1     92      1     85      1      53     2.6520E+02  5.727E+12  1.000E-30  1.364E+01
     527      1     92      1     90      1      53     1.1560E+02  7.713E+11  4.093E+00  1.815E+01
     528      1     92      1     91      1      53     7.5952E+01  5.605E+11  1.000E-30  1.625E+01
     529      1     93      1     75      1      53     1.1014E+03  1.651E+14  1.000E-30  3.848E+01
     530      1     93      1     79      1      53     6.2192E+02  7.447E+13  1.000E-30  2.677E+01
     531      1     93      1     83      1      53     3.3276E+02  3.517E+13  1.000E-30  2.177E+01
     534      1     93      1     89      1      53     1.4478E+02  1.669E+13  1.000E-30  2.034E+01
     537      1     93      1     92      1      53     1.5538E+01  1.958E+10  1.000E-30  2.145E+01
     538      1     94      1     76      1      53     1.0597E+03  4.839E+14  3.945E-01  1.354E+01
     539      1     94      1     78      1      53     7.4491E+02  1.555E+12  1.000E-30  6.774E+00
     541      1     94      1     81      1      53     5.8303E+02  1.493E+14  1.352E+00  1.040E+01
     544      1     94      1     85      1      53     2.9377E+02  4.895E+13  6.998E+00  9.754E+00
     545      1     94      1     86      1      53     2.7833E+02  5.249E+11  1.000E-30  6.298E+00
     549      1     94      1     91      1      53     1.0453E+02  4.423E+12  2.127E+01  1.073E+01
     552      1     95      1     77      1      53     9.6122E+02  6.995E+14  2.212E+00  6.544E+00
     555      1     95      1     82      1      53     4.8567E+02  2.386E+14  1.617E+01  5.339E+00
     558      1     95      1     87      1      53     2.3815E+02  7.983E+11  1.000E-30  3.409E+00
     559      1     95      1     88      1      53     1.9586E+02  1.948E+13  1.882E+01  5.645E+00
     561      1     95      1     94      1      53     5.5996E+00  1.727E+07  9.733E-02  7.190E+00
     562      1     96      1     75      1      53     1.1409E+03  2.547E+14  7.314E-02  3.694E+01
     563      1     96      1     77      1      53     9.8211E+02  9.433E+12  1.000E-30  1.168E+01
     564      1     96      1     79      1      53     6.6145E+02  9.220E+13  2.129E-01  2.523E+01
     565      1     96      1     82      1      53     5.0657E+02  4.548E+12  1.000E-30  1.053E+01
     566      1     96      1     83      1      53     3.7229E+02  3.197E+13  6.645E-01  2.023E+01
     569      1     96      1     88      1      53     2.1675E+02  1.187E+12  1.000E-30  1.108E+01
     570      1     96      1     89      1      53     1.8430E+02  9.728E+12  3.393E+00  1.883E+01
     573      1     96      1     92      1      53     5.5065E+01  6.061E+11  1.763E+01  1.981E+01
     575      1     96      1     94      1      53     2.6491E+01  4.262E+09  1.000E-30  1.317E+01
     578      1     97      1     78      1      53     7.9354E+02  3.283E+14  1.812E+00  4.544E+00
     580      1     97      1     86      1      53     3.2696E+02  7.284E+13  1.506E+01  4.022E+00
     584      1     97      1     95      1      53     4.3029E+01  9.882E+10  3.870E+00  4.626E+00
     585      1     98      1     74      1      53     1.1808E+03  8.565E+13  1.094E-01  1.822E+01
     586      1     98      1     76      1      53     1.1240E+03  2.987E+13  1.000E-30  1.952E+01
     587      1     98      1     80      1      53     6.9278E+02  2.869E+13  1.900E-01  1.809E+01
     588      1     98      1     81      1      53     6.4729E+02  1.396E+13  1.000E-30  1.679E+01
     589      1     98      1     84      1      53     3.9921E+02  9.547E+12  3.449E-01  1.915E+01
     590      1     98      1     85      1      53     3.5803E+02  5.845E+12  1.000E-30  1.710E+01
     592      1     98      1     90      1      53     2.0843E+02  2.571E+12  7.340E-01  2.116E+01
     593      1     98      1     91      1      53     1.6878E+02  1.702E+12  1.000E-30  1.936E+01
     595      1     98      1     93      1      53     7.7294E+01  2.902E+11  2.468E+00  2.417E+01
     597      1     98      1     96      1      53     3.7767E+01  5.781E+10  1.000E-30  2.276E+01
     598      1     99      1     75      1      53     1.1956E+03  1.277E+14  1.000E-30  4.279E+01
     599      1     99      1     79      1      53     7.1611E+02  5.976E+13  1.000E-30  3.108E+01
     600      1     99      1     83      1      53     4.2696E+02  3.007E+13  1.000E-30  2.608E+01
     601      1     99      1     89      1      53     2.3897E+02  1.592E+13  1.000E-30  2.465E+01
     604      1     99      1     92      1      53     1.0973E+02  8.925E+12  1.000E-30  2.557E+01
     607      1     99      1     98      1      53     1.6897E+01  5.185E+10  1.000E-30  2.870E+01
     608      1    100      1     75      1      53     1.2357E+03  2.194E+14  3.564E-03  4.161E+01
     609      1    100      1     77      1      53     1.0769E+03  7.233E+12  1.000E-30  1.634E+01
     610      1    100      1     79      1      53     7.5626E+02  8.942E+13  1.010E-02  2.990E+01
     611      1    100      1     82      1      53     6.0138E+02  3.895E+12  1.000E-30  1.515E+01
     612      1    100      1     83      1      53     4.6710E+02  4.159E+13  3.314E-02  2.490E+01
     613      1    100      1     88      1      53     3.1156E+02  1.491E+12  1.000E-30  1.550E+01
     614      1    100      1     89      1      53     2.7912E+02  2.076E+13  1.508E-01  2.345E+01
     617      1    100      1     92      1      53     1.4988E+02  8.837E+12  1.459E+00  2.440E+01
     619      1    100      1     94      1      53     1.2130E+02  2.302E+11  1.000E-30  1.719E+01
     621      1    100      1     98      1      53     5.7044E+01  1.048E+12  1.888E+01  2.737E+01
     623      1    101      1     76      1      53     1.1918E+03  4.403E+14  1.036E-01  1.678E+01
     624      1    101      1     78      1      53     8.7698E+02  1.213E+12  1.000E-30  1.006E+01
     625      1    101      1     81      1      53     7.1510E+02  1.833E+14  2.629E-01  1.368E+01
     627      1    101      1     85      1      53     4.2583E+02  8.128E+13  7.540E-01  1.303E+01
     628      1    101      1     86      1      53     4.1039E+02  6.768E+11  1.000E-30  9.546E+00
     631      1    101      1     91      1      53     2.3659E+02  3.853E+13  4.110E+00  1.399E+01
     634      1    101      1     95      1      53     1.2646E+02  8.029E+10  1.000E-30  1.018E+01
     635      1    101      1     96      1      53     1.0557E+02  7.529E+12  2.189E+01  1.638E+01
     638      1    101      1    100      1      53     1.0760E+01  1.618E+08  9.284E-02  2.025E+01
     639      1    102      1     77      1      53     1.1469E+03  7.258E+14  4.814E-01  8.776E+00
     641      1    102      1     82      1      53     6.7131E+02  3.156E+14  1.760E+00  7.564E+00
     644      1    102      1     87      1      53     4.2378E+02  6.958E+11  1.000E-30  5.532E+00
     645      1    102      1     88      1      53     3.8149E+02  1.647E+14  9.919E+00  7.851E+00
     647      1    102      1     94      1      53     1.9123E+02  3.286E+13  1.889E+01  9.313E+00
     650      1    102      1     97      1      53     1.4260E+02  4.262E+11  1.000E-30  6.303E+00
     652      1    102      1    101      1      53     5.9168E+01  2.507E+10  8.345E-02  1.200E+01
     653      1    103      1     76      1      53     1.2875E+03  3.667E+14  1.000E-30  2.123E+01
     654      1    103      1     78      1      53     9.7272E+02  9.305E+11  1.000E-30  1.446E+01
     655      1    103      1     81      1      53     8.1083E+02  1.757E+14  1.000E-30  1.808E+01
     656      1    103      1     85      1      53     5.2157E+02  1.003E+14  1.000E-30  1.742E+01
     657      1    103      1     86      1      53     5.0613E+02  6.398E+11  1.000E-30  1.394E+01
     659      1    103      1     91      1      53     3.3233E+02  7.245E+13  1.000E-30  1.838E+01
     662      1    103      1     95      1      53     2.2220E+02  1.744E+11  1.000E-30  1.454E+01
     663      1    103      1     96      1      53     2.0131E+02  7.610E+13  2.337E-01  2.075E+01
     665      1    103      1    100      1      53     1.0650E+02  1.211E+13  2.225E+01  2.461E+01
     667      1    103      1    102      1      53     3.6571E+01  2.521E+09  1.000E-30  1.615E+01
     668      1    104      1     78      1      53     9.7661E+02  3.211E+14  2.805E-01  6.549E+00
     670      1    104      1     86      1      53     5.1003E+02  1.345E+14  1.335E+00  6.021E+00
     674      1    104      1     95      1      53     2.2610E+02  3.383E+13  7.053E+00  6.616E+00
     677      1    104      1    102      1      53     4.0464E+01  1.590E+11  4.154E+00  8.191E+00
     679      1    105      1     77      1      53     1.2750E+03  6.339E+14  7.464E-02  1.183E+01
     680      1    105      1     82      1      53     7.9944E+02  3.703E+14  2.155E-01  1.062E+01
     682      1    105      1     87      1      53     5.5191E+02  4.889E+11  1.000E-30  8.584E+00
     683      1    105      1     88      1      53     5.0962E+02  2.295E+14  6.949E-01  1.090E+01
     685      1    105      1     94      1      53     3.1936E+02  1.571E+14  4.505E+00  1.236E+01
     688      1    105      1     97      1      53     2.7073E+02  5.233E+11  1.000E-30  9.265E+00
     690      1    105      1    101      1      53     1.8730E+02  5.116E+13  1.872E+01  1.500E+01
     692      1    105      1    103      1      53     9.1560E+01  4.230E+10  3.264E-02  1.900E+01
     693      1    105      1    104      1      53     8.7667E+01  1.622E+11  1.000E-30  1.091E+01
     694      1    106      1     78      1      53     1.1024E+03  2.440E+14  1.991E-02  9.405E+00
     695      1    106      1     86      1      53     6.3583E+02  1.653E+14  8.351E-02  8.877E+00
     698      1    106      1     95      1      53     3.5190E+02  7.779E+13  3.218E-01  9.471E+00
     701      1    106      1    102      1      53     1.6626E+02  2.235E+13  2.364E+00  1.104E+01
     704      1    106      1    105      1      53     3.8133E+01  2.271E+11  4.170E+00  1.370E+01
     705      1    107      1     77      1      53     1.3672E+03  4.747E+14  1.000E-30  1.603E+01
     706      1    107      1     82      1      53     8.9170E+02  3.048E+14  1.000E-30  1.482E+01
     707      1    107      1     87      1      53     6.4417E+02  3.455E+11  1.000E-30  1.278E+01
     708      1    107      1     88      1      53     6.0188E+02  2.271E+14  1.000E-30  1.510E+01
     710      1    107      1     94      1      53     4.1162E+02  2.248E+14  1.000E-30  1.655E+01
     712      1    107      1     97      1      53     3.6299E+02  4.273E+11  1.000E-30  1.345E+01
     714      1    107      1    101      1      53     2.7956E+02  4.058E+14  1.000E-30  1.918E+01
     716      1    107      1    103      1      53     1.8382E+02  7.496E+13  1.834E+01  2.316E+01
     717      1    107      1    104      1      53     1.7993E+02  2.854E+11  1.000E-30  1.501E+01
     719      1    107      1    106      1      53     5.4126E+01  5.075E+10  1.000E-30  1.767E+01
     720      1    108      1     78      1      53     1.1926E+03  1.657E+14  1.000E-30  1.340E+01
     721      1    108      1     86      1      53     7.2599E+02  1.244E+14  1.000E-30  1.288E+01
     723      1    108      1     95      1      53     4.4206E+02  7.354E+13  1.000E-30  1.347E+01
     725      1    108      1    102      1      53     2.5642E+02  4.224E+13  1.000E-30  1.503E+01
     728      1    108      1    105      1      53     1.2829E+02  2.711E+13  1.000E-30  1.769E+01
     730      1    108      1    107      1      53     3.6034E+01  3.024E+11  4.086E+00  2.163E+01
     731      1    110      1    109      1      53     1.0325E+02  7.412E+11  1.000E-30  3.597E+02
     732      1    111      1    109      1      53     6.2828E+02  1.841E+14  1.393E-02  4.026E+02
     733      1    114      1    113      1      54     7.1415E+00  2.261E+06  1.000E-30  3.123E-02
     735      1    115      1    114      1      54     4.2027E+02  1.215E+12  1.184E+02  5.910E-02
     736      1    117      1    116      1      54     8.2284E+01  1.423E+10  6.659E+01  1.795E-01
     737      1    118      1    117      1      54     6.5579E+01  5.033E+10  3.748E-02  9.914E+01
     739      1    120      1    119      1      54     2.7707E+01  1.034E+09  2.294E+01  5.774E-01
     740      1    121      1    120      1      54     3.4184E+01  1.276E+10  2.310E-01  3.579E+01
     743      1    122      1    121      1      54     1.1729E+01  1.277E+08  1.026E-01  1.046E+01
     745      1    124      1    119      1      54     9.4819E+02  2.919E+14  2.394E+00  3.233E+01
     746      1    124      1    121      1      54     8.8629E+02  3.552E+14  1.000E-30  1.861E+01
     747      1    123      1    120      1      54     9.0352E+02  1.297E+15  1.000E-30  5.248E+01
     749      1    124      1    123      1      54     1.6956E+01  4.628E+08  1.418E+01  1.450E+00
     750      1    125      1    120      1      54     9.3511E+02  9.133E+14  1.292E+00  4.391E+01
     753      1    125      1    122      1      54     8.8920E+02  8.655E+13  1.000E-30  4.222E+00
     754      1    125      1    124      1      54     1.4632E+01  1.009E+09  4.083E-01  2.368E+01
     757      1    126      1    121      1      54     9.0719E+02  7.294E+14  3.983E+00  1.575E+01
     759      1    126      1    125      1      54     6.2624E+00  2.985E+07  3.188E-01  6.355E+00
     761      1    127      1    122      1      54     9.0472E+02  6.342E+14  1.006E+01  7.437E+00
     763      1    127      1    126      1      54     9.2648E+00  4.084E+07  1.765E-01  2.988E+00
     765      1    129      1    121      1      54     1.3816E+03  2.754E+14  1.000E-30  1.169E+01
     767      1    129      1    123      1      54     5.1224E+02  3.461E+13  4.193E+00  2.033E+01
     768      1    129      1    125      1      54     4.8065E+02  9.543E+13  1.000E-30  1.295E+01
     770      1    128      1    120      1      54     1.4063E+03  1.086E+15  1.000E-30  5.315E+01
     772      1    128      1    124      1      54     4.8585E+02  2.786E+14  1.000E-30  3.400E+01
     775      1    129      1    128      1      54     9.4325E+00  1.233E+08  8.061E+00  3.035E+00
     777      1    130      1    120      1      54     1.4246E+03  4.982E+14  1.740E+00  5.301E+00
     779      1    130      1    122      1      54     1.3787E+03  5.761E+13  1.000E-30  6.235E+00
     780      1    130      1    124      1      54     5.0408E+02  1.110E+14  1.944E+00  2.897E+01
     783      1    130      1    126      1      54     4.8319E+02  3.555E+13  1.000E-30  3.998E+00
     785      1    130      1    129      1      54     8.7978E+00  2.222E+08  7.996E-01  1.587E+01
     788      1    131      1    121      1      54     1.3942E+03  1.625E+15  7.087E-01  1.837E+01
     790      1    131      1    125      1      54     4.9329E+02  9.544E+13  6.262E+00  9.289E+00
     791      1    131      1    127      1      54     4.7777E+02  9.559E+12  1.000E-30  2.467E+00
     793      1    131      1    130      1      54     3.8408E+00  1.008E+07  5.055E-01  5.663E+00
     795      1    132      1    122      1      54     1.3904E+03  1.398E+15  1.072E+00  9.268E+00
     797      1    132      1    126      1      54     4.9497E+02  1.344E+14  1.295E+01  4.949E+00
     799      1    132      1    131      1      54     7.9348E+00  4.803E+07  2.482E-01  3.492E+00
     800      1    133      1    127      1      54     4.8686E+02  1.912E+14  2.299E+01  3.143E+00
     801      1    133      1    132      1      54     1.1594E+00  4.899E+04  7.283E-02  2.483E+00
     802      1    134      1    124      1      54     7.8763E+02  2.659E+14  1.000E-30  3.524E+01
     804      1    134      1    129      1      54     2.9235E+02  7.821E+13  1.000E-30  2.268E+01
     808      1    135      1    123      1      54     8.1021E+02  7.423E+13  1.507E+00  1.501E+01
     809      1    135      1    125      1      54     7.7862E+02  8.522E+13  1.000E-30  1.347E+01
     811      1    135      1    128      1      54     3.0740E+02  8.616E+12  5.831E+00  1.571E+01
     812      1    135      1    130      1      54     2.8917E+02  2.994E+13  1.000E-30  9.999E+00
     814      1    135      1    134      1      54     5.6221E+00  4.079E+07  4.521E+00  8.698E+00
     815      1    136      1    124      1      54     7.9909E+02  2.528E+14  4.108E-01  3.507E+01
     818      1    136      1    126      1      54     7.7820E+02  2.816E+13  1.000E-30  8.204E+00
     819      1    136      1    129      1      54     3.0380E+02  2.152E+13  2.544E+00  2.250E+01
     822      1    136      1    131      1      54     2.9116E+02  1.363E+13  1.000E-30  6.819E+00
     825      1    136      1    135      1      54     5.8334E+00  8.626E+07  1.126E+00  1.372E+01
     827      1    137      1    125      1      54     7.8707E+02  2.579E+14  1.010E+00  1.314E+01
     828      1    137      1    127      1      54     7.7154E+02  6.446E+12  1.000E-30  5.896E+00
     830      1    137      1    130      1      54     2.9761E+02  3.547E+13  5.590E+00  9.681E+00
     831      1    137      1    132      1      54     2.8584E+02  5.378E+12  1.000E-30  5.269E+00
     833      1    137      1    136      1      54     2.6080E+00  4.260E+06  4.726E-01  7.056E+00
     835      1    138      1    126      1      54     7.8806E+02  2.968E+14  1.520E+00  7.718E+00
     837      1    138      1    131      1      54     3.0103E+02  4.538E+13  8.717E+00  6.332E+00
     838      1    138      1    133      1      54     2.9194E+02  1.740E+12  1.000E-30  4.194E+00
     840      1    138      1    137      1      54     7.2571E+00  5.382E+07  1.967E-01  5.427E+00
     841      1    139      1    127      1      54     7.7953E+02  3.147E+14  1.531E+00  5.288E+00
     842      1    139      1    132      1      54     2.9383E+02  5.042E+13  1.217E+01  4.661E+00
     843      1    139      1    138      1      54     7.3047E-01  2.305E+04  6.597E-02  4.447E+00
     844      1    140      1    133      1      54     2.9317E+02  5.819E+13  1.791E+01  3.498E+00
     845      1    140      1    139      1      54     5.0455E-01  2.996E+03  2.477E-02  3.595E+00
     846      1    141      1    124      1      54     9.8280E+02  2.117E+14  1.000E-30  3.724E+01
     847      1    141      1    129      1      54     4.8751E+02  8.153E+13  1.000E-30  2.466E+01
     851      1    141      1    135      1      54     1.8954E+02  2.614E+13  1.000E-30  1.918E+01
     853      1    142      1    123      1      54     1.0032E+03  1.086E+14  7.161E-01  1.328E+01
     854      1    142      1    125      1      54     9.7165E+02  6.473E+13  1.000E-30  1.552E+01
     856      1    142      1    128      1      54     5.0043E+02  2.455E+13  1.666E+00  1.404E+01
     857      1    142      1    130      1      54     4.8220E+02  2.948E+13  1.000E-30  1.205E+01
     859      1    142      1    134      1      54     1.9865E+02  3.557E+12  6.153E+00  1.527E+01
     861      1    142      1    136      1      54     1.8719E+02  1.072E+13  1.000E-30  1.240E+01
     863      1    142      1    141      1      54     3.4847E+00  1.226E+07  3.307E+00  1.162E+01
     864      1    143      1    124      1      54     9.9046E+02  2.624E+14  1.615E-01  3.705E+01
     865      1    143      1    126      1      54     9.6956E+02  2.002E+13  1.000E-30  1.022E+01
     866      1    143      1    129      1      54     4.9517E+02  5.581E+13  5.841E-01  2.447E+01
     869      1    143      1    131      1      54     4.8253E+02  1.222E+13  1.000E-30  8.832E+00
     872      1    143      1    135      1      54     1.9720E+02  8.275E+12  3.263E+00  1.695E+01
     874      1    143      1    137      1      54     1.8876E+02  5.517E+12  1.000E-30  8.152E+00
     877      1    143      1    142      1      54     4.1712E+00  3.757E+07  1.119E+00  1.500E+01
     878      1    144      1    125      1      54     9.7774E+02  3.202E+14  3.237E-01  1.509E+01
     879      1    144      1    127      1      54     9.6221E+02  4.176E+12  1.000E-30  7.840E+00
     881      1    144      1    130      1      54     4.8829E+02  7.863E+13  1.022E+00  1.162E+01
     882      1    144      1    132      1      54     4.7651E+02  4.354E+12  1.000E-30  7.212E+00
     884      1    144      1    136      1      54     1.9328E+02  1.068E+13  4.563E+00  9.653E+00
     885      1    144      1    138      1      54     1.8342E+02  2.517E+12  1.000E-30  6.953E+00
     887      1    144      1    143      1      54     1.9160E+00  2.266E+06  3.553E-01  1.036E+01
     888      1    145      1    126      1      54     9.7835E+02  3.921E+14  3.794E-01  9.564E+00
     890      1    145      1    131      1      54     4.9132E+02  1.005E+14  1.227E+00  8.179E+00
     891      1    145      1    133      1      54     4.8223E+02  1.126E+12  1.000E-30  6.041E+00
     893      1    145      1    137      1      54     1.9755E+02  1.553E+13  5.389E+00  7.652E+00
     894      1    145      1    139      1      54     1.8956E+02  1.285E+12  1.000E-30  6.078E+00
     896      1    145      1    144      1      54     6.8766E+00  6.107E+07  1.385E-01  8.948E+00
     897      1    146      1    127      1      54     9.6958E+02  3.027E+14  2.688E-01  7.016E+00
     898      1    146      1    132      1      54     4.8388E+02  1.078E+14  1.243E+00  6.389E+00
     899      1    146      1    138      1      54     1.9078E+02  1.761E+13  6.104E+00  6.424E+00
     900      1    146      1    140      1      54     1.8955E+02  3.940E+11  1.000E-30  5.207E+00
     901      1    146      1    145      1      54     4.8959E-01  9.997E+03  5.026E-02  7.878E+00
     902      1    147      1    133      1      54     4.8306E+02  9.831E+13  9.907E-01  5.082E+00
     903      1    147      1    139      1      54     1.9039E+02  2.159E+13  7.435E+00  5.354E+00
     904      1    147      1    146      1      54     3.3818E-01  1.705E+03  2.377E-02  6.815E+00
     905      1    148      1    140      1      54     1.9013E+02  2.518E+13  9.833E+00  4.319E+00
     906      1    148      1    147      1      54     2.4746E-01  2.686E+02  9.478E-03  5.707E+00
     907      1    149      1    124      1      54     1.1162E+03  1.633E+14  1.000E-30  4.020E+01
     908      1    149      1    129      1      54     6.2092E+02  6.921E+13  1.000E-30  2.761E+01
     910      1    149      1    135      1      54     3.2295E+02  2.913E+13  1.000E-30  2.216E+01
     913      1    149      1    142      1      54     1.2992E+02  9.988E+12  1.000E-30  2.040E+01
     915      1    150      1    123      1      54     1.1354E+03  1.068E+14  3.310E-01  1.397E+01
     916      1    150      1    125      1      54     1.1038E+03  4.863E+13  1.000E-30  1.849E+01
     917      1    150      1    128      1      54     6.3256E+02  3.140E+13  6.211E-01  1.474E+01
     918      1    150      1    130      1      54     6.1433E+02  2.417E+13  1.000E-30  1.503E+01
     919      1    150      1    134      1      54     3.3078E+02  8.281E+12  1.386E+00  1.603E+01
     921      1    150      1    136      1      54     3.1933E+02  1.148E+13  1.000E-30  1.340E+01
     923      1    150      1    141      1      54     1.3562E+02  1.348E+12  4.988E+00  1.803E+01
     925      1    150      1    143      1      54     1.2796E+02  4.289E+12  1.000E-30  1.599E+01
     927      1    150      1    149      1      54     2.2069E+00  3.939E+06  2.197E+00  1.682E+01
     928      1    151      1    124      1      54     1.1216E+03  2.317E+14  6.711E-02  3.996E+01
     929      1    151      1    126      1      54     1.1007E+03  1.439E+13  1.000E-30  1.316E+01
     930      1    151      1    129      1      54     6.2630E+02  6.829E+13  1.893E-01  2.739E+01
     931      1    151      1    131      1      54     6.1366E+02  9.437E+12  1.000E-30  1.177E+01
     933      1    151      1    135      1      54     3.2833E+02  1.950E+13  5.893E-01  2.047E+01
     935      1    151      1    137      1      54     3.1989E+02  5.433E+12  1.000E-30  1.073E+01
     937      1    151      1    142      1      54     1.3530E+02  3.124E+12  2.523E+00  1.874E+01
     939      1    151      1    144      1      54     1.2921E+02  2.393E+12  1.000E-30  1.275E+01
     941      1    151      1    150      1      54     3.1681E+00  2.071E+07  9.249E-01  1.924E+01
     942      1    152      1    125      1      54     1.1084E+03  3.193E+14  9.630E-02  1.795E+01
     943      1    152      1    127      1      54     1.0929E+03  2.820E+12  1.000E-30  1.071E+01
     944      1    152      1    130      1      54     6.1900E+02  1.014E+14  2.339E-01  1.449E+01
     945      1    152      1    132      1      54     6.0722E+02  3.143E+12  1.000E-30  1.008E+01
     947      1    152      1    136      1      54     3.2399E+02  2.806E+13  6.113E-01  1.284E+01
     948      1    152      1    138      1      54     3.1413E+02  2.345E+12  1.000E-30  9.836E+00
     950      1    152      1    143      1      54     1.3263E+02  4.635E+12  2.386E+00  1.364E+01
     951      1    152      1    145      1      54     1.2383E+02  1.156E+12  1.000E-30  1.156E+01
     953      1    152      1    151      1      54     1.4980E+00  1.348E+06  2.557E-01  1.578E+01
     954      1    153      1    126      1      54     1.1088E+03  3.491E+14  7.419E-02  1.233E+01
     955      1    153      1    131      1      54     6.2180E+02  1.327E+14  1.891E-01  1.095E+01
     956      1    153      1    133      1      54     6.1271E+02  7.156E+11  1.000E-30  8.807E+00
     958      1    153      1    137      1      54     3.2803E+02  4.167E+13  5.118E-01  1.062E+01
     959      1    153      1    139      1      54     3.2004E+02  9.876E+11  1.000E-30  8.939E+00
     961      1    153      1    144      1      54     1.3736E+02  7.565E+12  2.288E+00  1.195E+01
     962      1    153      1    146      1      54     1.2999E+02  7.579E+11  1.000E-30  1.051E+01
     963      1    153      1    152      1      54     6.6466E+00  6.847E+07  1.001E-01  1.442E+01
     964      1    154      1    127      1      54     1.0999E+03  2.307E+14  2.908E-02  9.639E+00
     965      1    154      1    132      1      54     6.1421E+02  1.351E+14  1.124E-01  9.011E+00
     966      1    154      1    138      1      54     3.2112E+02  5.004E+13  3.813E-01  9.181E+00
     967      1    154      1    140      1      54     3.1988E+02  2.468E+11  1.000E-30  7.926E+00
     968      1    154      1    145      1      54     1.3082E+02  8.679E+12  2.108E+00  1.065E+01
     969      1    154      1    147      1      54     1.3000E+02  3.499E+11  1.000E-30  9.356E+00
     970      1    154      1    153      1      54     3.4390E-01  4.490E+03  3.782E-02  1.318E+01
     971      1    155      1    133      1      54     6.1329E+02  9.540E+13  3.483E-02  7.538E+00
     972      1    155      1    139      1      54     3.2062E+02  5.822E+13  2.322E-01  7.907E+00
     973      1    155      1    146      1      54     1.3057E+02  1.138E+13  2.060E+00  9.378E+00
     974      1    155      1    148      1      54     1.2999E+02  1.085E+11  1.000E-30  8.116E+00
     975      1    155      1    154      1      54     2.3759E-01  8.474E+02  1.930E-02  1.183E+01
     976      1    156      1    124      1      54     1.2114E+03  1.260E+14  1.000E-30  4.433E+01
     977      1    156      1    129      1      54     7.1613E+02  5.604E+13  1.000E-30  3.175E+01
     978      1    156      1    135      1      54     4.1816E+02  2.600E+13  1.000E-30  2.631E+01
     980      1    156      1    142      1      54     2.2513E+02  1.174E+13  1.000E-30  2.455E+01
     983      1    156      1    150      1      54     9.3002E+01  4.260E+12  1.000E-30  2.521E+01
     985      1    157      1    123      1      54     1.2298E+03  9.778E+13  1.263E-01  1.668E+01
     986      1    157      1    125      1      54     1.1982E+03  3.677E+13  1.000E-30  2.266E+01
     987      1    157      1    128      1      54     7.2695E+02  3.362E+13  2.154E-01  1.744E+01
     988      1    157      1    130      1      54     7.0872E+02  1.913E+13  1.000E-30  1.919E+01
     989      1    157      1    134      1      54     4.2517E+02  1.177E+13  3.965E-01  1.874E+01
     990      1    157      1    136      1      54     4.1371E+02  9.935E+12  1.000E-30  1.667E+01
     991      1    157      1    141      1      54     2.3000E+02  3.577E+12  8.763E-01  2.075E+01
     993      1    157      1    143      1      54     2.2235E+02  4.875E+12  1.000E-30  1.885E+01
     995      1    157      1    149      1      54     9.6594E+01  6.314E+11  3.281E+00  2.370E+01
     997      1    157      1    151      1      54     9.1219E+01  1.867E+12  1.000E-30  2.217E+01
     999      1    157      1    156      1      54     1.3856E+00  1.178E+06  1.472E+00  2.465E+01
    1000      1    158      1    124      1      54     1.2153E+03  1.963E+14  9.451E-03  4.409E+01
    1001      1    158      1    126      1      54     1.1944E+03  1.057E+13  1.000E-30  1.728E+01
    1002      1    158      1    129      1      54     7.2004E+02  7.016E+13  2.359E-02  3.151E+01
    1003      1    158      1    131      1      54     7.0740E+02  7.186E+12  1.000E-30  1.590E+01
    1004      1    158      1    135      1      54     4.2207E+02  2.616E+13  6.154E-02  2.498E+01
    1005      1    158      1    137      1      54     4.1363E+02  4.479E+12  1.000E-30  1.501E+01
    1007      1    158      1    142      1      54     2.2904E+02  8.866E+12  1.930E-01  2.322E+01
    1009      1    158      1    144      1      54     2.2296E+02  2.541E+12  1.000E-30  1.660E+01
    1011      1    158      1    150      1      54     9.6914E+01  1.673E+12  1.110E+00  2.392E+01
    1012      1    158      1    152      1      54     9.2248E+01  1.106E+12  1.000E-30  1.956E+01
    1014      1    158      1    157      1      54     2.5273E+00  1.333E+07  7.153E-01  2.647E+01
    1015      1    159      1    125      1      54     1.2019E+03  2.674E+14  1.000E-30  2.200E+01
    1016      1    159      1    127      1      54     1.1864E+03  1.986E+12  1.000E-30  1.476E+01
    1017      1    159      1    130      1      54     7.1248E+02  1.007E+14  1.000E-30  1.854E+01
    1018      1    159      1    132      1      54     7.0070E+02  2.273E+12  1.000E-30  1.413E+01
    1019      1    159      1    136      1      54     4.1747E+02  3.954E+13  1.000E-30  1.709E+01
    1020      1    159      1    138      1      54     4.0761E+02  1.842E+12  1.000E-30  1.405E+01
    1022      1    159      1    143      1      54     2.2610E+02  1.493E+13  1.000E-30  1.789E+01
    1023      1    159      1    145      1      54     2.1731E+02  1.215E+12  1.000E-30  1.557E+01
    1025      1    159      1    151      1      54     9.4977E+01  3.307E+12  3.706E-01  2.010E+01
    1026      1    159      1    153      1      54     8.6832E+01  5.370E+11  1.000E-30  1.830E+01
    1028      1    159      1    158      1      54     1.2307E+00  8.936E+05  1.875E-01  2.370E+01
    1029      1    160      1    126      1      54     1.2022E+03  2.736E+14  1.000E-30  1.625E+01
    1030      1    160      1    131      1      54     7.1513E+02  1.214E+14  1.000E-30  1.487E+01
    1031      1    160      1    133      1      54     7.0604E+02  4.806E+11  1.000E-30  1.273E+01
    1032      1    160      1    137      1      54     4.2136E+02  5.260E+13  1.000E-30  1.467E+01
    1033      1    160      1    139      1      54     4.1337E+02  6.936E+11  1.000E-30  1.298E+01
    1035      1    160      1    144      1      54     2.3069E+02  2.158E+13  1.000E-30  1.599E+01
    1036      1    160      1    146      1      54     2.2332E+02  6.536E+11  1.000E-30  1.446E+01
    1037      1    160      1    152      1      54     9.9979E+01  7.358E+12  1.000E-30  1.849E+01
    1038      1    160      1    154      1      54     9.2988E+01  4.258E+11  1.000E-30  1.701E+01
    1039      1    160      1    159      1      54     6.4994E+00  7.620E+07  7.391E-02  2.228E+01
    1040      1    161      1    127      1      54     1.1932E+03  1.600E+14  1.000E-30  1.341E+01
    1041      1    161      1    132      1      54     7.0745E+02  1.078E+14  1.000E-30  1.278E+01
    1042      1    161      1    138      1      54     4.1436E+02  5.510E+13  1.000E-30  1.304E+01
    1043      1    161      1    140      1      54     4.1312E+02  1.535E+11  1.000E-30  1.178E+01
    1044      1    161      1    145      1      54     2.2406E+02  2.371E+13  1.000E-30  1.451E+01
    1045      1    161      1    147      1      54     2.2323E+02  2.590E+11  1.000E-30  1.318E+01
    1046      1    161      1    153      1      54     9.3583E+01  7.378E+12  1.000E-30  1.705E+01
    1047      1    161      1    155      1      54     9.3001E+01  2.359E+11  1.000E-30  1.555E+01
    1048      1    161      1    160      1      54     2.5061E-01  2.106E+03  2.847E-02  2.081E+01
    1049      1    162      1    133      1      54     7.0646E+02  6.183E+13  1.000E-30  1.113E+01
    1050      1    162      1    139      1      54     4.1380E+02  5.021E+13  1.000E-30  1.156E+01
    1051      1    162      1    146      1      54     2.2375E+02  2.684E+13  1.000E-30  1.303E+01
    1052      1    162      1    148      1      54     2.2316E+02  6.551E+10  1.000E-30  1.175E+01
    1053      1    162      1    154      1      54     9.3412E+01  9.412E+12  1.000E-30  1.549E+01
    1054      1    162      1    161      1      54     1.7317E-01  4.210E+02  1.524E-02  1.916E+01
