#  File format type:   4
#
#  SPECT3D transition powers file.
#  RUN NAME:  xe_750-1300_4mm
#  Total number of transitions   =     1380
#  Number of written transitions =      624
#  Plasma temperature (eV)       =     3.5000E+02
#  Mass density (g/cm3)          =     2.1803E-02
#  Cell areal density (g/cm2)    =     8.7214E-03
#  Material mass fractions       =     1.0000E+00
#  DCA material number fractions =     1.0000E+00
# -----------------------------------------------------
#
#
#   Trans.  Trans  Upper  Upper  Lower  Lower   Ioniz   Energy     Line Power Line Center Line Width
#   Index   Model  Level  Model  Level  Model   Stage   (eV)       (W/cm2)    Opt. Depth      eV
# --------------------------------------------------------------------------------------------------
       1      1      3      1      2      1      52     1.1982E+02  1.335E+10  1.643E-06  1.678E-02
       2      1      4      1      2      1      52     4.9234E+02  2.569E+11  1.479E+01  6.380E-02
       4      1      6      1      5      1      52     1.0651E+02  4.858E+10  3.165E-02  7.873E+01
       6      1      7      1      6      1      52     6.8034E+01  6.632E+09  4.413E-03  9.467E+01
       7      1      9      1      8      1      52     3.8672E+01  2.578E+09  1.055E-01  2.874E+01
       9      1     10      1      9      1      52     3.4641E+01  1.829E+09  2.887E-02  3.137E+01
      11      1     11      1     10      1      52     9.4480E+00  6.524E+06  1.090E-02  8.547E+00
      13      1     12      1      9      1      52     8.3242E+02  1.097E+14  1.000E-30  4.483E+01
      14      1     13      1      8      1      52     8.9349E+02  6.448E+13  2.649E-01  2.734E+01
      16      1     13      1     10      1      52     8.2018E+02  2.902E+13  1.000E-30  1.554E+01
      17      1     13      1     12      1      52     2.2396E+01  6.202E+08  2.665E-01  1.663E+01
      19      1     14      1      9      1      52     8.6975E+02  1.545E+14  1.487E-01  3.759E+01
      21      1     14      1     11      1      52     8.2566E+02  6.922E+12  1.000E-30  3.016E+00
      23      1     14      1     13      1      52     1.4925E+01  1.662E+08  5.235E-02  2.028E+01
      25      1     15      1     10      1      52     8.3968E+02  1.952E+14  4.881E-01  1.291E+01
      28      1     15      1     14      1      52     4.5752E+00  1.242E+06  3.643E-02  4.440E+00
      30      1     16      1     11      1      52     8.3260E+02  2.018E+14  1.262E+00  5.965E+00
      32      1     16      1     15      1      52     2.3647E+00  5.297E+04  1.944E-02  1.793E+00
      34      1     17      1      9      1      52     1.3019E+03  9.203E+13  1.000E-30  4.481E+01
      36      1     17      1     13      1      52     4.4709E+02  2.332E+13  1.000E-30  2.775E+01
      38      1     18      1      8      1      52     1.3534E+03  7.039E+13  1.228E-01  1.604E+01
      40      1     18      1     10      1      52     1.2800E+03  2.248E+13  1.000E-30  8.723E+00
      41      1     18      1     12      1      52     4.8226E+02  9.256E+12  5.001E-01  1.590E+01
      43      1     18      1     14      1      52     4.4493E+02  7.788E+12  1.000E-30  9.611E+00
      45      1     18      1     17      1      52     1.2770E+01  1.108E+08  5.599E-01  9.539E+00
      47      1     19      1      9      1      52     1.3234E+03  1.592E+14  3.509E-02  4.058E+01
      49      1     19      1     11      1      52     1.2793E+03  4.575E+12  1.000E-30  4.180E+00
      51      1     19      1     13      1      52     4.6860E+02  2.208E+13  2.374E-01  2.352E+01
      53      1     19      1     15      1      52     4.4910E+02  2.844E+12  1.000E-30  1.892E+00
      56      1     19      1     18      1      52     8.7378E+00  3.994E+07  1.161E-01  1.184E+01
      58      1     20      1     10      1      52     1.2912E+03  2.139E+14  9.076E-02  1.461E+01
      61      1     20      1     14      1      52     4.5609E+02  2.232E+13  9.164E-01  6.457E+00
      63      1     20      1     16      1      52     4.4915E+02  8.008E+11  1.000E-30  8.122E-01
      65      1     20      1     19      1      52     2.4178E+00  2.240E+05  7.814E-02  2.663E+00
      67      1     21      1     11      1      52     1.2829E+03  2.114E+14  1.441E-01  7.036E+00
      69      1     21      1     15      1      52     4.5271E+02  2.008E+13  2.208E+00  2.993E+00
      72      1     21      1     20      1      52     1.2002E+00  1.121E+04  5.178E-02  1.136E+00
      75      1     22      1     16      1      52     4.5135E+02  1.823E+13  4.422E+00  1.727E+00
      77      1     22      1     21      1      52     1.0028E+00  3.021E+03  3.319E-02  6.185E-01
      79      1     23      1     13      1      52     7.2854E+02  2.236E+13  1.000E-30  2.779E+01
      81      1     23      1     18      1      52     2.6868E+02  6.550E+12  1.000E-30  1.618E+01
      83      1     24      1     12      1      52     7.5883E+02  1.251E+13  2.150E-01  1.017E+01
      85      1     24      1     14      1      52     7.2151E+02  6.941E+12  1.000E-30  5.278E+00
      86      1     24      1     17      1      52     2.8935E+02  1.736E+12  8.582E-01  1.016E+01
      88      1     24      1     19      1      52     2.6784E+02  2.450E+12  1.000E-30  6.443E+00
      90      1     24      1     23      1      52     7.9016E+00  2.297E+07  1.011E+00  6.103E+00
      92      1     25      1     13      1      52     7.4204E+02  2.816E+13  5.862E-02  2.509E+01
      94      1     25      1     15      1      52     7.2254E+02  2.243E+12  1.000E-30  1.945E+00
      96      1     25      1     18      1      52     2.8218E+02  4.254E+12  4.243E-01  1.355E+01
      98      1     25      1     20      1      52     2.7102E+02  1.098E+12  1.000E-30  1.421E+00
     101      1     25      1     24      1      52     5.5989E+00  1.150E+07  2.198E-01  7.627E+00
     103      1     26      1     14      1      52     7.2843E+02  3.635E+13  1.884E-01  7.395E+00
     105      1     26      1     16      1      52     7.2149E+02  5.272E+11  1.000E-30  1.371E+00
     107      1     26      1     19      1      52     2.7476E+02  3.567E+12  1.523E+00  3.787E+00
     109      1     26      1     21      1      52     2.7114E+02  4.678E+11  1.000E-30  6.393E-01
     112      1     26      1     25      1      52     1.3194E+00  4.101E+04  1.323E-01  1.887E+00
     114      1     27      1     15      1      52     7.2446E+02  3.931E+13  3.518E-01  3.592E+00
     117      1     27      1     20      1      52     2.7295E+02  3.067E+12  3.342E+00  1.818E+00
     119      1     27      1     22      1      52     2.7075E+02  1.382E+11  1.000E-30  4.194E-01
     121      1     27      1     26      1      52     6.0740E-01  1.880E+03  8.687E-02  9.010E-01
     123      1     28      1     16      1      52     7.2273E+02  3.445E+13  4.210E-01  2.164E+00
     125      1     28      1     21      1      52     2.7238E+02  3.152E+12  6.203E+00  1.092E+00
     128      1     28      1     27      1      52     6.3240E-01  1.397E+03  6.669E-02  5.528E-01
     129      1     29      1     13      1      52     9.1039E+02  1.778E+13  1.000E-30  2.787E+01
     131      1     29      1     18      1      52     4.5053E+02  6.809E+12  1.000E-30  1.626E+01
     134      1     29      1     24      1      52     1.7396E+02  2.168E+12  1.000E-30  1.046E+01
     136      1     30      1     12      1      52     9.3797E+02  1.140E+13  1.379E-01  7.045E+00
     137      1     30      1     14      1      52     9.0065E+02  5.276E+12  1.000E-30  4.777E+00
     138      1     30      1     17      1      52     4.6848E+02  2.880E+12  3.388E-01  7.031E+00
     140      1     30      1     19      1      52     4.4698E+02  2.412E+12  1.000E-30  3.847E+00
     142      1     30      1     23      1      52     1.8704E+02  3.989E+11  1.340E+00  7.069E+00
     144      1     30      1     25      1      52     1.7354E+02  8.766E+11  1.000E-30  4.696E+00
     146      1     30      1     29      1      52     5.1810E+00  5.553E+06  1.610E+00  4.318E+00
     147      1     31      1     13      1      52     9.1941E+02  2.457E+13  2.461E-02  2.606E+01
     148      1     31      1     15      1      52     8.9991E+02  1.592E+12  1.000E-30  2.787E+00
     150      1     31      1     18      1      52     4.5956E+02  6.617E+12  1.057E-01  1.452E+01
     152      1     31      1     20      1      52     4.4840E+02  9.785E+11  1.000E-30  1.257E+00
     155      1     31      1     24      1      52     1.8298E+02  1.007E+12  6.873E-01  8.662E+00
     157      1     31      1     26      1      52     1.7606E+02  4.483E+11  1.000E-30  1.255E+00
     160      1     31      1     30      1      52     3.8407E+00  3.906E+06  3.627E-01  5.462E+00
     161      1     32      1     14      1      52     9.0519E+02  3.281E+13  7.134E-02  7.977E+00
     162      1     32      1     16      1      52     8.9825E+02  3.402E+11  1.000E-30  1.952E+00
     164      1     32      1     19      1      52     4.5152E+02  7.876E+12  3.243E-01  4.375E+00
     166      1     32      1     21      1      52     4.4790E+02  3.646E+11  1.000E-30  9.170E-01
     169      1     32      1     25      1      52     1.7808E+02  7.671E+11  2.212E+00  2.597E+00
     171      1     32      1     27      1      52     1.7615E+02  2.302E+11  1.000E-30  6.800E-01
     174      1     32      1     31      1      52     7.0280E-01  6.838E+03  1.778E-01  1.594E+00
     175      1     33      1     15      1      52     9.0089E+02  3.507E+13  1.146E-01  4.014E+00
     177      1     33      1     20      1      52     4.4938E+02  8.421E+12  6.030E-01  2.227E+00
     179      1     33      1     22      1      52     4.4717E+02  8.939E+10  1.000E-30  7.387E-01
     181      1     33      1     26      1      52     1.7704E+02  8.627E+11  4.248E+00  1.360E+00
     183      1     33      1     28      1      52     1.7580E+02  1.025E+11  1.000E-30  4.952E-01
     185      1     33      1     32      1      52     2.7490E-01  2.272E+02  1.028E-01  9.109E-01
     186      1     34      1     16      1      52     8.9895E+02  2.616E+13  1.062E-01  2.476E+00
     188      1     34      1     21      1      52     4.4860E+02  8.207E+12  8.415E-01  1.403E+00
     191      1     34      1     27      1      52     1.7685E+02  1.337E+12  6.787E+00  8.870E-01
     194      1     34      1     33      1      52     4.2420E-01  5.975E+02  7.286E-02  6.526E-01
     195      1     35      1     13      1      52     1.0346E+03  1.372E+13  1.000E-30  2.805E+01
     196      1     35      1     18      1      52     5.7478E+02  5.782E+12  1.000E-30  1.644E+01
     198      1     35      1     24      1      52     2.9820E+02  2.429E+12  1.000E-30  1.058E+01
     201      1     35      1     30      1      52     1.1906E+02  8.292E+11  1.000E-30  7.411E+00
     203      1     36      1     12      1      52     1.0606E+03  9.506E+12  1.007E-01  5.276E+00
     204      1     36      1     14      1      52     1.0233E+03  3.960E+12  1.000E-30  5.687E+00
     205      1     36      1     17      1      52     5.9109E+02  2.940E+12  2.006E-01  5.263E+00
     206      1     36      1     19      1      52     5.6958E+02  1.970E+12  1.000E-30  3.110E+00
     207      1     36      1     23      1      52     3.0964E+02  8.107E+11  4.891E-01  5.294E+00
     209      1     36      1     25      1      52     2.9614E+02  9.377E+11  1.000E-30  3.152E+00
     211      1     36      1     29      1      52     1.2779E+02  1.106E+11  1.906E+00  5.369E+00
     213      1     36      1     31      1      52     1.1877E+02  3.524E+11  1.000E-30  3.770E+00
     215      1     36      1     35      1      52     3.5433E+00  1.734E+06  2.183E+00  3.473E+00
     216      1     37      1     13      1      52     1.0410E+03  1.983E+13  1.295E-02  2.676E+01
     217      1     37      1     15      1      52     1.0215E+03  1.144E+12  1.000E-30  3.491E+00
     218      1     37      1     18      1      52     5.8110E+02  6.392E+12  4.409E-02  1.522E+01
     219      1     37      1     20      1      52     5.6995E+02  7.538E+11  1.000E-30  1.768E+00
     221      1     37      1     24      1      52     3.0452E+02  1.876E+12  1.693E-01  9.358E+00
     223      1     37      1     26      1      52     2.9760E+02  4.375E+11  1.000E-30  1.139E+00
     226      1     37      1     30      1      52     1.2539E+02  2.812E+11  1.000E+00  6.185E+00
     228      1     37      1     32      1      52     1.2084E+02  1.966E+11  1.000E-30  1.311E+00
     231      1     37      1     36      1      52     2.7803E+00  1.536E+06  5.378E-01  4.341E+00
     232      1     38      1     14      1      52     1.0264E+03  2.634E+13  3.476E-02  8.413E+00
     233      1     38      1     16      1      52     1.0194E+03  2.289E+11  1.000E-30  2.414E+00
     234      1     38      1     19      1      52     5.7269E+02  8.313E+12  1.229E-01  4.836E+00
     235      1     38      1     21      1      52     5.6908E+02  2.587E+11  1.000E-30  1.348E+00
     237      1     38      1     25      1      52     2.9925E+02  2.112E+12  4.698E-01  3.052E+00
     239      1     38      1     27      1      52     2.9733E+02  2.023E+11  1.000E-30  8.752E-01
     242      1     38      1     31      1      52     1.2188E+02  2.680E+11  2.660E+00  2.126E+00
     244      1     38      1     33      1      52     1.2090E+02  1.128E+11  1.000E-30  8.735E-01
     247      1     38      1     37      1      52     3.3030E-01  8.711E+02  1.933E-01  1.613E+00
     248      1     39      1     15      1      52     1.0219E+03  2.714E+13  4.996E-02  4.360E+00
     249      1     39      1     20      1      52     5.7035E+02  9.366E+12  2.004E-01  2.573E+00
     250      1     39      1     22      1      52     5.6815E+02  5.678E+10  1.000E-30  1.078E+00
     252      1     39      1     26      1      52     2.9801E+02  2.265E+12  7.839E-01  1.700E+00
     254      1     39      1     28      1      52     2.9677E+02  7.819E+10  1.000E-30  7.528E-01
     256      1     39      1     32      1      52     1.2125E+02  3.859E+11  4.120E+00  1.287E+00
     258      1     39      1     34      1      52     1.2055E+02  6.026E+10  1.000E-30  7.070E-01
     260      1     39      1     38      1      52     7.3900E-02  5.329E+00  9.474E-02  1.044E+00
     261      1     40      1     16      1      52     1.0198E+03  1.791E+13  3.990E-02  2.763E+00
     262      1     40      1     21      1      52     5.6945E+02  9.073E+12  2.347E-01  1.684E+00
     264      1     40      1     27      1      52     2.9770E+02  2.938E+12  1.037E+00  1.168E+00
     267      1     40      1     33      1      52     1.2127E+02  4.571E+11  5.495E+00  9.499E-01
     270      1     40      1     39      1      52     2.9800E-01  2.670E+02  6.052E-02  8.989E-01
     271      1     41      1     13      1      52     1.1233E+03  1.059E+13  1.000E-30  2.830E+01
     272      1     41      1     18      1      52     6.6340E+02  4.691E+12  1.000E-30  1.669E+01
     273      1     41      1     24      1      52     3.8682E+02  2.162E+12  1.000E-30  1.083E+01
     275      1     41      1     30      1      52     2.0768E+02  9.718E+11  1.000E-30  7.660E+00
     278      1     41      1     36      1      52     8.5076E+01  3.498E+11  1.000E-30  5.835E+00
     280      1     42      1     12      1      52     1.1482E+03  7.718E+12  7.702E-02  4.264E+00
     281      1     42      1     14      1      52     1.1108E+03  3.001E+12  1.000E-30  6.712E+00
     282      1     42      1     17      1      52     6.7867E+02  2.643E+12  1.373E-01  4.251E+00
     283      1     42      1     19      1      52     6.5716E+02  1.557E+12  1.000E-30  3.482E+00
     284      1     42      1     23      1      52     3.9722E+02  9.140E+11  2.670E-01  4.289E+00
     285      1     42      1     25      1      52     3.8372E+02  8.111E+11  1.000E-30  2.601E+00
     286      1     42      1     29      1      52     2.1536E+02  2.679E+11  6.339E-01  4.376E+00
     288      1     42      1     31      1      52     2.0634E+02  3.996E+11  1.000E-30  2.886E+00
     290      1     42      1     35      1      52     9.1119E+01  4.021E+10  2.410E+00  4.517E+00
     292      1     42      1     37      1      52     8.4795E+01  1.551E+11  1.000E-30  3.386E+00
     294      1     42      1     41      1      52     2.4992E+00  8.666E+05  2.465E+00  3.264E+00
     295      1     43      1     13      1      52     1.1279E+03  1.568E+13  7.608E-03  2.739E+01
     296      1     43      1     15      1      52     1.1084E+03  8.405E+11  1.000E-30  4.091E+00
     297      1     43      1     18      1      52     6.6800E+02  5.507E+12  2.280E-02  1.578E+01
     298      1     43      1     20      1      52     6.5684E+02  5.719E+11  1.000E-30  2.324E+00
     299      1     43      1     24      1      52     3.9142E+02  1.989E+12  6.902E-02  9.927E+00
     300      1     43      1     26      1      52     3.8450E+02  3.591E+11  1.000E-30  1.514E+00
     302      1     43      1     30      1      52     2.1228E+02  6.183E+11  2.405E-01  6.741E+00
     304      1     43      1     32      1      52     2.0774E+02  2.055E+11  1.000E-30  1.318E+00
     307      1     43      1     36      1      52     8.9678E+01  9.356E+10  1.290E+00  4.929E+00
     309      1     43      1     38      1      52     8.6568E+01  9.218E+10  1.000E-30  1.563E+00
     312      1     43      1     42      1      52     2.1031E+00  7.049E+05  6.823E-01  3.882E+00
     313      1     44      1     15      1      52     1.1084E+03  2.065E+13  2.518E-02  4.711E+00
     314      1     44      1     20      1      52     6.5688E+02  8.328E+12  8.459E-02  2.918E+00
     315      1     44      1     22      1      52     6.5468E+02  3.802E+10  1.000E-30  1.424E+00
     316      1     44      1     26      1      52     3.8454E+02  3.196E+12  2.482E-01  2.051E+00
     317      1     44      1     28      1      52     3.8330E+02  5.512E+10  1.000E-30  1.092E+00
     319      1     44      1     32      1      52     2.0778E+02  9.440E+11  7.452E-01  1.633E+00
     321      1     44      1     34      1      52     2.0708E+02  5.193E+10  1.000E-30  9.759E-01
     323      1     44      1     38      1      52     8.6605E+01  1.575E+11  3.174E+00  1.477E+00
     325      1     44      1     40      1      52     8.6233E+01  3.382E+10  1.000E-30  1.057E+00
     327      1     45      1     14      1      52     1.1130E+03  2.068E+13  1.898E-02  8.849E+00
     328      1     45      1     16      1      52     1.1061E+03  1.603E+11  1.000E-30  2.843E+00
     329      1     45      1     19      1      52     6.5935E+02  7.369E+12  5.792E-02  5.259E+00
     330      1     45      1     21      1      52     6.5574E+02  1.871E+11  1.000E-30  1.771E+00
     331      1     45      1     25      1      52     3.8591E+02  2.527E+12  1.702E-01  3.475E+00
     332      1     45      1     27      1      52     3.8399E+02  1.552E+11  1.000E-30  1.264E+00
     334      1     45      1     31      1      52     2.0854E+02  7.930E+11  5.448E-01  2.542E+00
     336      1     45      1     33      1      52     2.0756E+02  1.088E+11  1.000E-30  1.086E+00
     339      1     45      1     37      1      52     8.6990E+01  1.289E+11  2.565E+00  2.087E+00
     341      1     45      1     39      1      52     8.6586E+01  5.709E+10  1.000E-30  1.213E+00
     344      1     45      1     43      1      52     9.2200E-02  2.170E+01  1.837E-01  1.686E+00
     345      1     45      1     44      1      52     5.4600E-02  3.516E+00  1.000E-30  1.362E+00
     346      1     46      1     16      1      52     1.1062E+03  1.244E+13  1.733E-02  3.067E+00
     347      1     46      1     21      1      52     6.5590E+02  7.674E+12  8.564E-02  1.988E+00
     348      1     46      1     27      1      52     3.8415E+02  3.489E+12  2.845E-01  1.474E+00
     350      1     46      1     33      1      52     2.0772E+02  1.111E+12  8.605E-01  1.251E+00
     353      1     46      1     39      1      52     8.6749E+01  1.962E+11  3.641E+00  1.212E+00
     355      1     46      1     44      1      52     2.1720E-01  1.260E+02  4.598E-02  1.302E+00
     357      1     48      1     47      1      52     3.1750E+02  3.793E+11  2.166E-02  1.840E+02
     358      1     49      1     48      1      52     3.6284E+02  2.119E+12  1.191E-03  2.763E+02
     359      1     51      1     50      1      52     7.7750E-01  5.483E+03  1.014E-02  1.384E+02
     360      1     52      1     51      1      52     6.6689E+02  3.294E+13  1.000E-30  4.204E+02
     361      1     54      1     53      1      52     3.0082E+01  1.972E+09  1.000E-30  1.846E+02
     362      1     55      1     53      1      52     1.0120E+02  3.904E+10  2.878E-02  8.076E+01
     363      1     56      1     54      1      52     1.0442E+02  4.362E+10  3.195E-02  7.435E+01
     364      1     56      1     55      1      52     3.3297E+01  2.656E+09  1.000E-30  1.922E+02
     365      1     57      1     55      1      52     9.2670E+01  2.261E+10  5.087E-03  1.109E+02
     367      1     58      1     56      1      52     9.3608E+01  2.336E+10  5.330E-03  1.064E+02
     368      1     58      1     57      1      52     3.4235E+01  2.883E+09  1.000E-30  1.948E+02
     369      1     61      1     60      1      53     7.7081E+01  1.578E+09  3.977E-07  1.137E-02
     370      1     62      1     60      1      53     8.3045E+01  2.374E+09  1.000E-30  1.212E-02
     373      1     63      1     61      1      53     8.0094E+00  4.115E+03  1.000E-30  2.697E-03
     375      1     64      1     60      1      53     4.6515E+02  2.792E+11  9.520E+00  6.029E-02
     378      1     65      1     60      1      53     5.0090E+02  1.115E+12  1.801E-07  6.475E-02
     380      1     65      1     63      1      53     4.1581E+02  7.117E+10  2.058E+01  5.409E-02
     381      1     67      1     66      1      53     9.2071E+01  2.594E+10  3.616E-02  5.731E+01
     383      1     68      1     67      1      53     2.1266E+02  3.540E+11  6.891E-03  3.997E+01
     385      1     69      1     67      1      53     2.3259E+02  2.756E+11  1.000E-30  2.163E+01
     386      1     71      1     70      1      53     1.8245E+01  1.522E+08  1.377E-01  1.285E+01
     388      1     72      1     71      1      53     7.1086E+01  3.010E+10  5.203E-02  3.419E+01
     390      1     73      1     72      1      53     1.1156E+02  1.083E+11  1.051E-01  1.010E+01
     392      1     74      1     71      1      53     8.8734E+02  1.305E+14  1.000E-30  4.817E+01
     393      1     75      1     70      1      53     9.0769E+02  7.004E+13  2.489E-01  2.971E+01
     395      1     75      1     72      1      53     8.1835E+02  2.727E+13  1.000E-30  1.682E+01
     396      1     75      1     74      1      53     2.1014E+00  2.341E+05  5.070E-01  4.818E+00
     398      1     76      1     71      1      53     9.4411E+02  2.094E+14  1.453E-01  4.061E+01
     400      1     76      1     73      1      53     7.6146E+02  4.819E+12  1.000E-30  3.245E+00
     402      1     76      1     75      1      53     5.4666E+01  2.467E+10  1.597E-01  2.278E+01
     404      1     77      1     72      1      53     9.7713E+02  3.403E+14  5.052E-01  1.396E+01
     407      1     77      1     76      1      53     1.0411E+02  1.839E+11  6.693E-01  5.265E+00
     409      1     78      1     73      1      53     1.0763E+03  5.005E+14  1.447E+00  6.484E+00
     411      1     78      1     77      1      53     2.1071E+02  1.089E+12  1.015E+00  2.179E+00
     412      1     79      1     70      1      53     1.3871E+03  7.816E+13  1.108E-01  1.809E+01
     414      1     79      1     72      1      53     1.2978E+03  2.256E+13  1.000E-30  9.491E+00
     415      1     79      1     74      1      53     4.8154E+02  9.497E+12  4.658E-01  1.717E+01
     417      1     79      1     76      1      53     4.2478E+02  6.134E+12  1.000E-30  1.037E+01
     420      1     80      1     71      1      53     1.3753E+03  1.065E+14  1.000E-30  4.821E+01
     422      1     80      1     75      1      53     4.8588E+02  3.023E+13  1.000E-30  2.980E+01
     424      1     80      1     79      1      53     6.4349E+00  3.900E+07  1.000E-30  1.665E+01
     426      1     81      1     71      1      53     1.4208E+03  2.043E+14  3.362E-02  4.385E+01
     428      1     81      1     73      1      53     1.2382E+03  3.876E+12  1.000E-30  4.481E+00
     430      1     81      1     75      1      53     5.3137E+02  3.534E+13  2.427E-01  2.538E+01
     432      1     81      1     77      1      53     3.7259E+02  1.303E+12  1.000E-30  2.034E+00
     434      1     81      1     79      1      53     5.1923E+01  3.140E+10  5.749E-01  1.319E+01
     438      1     82      1     76      1      53     5.7966E+02  5.235E+13  1.032E+00  6.987E+00
     440      1     82      1     78      1      53     2.6484E+02  9.350E+10  1.000E-30  8.554E-01
     442      1     82      1     81      1      53     1.0296E+02  1.890E+11  2.673E+00  3.156E+00
     443      1     83      1     74      1      53     7.7070E+02  1.346E+13  1.959E-01  1.126E+01
     445      1     83      1     76      1      53     7.1393E+02  6.311E+12  1.000E-30  5.694E+00
     447      1     83      1     80      1      53     2.8272E+02  1.665E+12  7.848E-01  1.092E+01
     448      1     83      1     81      1      53     2.3723E+02  1.429E+12  1.000E-30  6.938E+00
     451      1     84      1     75      1      53     7.7945E+02  2.738E+13  1.000E-30  2.984E+01
     452      1     84      1     79      1      53     3.0001E+02  9.396E+12  1.000E-30  1.733E+01
     455      1     84      1     83      1      53     1.0851E+01  2.739E+08  1.000E-30  1.153E+01
     457      1     85      1     75      1      53     8.2063E+02  4.097E+13  5.856E-02  2.702E+01
     459      1     85      1     77      1      53     6.6185E+02  1.527E+12  1.000E-30  2.067E+00
     460      1     85      1     79      1      53     3.4119E+02  8.589E+12  4.638E-01  1.457E+01
     463      1     85      1     82      1      53     1.8630E+02  2.370E+11  1.000E-30  1.496E+00
     464      1     85      1     83      1      53     5.2031E+01  3.376E+10  1.720E+00  8.455E+00
     467      1     86      1     77      1      53     6.7729E+02  7.995E+13  2.903E+00  3.261E+00
     470      1     86      1     82      1      53     2.0174E+02  1.035E+12  4.831E+00  1.358E+00
     473      1     87      1     78      1      53     5.1236E+02  2.915E+13  4.436E+00  1.886E+00
     475      1     87      1     86      1      53     4.5782E+01  5.253E+09  1.246E+00  7.257E-01
     477      1     88      1     76      1      53     8.6948E+02  7.019E+13  2.005E-01  7.989E+00
     479      1     88      1     78      1      53     5.5466E+02  1.785E+11  1.000E-30  1.460E+00
     481      1     88      1     81      1      53     3.9278E+02  1.227E+13  1.930E+00  4.093E+00
     484      1     88      1     85      1      53     1.0351E+02  1.985E+11  7.826E+00  2.189E+00
     485      1     88      1     86      1      53     8.8076E+01  7.425E+09  1.000E-30  6.502E-01
     487      1     89      1     74      1      53     9.5869E+02  1.254E+13  1.209E-01  8.125E+00
     488      1     89      1     76      1      53     9.0192E+02  5.048E+12  1.000E-30  5.151E+00
     490      1     89      1     80      1      53     4.7071E+02  2.989E+12  3.112E-01  7.659E+00
     491      1     89      1     81      1      53     4.2522E+02  1.880E+12  1.000E-30  4.114E+00
     494      1     89      1     84      1      53     1.7714E+02  3.457E+11  1.196E+00  7.565E+00
     495      1     89      1     85      1      53     1.3596E+02  3.144E+11  1.000E-30  5.003E+00
     497      1     90      1     75      1      53     9.7022E+02  2.148E+13  1.000E-30  2.998E+01
     498      1     90      1     79      1      53     4.9078E+02  8.953E+12  1.000E-30  1.747E+01
     501      1     90      1     83      1      53     2.0163E+02  3.628E+12  1.000E-30  1.116E+01
     504      1     90      1     89      1      53     1.3639E+01  4.680E+08  1.000E-30  4.389E+00
     505      1     91      1     75      1      53     1.0099E+03  3.461E+13  2.431E-02  2.805E+01
     506      1     91      1     77      1      53     8.5110E+02  1.229E+12  1.000E-30  2.963E+00
     507      1     91      1     79      1      53     5.3043E+02  1.131E+13  1.100E-01  1.560E+01
     510      1     91      1     82      1      53     3.7555E+02  4.642E+11  1.000E-30  1.297E+00
     511      1     91      1     83      1      53     2.4127E+02  2.720E+12  8.227E-01  9.294E+00
     515      1     91      1     88      1      53     8.5729E+01  2.430E+10  1.000E-30  1.304E+00
     516      1     91      1     89      1      53     5.3287E+01  3.440E+10  4.378E+00  5.936E+00
     518      1     92      1     74      1      53     1.0879E+03  1.062E+13  8.263E-02  6.537E+00
     519      1     92      1     76      1      53     1.0312E+03  3.881E+12  1.000E-30  6.107E+00
     520      1     92      1     80      1      53     5.9995E+02  3.146E+12  1.822E-01  5.841E+00
     521      1     92      1     81      1      53     5.5446E+02  1.684E+12  1.000E-30  3.314E+00
     523      1     92      1     84      1      53     3.0638E+02  7.927E+11  4.480E-01  5.682E+00
     524      1     92      1     85      1      53     2.6520E+02  5.727E+11  1.000E-30  3.331E+00
     527      1     92      1     90      1      53     1.1560E+02  8.217E+10  1.640E+00  5.694E+00
     528      1     92      1     91      1      53     7.5952E+01  5.605E+10  1.000E-30  3.969E+00
     529      1     93      1     75      1      53     1.1014E+03  1.651E+13  1.000E-30  3.016E+01
     530      1     93      1     79      1      53     6.2192E+02  7.447E+12  1.000E-30  1.765E+01
     531      1     93      1     83      1      53     3.3276E+02  3.517E+12  1.000E-30  1.134E+01
     534      1     93      1     89      1      53     1.4478E+02  1.669E+12  1.000E-30  7.901E+00
     537      1     93      1     92      1      53     1.5538E+01  1.958E+09  1.000E-30  6.088E+00
     538      1     94      1     76      1      53     1.0597E+03  5.908E+13  7.435E-02  8.632E+00
     539      1     94      1     78      1      53     7.4491E+02  1.555E+11  1.000E-30  2.071E+00
     541      1     94      1     81      1      53     5.8303E+02  2.019E+13  3.742E-01  4.711E+00
     544      1     94      1     85      1      53     2.9377E+02  4.229E+12  3.288E+00  2.781E+00
     545      1     94      1     86      1      53     2.7833E+02  5.249E+10  1.000E-30  9.343E-01
     549      1     94      1     91      1      53     1.0453E+02  3.371E+11  1.712E+01  1.785E+00
     552      1     95      1     77      1      53     9.6122E+02  1.118E+14  4.138E-01  3.905E+00
     555      1     95      1     82      1      53     4.8567E+02  2.165E+13  5.300E+00  1.970E+00
     558      1     95      1     87      1      53     2.3815E+02  7.983E+10  1.000E-30  4.402E-01
     559      1     95      1     88      1      53     1.9586E+02  1.534E+12  1.312E+01  1.053E+00
     561      1     95      1     94      1      53     5.5996E+00  1.691E+06  1.226E-01  6.845E-01
     562      1     96      1     75      1      53     1.1409E+03  2.760E+13  1.274E-02  2.881E+01
     563      1     96      1     77      1      53     9.8211E+02  9.433E+11  1.000E-30  3.706E+00
     564      1     96      1     79      1      53     6.6145E+02  1.036E+13  4.539E-02  1.630E+01
     565      1     96      1     82      1      53     5.0657E+02  4.548E+11  1.000E-30  1.829E+00
     566      1     96      1     83      1      53     3.7229E+02  3.973E+12  1.879E-01  9.986E+00
     569      1     96      1     88      1      53     2.1675E+02  1.187E+11  1.000E-30  1.154E+00
     570      1     96      1     89      1      53     1.8430E+02  1.077E+12  1.349E+00  6.583E+00
     573      1     96      1     92      1      53     5.5065E+01  4.559E+10  9.521E+00  4.635E+00
     575      1     96      1     94      1      53     2.6491E+01  4.262E+08  1.000E-30  1.335E+00
     578      1     97      1     78      1      53     7.9354E+02  4.850E+13  4.099E-01  2.347E+00
     580      1     97      1     86      1      53     3.2696E+02  5.911E+12  6.730E+00  1.165E+00
     584      1     97      1     95      1      53     4.3029E+01  9.849E+09  3.899E+00  6.252E-01
     585      1     98      1     74      1      53     1.1808E+03  8.733E+12  5.758E-02  5.812E+00
     586      1     98      1     76      1      53     1.1240E+03  2.987E+12  1.000E-30  7.188E+00
     587      1     98      1     80      1      53     6.9278E+02  2.885E+12  1.215E-01  4.878E+00
     588      1     98      1     81      1      53     6.4729E+02  1.396E+12  1.000E-30  3.684E+00
     589      1     98      1     84      1      53     3.9921E+02  9.397E+11  2.467E-01  4.630E+00
     590      1     98      1     85      1      53     3.5803E+02  5.845E+11  1.000E-30  2.715E+00
     592      1     98      1     90      1      53     2.0843E+02  2.423E+11  5.747E-01  4.628E+00
     593      1     98      1     91      1      53     1.6878E+02  1.702E+11  1.000E-30  3.000E+00
     595      1     98      1     93      1      53     7.7294E+01  2.286E+10  1.980E+00  4.725E+00
     597      1     98      1     96      1      53     3.7767E+01  5.781E+09  1.000E-30  3.505E+00
     598      1     99      1     75      1      53     1.1956E+03  1.277E+13  1.000E-30  3.040E+01
     599      1     99      1     79      1      53     7.1611E+02  5.976E+12  1.000E-30  1.789E+01
     600      1     99      1     83      1      53     4.2696E+02  3.007E+12  1.000E-30  1.158E+01
     601      1     99      1     89      1      53     2.3897E+02  1.592E+12  1.000E-30  8.143E+00
     604      1     99      1     92      1      53     1.0973E+02  8.925E+11  1.000E-30  6.138E+00
     607      1     99      1     98      1      53     1.6897E+01  5.185E+09  1.000E-30  5.184E+00
     608      1    100      1     75      1      53     1.2357E+03  2.178E+13  7.507E-03  2.943E+01
     609      1    100      1     77      1      53     1.0769E+03  7.233E+11  1.000E-30  4.325E+00
     610      1    100      1     79      1      53     7.5626E+02  8.734E+12  2.337E-02  1.692E+01
     611      1    100      1     82      1      53     6.0138E+02  3.895E+11  1.000E-30  2.402E+00
     612      1    100      1     83      1      53     4.6710E+02  3.878E+12  7.504E-02  1.061E+01
     613      1    100      1     88      1      53     3.1156E+02  1.491E+11  1.000E-30  1.531E+00
     614      1    100      1     89      1      53     2.7912E+02  1.714E+12  2.898E-01  7.156E+00
     617      1    100      1     92      1      53     1.4988E+02  5.500E+11  2.003E+00  5.183E+00
     619      1    100      1     94      1      53     1.2130E+02  2.302E+10  1.000E-30  1.308E+00
     621      1    100      1     98      1      53     5.7044E+01  8.180E+10  1.720E+01  4.063E+00
     623      1    101      1     76      1      53     1.1918E+03  4.596E+13  3.615E-02  9.064E+00
     624      1    101      1     78      1      53     8.7698E+02  1.213E+11  1.000E-30  2.554E+00
     625      1    101      1     81      1      53     7.1510E+02  1.910E+13  1.367E-01  5.188E+00
     627      1    101      1     85      1      53     4.2583E+02  7.570E+12  6.046E-01  3.251E+00
     628      1    101      1     86      1      53     4.1039E+02  6.768E+10  1.000E-30  1.379E+00
     631      1    101      1     91      1      53     2.3659E+02  2.662E+12  4.732E+00  2.235E+00
     634      1    101      1     95      1      53     1.2646E+02  8.029E+09  1.000E-30  8.725E-01
     635      1    101      1     96      1      53     1.0557E+02  6.665E+11  2.827E+01  1.734E+00
     638      1    101      1    100      1      53     1.0760E+01  1.613E+07  9.639E-02  1.552E+00
     639      1    102      1     77      1      53     1.1469E+03  8.724E+13  1.304E-01  4.343E+00
     641      1    102      1     82      1      53     6.7131E+02  3.535E+13  8.030E-01  2.401E+00
     644      1    102      1     87      1      53     4.2378E+02  6.958E+10  1.000E-30  7.696E-01
     645      1    102      1     88      1      53     3.8149E+02  1.222E+13  7.910E+00  1.466E+00
     647      1    102      1     94      1      53     1.9123E+02  2.954E+12  2.364E+01  1.014E+00
     650      1    102      1     97      1      53     1.4260E+02  4.262E+10  1.000E-30  5.036E-01
     652      1    102      1    101      1      53     5.9168E+01  2.459E+09  1.061E-01  8.767E-01
     653      1    103      1     76      1      53     1.2875E+03  3.564E+13  1.976E-02  9.556E+00
     654      1    103      1     78      1      53     9.7272E+02  9.305E+10  1.000E-30  2.989E+00
     655      1    103      1     81      1      53     8.1083E+02  1.609E+13  6.458E-02  5.623E+00
     656      1    103      1     85      1      53     5.2157E+02  7.798E+12  2.113E-01  3.679E+00
     657      1    103      1     86      1      53     5.0613E+02  6.398E+10  1.000E-30  1.807E+00
     659      1    103      1     91      1      53     3.3233E+02  3.688E+12  8.086E-01  2.664E+00
     662      1    103      1     95      1      53     2.2220E+02  1.744E+10  1.000E-30  1.266E+00
     663      1    103      1     96      1      53     2.0131E+02  2.522E+12  5.648E+00  2.144E+00
     665      1    103      1    100      1      53     1.0650E+02  9.522E+11  3.678E+01  1.944E+00
     667      1    103      1    102      1      53     3.6571E+01  2.521E+08  1.000E-30  1.063E+00
     668      1    104      1     78      1      53     9.7661E+02  3.520E+13  1.031E-01  2.674E+00
     670      1    104      1     86      1      53     5.1003E+02  1.296E+13  8.723E-01  1.486E+00
     674      1    104      1     95      1      53     2.2610E+02  3.201E+12  7.958E+00  9.374E-01
     677      1    104      1    102      1      53     4.0464E+01  1.314E+10  6.373E+00  6.973E-01
     679      1    105      1     77      1      53     1.2750E+03  6.287E+13  5.605E-02  4.698E+00
     680      1    105      1     82      1      53     7.9944E+02  3.314E+13  2.547E-01  2.757E+00
     682      1    105      1     87      1      53     5.5191E+02  4.889E+10  1.000E-30  1.118E+00
     683      1    105      1     88      1      53     5.0962E+02  1.509E+13  1.212E+00  1.815E+00
     685      1    105      1     94      1      53     3.1936E+02  1.138E+13  9.193E+00  1.353E+00
     688      1    105      1     97      1      53     2.7073E+02  5.233E+10  1.000E-30  7.628E-01
     690      1    105      1    101      1      53     1.8730E+02  4.033E+12  3.083E+01  1.177E+00
     692      1    105      1    103      1      53     9.1560E+01  4.231E+09  3.227E-02  1.203E+00
     693      1    105      1    104      1      53     8.7667E+01  1.622E+10  1.000E-30  7.041E-01
     694      1    106      1     78      1      53     1.1024E+03  2.355E+13  3.887E-02  2.962E+00
     695      1    106      1     86      1      53     6.3583E+02  1.348E+13  2.416E-01  1.774E+00
     698      1    106      1     95      1      53     3.5190E+02  5.340E+12  1.136E+00  1.225E+00
     701      1    106      1    102      1      53     1.6626E+02  1.374E+12  7.176E+00  9.751E-01
     704      1    106      1    105      1      53     3.8133E+01  1.751E+10  7.445E+00  9.208E-01
     705      1    107      1     77      1      53     1.3672E+03  4.562E+13  2.804E-02  5.050E+00
     706      1    107      1     82      1      53     8.9170E+02  2.655E+13  1.052E-01  3.109E+00
     707      1    107      1     87      1      53     6.4417E+02  3.455E+10  1.000E-30  1.469E+00
     708      1    107      1     88      1      53     6.0188E+02  1.548E+13  3.603E-01  2.167E+00
     710      1    107      1     94      1      53     4.1162E+02  1.113E+13  1.378E+00  1.705E+00
     712      1    107      1     97      1      53     3.6299E+02  4.273E+10  1.000E-30  1.104E+00
     714      1    107      1    101      1      53     2.7956E+02  9.193E+12  8.500E+00  1.518E+00
     716      1    107      1    103      1      53     1.8382E+02  5.669E+12  3.296E+01  1.526E+00
     717      1    107      1    104      1      53     1.7993E+02  2.854E+10  1.000E-30  9.691E-01
     719      1    107      1    106      1      53     5.4126E+01  5.075E+09  1.000E-30  1.040E+00
     720      1    108      1     78      1      53     1.1926E+03  1.616E+13  1.717E-02  3.259E+00
     721      1    108      1     86      1      53     7.2599E+02  1.105E+13  8.899E-02  2.077E+00
     723      1    108      1     95      1      53     4.4206E+02  5.748E+12  3.094E-01  1.521E+00
     725      1    108      1    102      1      53     2.5642E+02  2.328E+12  1.034E+00  1.274E+00
     728      1    108      1    105      1      53     1.2829E+02  7.632E+11  5.265E+00  1.216E+00
     730      1    108      1    107      1      53     3.6034E+01  2.282E+10  7.650E+00  1.301E+00
     731      1    110      1    109      1      53     1.0325E+02  7.412E+10  1.000E-30  3.596E+02
     732      1    111      1    109      1      53     6.2828E+02  1.876E+13  1.393E-03  4.026E+02
     733      1    114      1    113      1      54     7.1415E+00  2.261E+05  1.000E-30  2.540E-03
     735      1    115      1    114      1      54     4.2027E+02  1.347E+11  1.382E+01  5.455E-02
     736      1    117      1    116      1      54     8.2284E+01  1.261E+09  8.535E+01  1.964E-02
     737      1    118      1    117      1      54     6.5579E+01  5.286E+09  3.753E-03  9.901E+01
     739      1    120      1    119      1      54     2.7707E+01  7.605E+07  4.355E+01  3.424E-02
     740      1    121      1    120      1      54     3.4184E+01  1.617E+09  2.342E-02  3.530E+01
     743      1    122      1    121      1      54     1.1729E+01  1.439E+07  1.066E-02  1.007E+01
     745      1    124      1    119      1      54     9.4819E+02  8.384E+13  2.465E-01  3.143E+01
     746      1    124      1    121      1      54     8.8629E+02  3.552E+13  1.000E-30  1.777E+01
     747      1    123      1    120      1      54     9.0352E+02  1.297E+14  1.000E-30  5.157E+01
     749      1    124      1    123      1      54     1.6956E+01  3.629E+07  2.371E+01  8.911E-02
     750      1    125      1    120      1      54     9.3511E+02  1.989E+14  1.320E-01  4.309E+01
     753      1    125      1    122      1      54     8.8920E+02  8.655E+12  1.000E-30  3.499E+00
     754      1    125      1    124      1      54     1.4632E+01  1.447E+08  4.326E-02  2.240E+01
     757      1    126      1    121      1      54     9.0719E+02  2.591E+14  4.187E-01  1.507E+01
     759      1    126      1    125      1      54     6.2624E+00  4.005E+06  3.900E-02  5.236E+00
     761      1    127      1    122      1      54     9.0472E+02  2.831E+14  1.092E+00  6.933E+00
     763      1    127      1    126      1      54     9.2648E+00  4.886E+06  2.585E-02  2.087E+00
     765      1    129      1    121      1      54     1.3816E+03  2.754E+13  1.000E-30  1.012E+01
     767      1    129      1    123      1      54     5.1224E+02  1.220E+13  4.689E-01  1.824E+01
     768      1    129      1    125      1      54     4.8065E+02  9.543E+12  1.000E-30  1.095E+01
     770      1    128      1    120      1      54     1.4063E+03  1.086E+14  1.000E-30  5.152E+01
     772      1    128      1    124      1      54     4.8585E+02  2.786E+13  1.000E-30  3.191E+01
     775      1    129      1    128      1      54     9.4325E+00  9.390E+06  1.450E+01  1.701E-01
     777      1    130      1    120      1      54     1.4246E+03  1.042E+14  2.506E-01  3.787E+00
     779      1    130      1    122      1      54     1.3787E+03  5.761E+12  1.000E-30  4.816E+00
     780      1    130      1    124      1      54     5.0408E+02  2.873E+13  2.107E-01  2.699E+01
     783      1    130      1    126      1      54     4.8319E+02  3.555E+12  1.000E-30  2.182E+00
     785      1    130      1    129      1      54     8.7978E+00  3.873E+07  9.744E-02  1.311E+01
     788      1    131      1    121      1      54     1.3942E+03  2.739E+14  7.795E-02  1.704E+01
     790      1    131      1    125      1      54     4.9329E+02  3.053E+13  7.878E-01  7.521E+00
     791      1    131      1    127      1      54     4.7777E+02  9.559E+11  1.000E-30  9.170E-01
     793      1    131      1    130      1      54     3.8408E+00  1.277E+06  9.637E-02  3.144E+00
     795      1    132      1    122      1      54     1.3904E+03  2.758E+14  1.243E-01  8.182E+00
     797      1    132      1    126      1      54     4.9497E+02  2.895E+13  1.917E+00  3.466E+00
     799      1    132      1    131      1      54     7.9348E+00  5.318E+06  7.640E-02  1.305E+00
     800      1    133      1    127      1      54     4.8686E+02  2.536E+13  3.835E+00  1.994E+00
     801      1    133      1    132      1      54     1.1594E+00  5.011E+03  3.168E-02  6.952E-01
     802      1    134      1    124      1      54     7.8763E+02  2.659E+13  1.000E-30  3.192E+01
     804      1    134      1    129      1      54     2.9235E+02  7.821E+12  1.000E-30  1.858E+01
     808      1    135      1    123      1      54     8.1021E+02  1.634E+13  1.970E-01  1.170E+01
     809      1    135      1    125      1      54     7.7862E+02  8.522E+12  1.000E-30  1.024E+01
     811      1    135      1    128      1      54     3.0740E+02  2.309E+12  8.071E-01  1.162E+01
     812      1    135      1    130      1      54     2.8917E+02  2.994E+12  1.000E-30  6.017E+00
     814      1    135      1    134      1      54     5.6221E+00  5.134E+06  1.342E+00  3.338E+00
     815      1    136      1    124      1      54     7.9909E+02  3.613E+13  4.667E-02  3.189E+01
     818      1    136      1    126      1      54     7.7820E+02  2.816E+12  1.000E-30  5.188E+00
     819      1    136      1    129      1      54     3.0380E+02  5.899E+12  3.165E-01  1.854E+01
     822      1    136      1    131      1      54     2.9116E+02  1.363E+12  1.000E-30  3.099E+00
     825      1    136      1    135      1      54     5.8334E+00  1.284E+07  1.889E-01  8.502E+00
     827      1    137      1    125      1      54     7.8707E+02  4.854E+13  1.366E-01  1.023E+01
     828      1    137      1    127      1      54     7.7154E+02  6.446E+11  1.000E-30  3.200E+00
     830      1    137      1    130      1      54     2.9761E+02  5.927E+12  9.639E-01  6.016E+00
     831      1    137      1    132      1      54     2.8584E+02  5.378E+11  1.000E-30  1.935E+00
     833      1    137      1    136      1      54     2.6080E+00  4.801E+05  1.860E-01  2.155E+00
     835      1    138      1    126      1      54     7.8806E+02  5.595E+13  2.477E-01  5.167E+00
     837      1    138      1    131      1      54     3.0103E+02  5.925E+12  2.029E+00  3.077E+00
     838      1    138      1    133      1      54     2.9194E+02  1.740E+11  1.000E-30  1.338E+00
     840      1    138      1    137      1      54     7.2571E+00  5.329E+06  1.400E-01  9.914E-01
     841      1    139      1    127      1      54     7.7953E+02  4.801E+13  2.878E-01  3.171E+00
     842      1    139      1    132      1      54     2.9383E+02  5.254E+12  3.533E+00  1.906E+00
     843      1    139      1    138      1      54     7.3047E-01  2.301E+03  6.781E-02  5.887E-01
     844      1    140      1    133      1      54     2.9317E+02  5.119E+12  5.941E+00  1.299E+00
     845      1    140      1    139      1      54     5.0455E-01  2.979E+02  3.066E-02  3.952E-01
     846      1    141      1    124      1      54     9.8280E+02  2.117E+13  1.000E-30  3.201E+01
     847      1    141      1    129      1      54     4.8751E+02  8.153E+12  1.000E-30  1.865E+01
     851      1    141      1    135      1      54     1.8954E+02  2.614E+12  1.000E-30  1.191E+01
     853      1    142      1    123      1      54     1.0032E+03  1.477E+13  1.261E-01  8.056E+00
     854      1    142      1    125      1      54     9.7165E+02  6.473E+12  1.000E-30  1.037E+01
     856      1    142      1    128      1      54     5.0043E+02  3.787E+12  3.135E-01  8.035E+00
     857      1    142      1    130      1      54     4.8220E+02  2.948E+12  1.000E-30  6.156E+00
     859      1    142      1    134      1      54     1.9865E+02  5.295E+11  1.276E+00  8.001E+00
     861      1    142      1    136      1      54     1.8719E+02  1.072E+12  1.000E-30  5.269E+00
     863      1    142      1    141      1      54     3.4847E+00  1.062E+06  2.041E+00  2.414E+00
     864      1    143      1    124      1      54     9.9046E+02  3.115E+13  2.023E-02  3.199E+01
     865      1    143      1    126      1      54     9.6956E+02  2.002E+12  1.000E-30  5.318E+00
     866      1    143      1    129      1      54     4.9517E+02  8.594E+12  8.336E-02  1.864E+01
     869      1    143      1    131      1      54     4.8253E+02  1.222E+12  1.000E-30  3.230E+00
     872      1    143      1    135      1      54     1.9720E+02  1.350E+12  6.196E-01  9.850E+00
     874      1    143      1    137      1      54     1.8876E+02  5.517E+11  1.000E-30  1.369E+00
     877      1    143      1    142      1      54     4.1712E+00  4.954E+06  3.183E-01  5.962E+00
     878      1    144      1    125      1      54     9.7774E+02  4.224E+13  5.513E-02  1.036E+01
     879      1    144      1    127      1      54     9.6221E+02  4.176E+11  1.000E-30  3.327E+00
     881      1    144      1    130      1      54     4.8829E+02  1.083E+13  2.329E-01  6.138E+00
     882      1    144      1    132      1      54     4.7651E+02  4.354E+11  1.000E-30  2.062E+00
     884      1    144      1    136      1      54     1.9328E+02  1.061E+12  1.969E+00  2.935E+00
     885      1    144      1    138      1      54     1.8342E+02  2.517E+11  1.000E-30  6.994E-01
     887      1    144      1    143      1      54     1.9160E+00  2.172E+05  2.837E-01  1.742E+00
     888      1    145      1    126      1      54     9.7835E+02  4.664E+13  8.806E-02  5.287E+00
     890      1    145      1    131      1      54     4.9132E+02  1.261E+13  4.242E-01  3.197E+00
     891      1    145      1    133      1      54     4.8223E+02  1.126E+11  1.000E-30  1.458E+00
     893      1    145      1    137      1      54     1.9755E+02  1.185E+12  4.020E+00  1.490E+00
     894      1    145      1    139      1      54     1.8956E+02  1.285E+11  1.000E-30  4.932E-01
     896      1    145      1    144      1      54     6.8766E+00  5.919E+06  1.784E-01  9.471E-01
     897      1    146      1    127      1      54     9.6958E+02  3.381E+13  8.078E-02  3.285E+00
     898      1    146      1    132      1      54     4.8388E+02  1.212E+13  5.899E-01  2.019E+00
     899      1    146      1    138      1      54     1.9078E+02  1.337E+12  6.420E+00  9.511E-01
     900      1    146      1    140      1      54     1.8955E+02  3.940E+10  1.000E-30  3.916E-01
     901      1    146      1    145      1      54     4.8959E-01  9.746E+02  7.901E-02  6.568E-01
     902      1    147      1    133      1      54     4.8306E+02  1.021E+13  5.828E-01  1.406E+00
     903      1    147      1    139      1      54     1.9039E+02  1.903E+12  9.793E+00  6.760E-01
     904      1    147      1    146      1      54     3.3818E-01  1.678E+02  4.069E-02  5.005E-01
     905      1    148      1    140      1      54     1.9013E+02  2.090E+12  1.466E+01  5.026E-01
     906      1    148      1    147      1      54     2.4746E-01  2.667E+01  1.697E-02  3.904E-01
     907      1    149      1    124      1      54     1.1162E+03  1.633E+13  1.000E-30  3.217E+01
     908      1    149      1    129      1      54     6.2092E+02  6.921E+12  1.000E-30  1.881E+01
     910      1    149      1    135      1      54     3.2295E+02  2.913E+12  1.000E-30  1.208E+01
     913      1    149      1    142      1      54     1.2992E+02  9.988E+11  1.000E-30  8.387E+00
     915      1    150      1    123      1      54     1.1354E+03  1.224E+13  9.330E-02  5.950E+00
     916      1    150      1    125      1      54     1.1038E+03  4.863E+12  1.000E-30  1.055E+01
     917      1    150      1    128      1      54     6.3256E+02  3.823E+12  1.873E-01  5.929E+00
     918      1    150      1    130      1      54     6.1433E+02  2.417E+12  1.000E-30  6.332E+00
     919      1    150      1    134      1      54     3.3078E+02  1.064E+12  4.552E-01  5.953E+00
     921      1    150      1    136      1      54     3.1933E+02  1.148E+12  1.000E-30  3.471E+00
     923      1    150      1    141      1      54     1.3562E+02  1.459E+11  1.835E+00  6.017E+00
     925      1    150      1    143      1      54     1.2796E+02  4.289E+11  1.000E-30  4.155E+00
     927      1    150      1    149      1      54     2.2069E+00  3.712E+05  2.534E+00  2.000E+00
     928      1    151      1    124      1      54     1.1216E+03  2.499E+13  1.087E-02  3.214E+01
     929      1    151      1    126      1      54     1.1007E+03  1.439E+12  1.000E-30  5.492E+00
     930      1    151      1    129      1      54     6.2630E+02  8.163E+12  3.617E-02  1.879E+01
     931      1    151      1    131      1      54     6.1366E+02  9.437E+11  1.000E-30  3.402E+00
     933      1    151      1    135      1      54     3.2833E+02  2.425E+12  1.520E-01  1.060E+01
     935      1    151      1    137      1      54     3.1989E+02  5.433E+11  1.000E-30  1.184E+00
     937      1    151      1    142      1      54     1.3530E+02  3.806E+11  9.098E-01  6.935E+00
     939      1    151      1    144      1      54     1.2921E+02  2.393E+11  1.000E-30  1.363E+00
     941      1    151      1    150      1      54     3.1681E+00  2.249E+06  4.821E-01  4.623E+00
     942      1    152      1    125      1      54     1.1084E+03  3.350E+13  2.799E-02  1.052E+01
     943      1    152      1    127      1      54     1.0929E+03  2.820E+11  1.000E-30  3.495E+00
     944      1    152      1    130      1      54     6.1900E+02  1.087E+13  9.453E-02  6.308E+00
     945      1    152      1    132      1      54     6.0722E+02  3.143E+11  1.000E-30  2.230E+00
     947      1    152      1    136      1      54     3.2399E+02  2.773E+12  4.232E-01  3.424E+00
     948      1    152      1    138      1      54     3.1413E+02  2.345E+11  1.000E-30  8.828E-01
     950      1    152      1    143      1      54     1.3263E+02  3.361E+11  2.472E+00  2.321E+00
     951      1    152      1    145      1      54     1.2383E+02  1.156E+11  1.000E-30  8.602E-01
     953      1    152      1    151      1      54     1.4980E+00  1.283E+05  3.290E-01  1.679E+00
     954      1    153      1    126      1      54     1.1088E+03  3.531E+13  4.073E-02  5.450E+00
     955      1    153      1    131      1      54     6.2180E+02  1.283E+13  1.568E-01  3.361E+00
     956      1    153      1    133      1      54     6.1271E+02  7.156E+10  1.000E-30  1.621E+00
     958      1    153      1    137      1      54     3.2803E+02  3.149E+12  7.411E-01  1.852E+00
     959      1    153      1    139      1      54     3.2004E+02  9.876E+10  1.000E-30  7.515E-01
     961      1    153      1    144      1      54     1.3736E+02  5.819E+11  4.220E+00  1.347E+00
     962      1    153      1    146      1      54     1.2999E+02  7.579E+10  1.000E-30  6.804E-01
     963      1    153      1    152      1      54     6.6466E+00  6.477E+06  1.690E-01  1.101E+00
     964      1    154      1    127      1      54     1.0999E+03  2.266E+13  3.234E-02  3.440E+00
     965      1    154      1    132      1      54     6.1421E+02  1.194E+13  1.847E-01  2.174E+00
     966      1    154      1    138      1      54     3.2112E+02  3.744E+12  9.948E-01  1.241E+00
     967      1    154      1    140      1      54     3.1988E+02  2.468E+10  1.000E-30  6.439E-01
     968      1    154      1    145      1      54     1.3082E+02  5.689E+11  5.603E+00  9.643E-01
     969      1    154      1    147      1      54     1.3000E+02  3.499E+10  1.000E-30  5.747E-01
     970      1    154      1    153      1      54     3.4390E-01  4.366E+02  6.881E-02  8.700E-01
     971      1    155      1    133      1      54     6.1329E+02  8.272E+12  1.386E-01  1.552E+00
     972      1    155      1    139      1      54     3.2062E+02  3.761E+12  1.136E+00  9.192E-01
     973      1    155      1    146      1      54     1.3057E+02  6.562E+11  7.283E+00  7.533E-01
     974      1    155      1    148      1      54     1.2999E+02  1.085E+10  1.000E-30  4.900E-01
     975      1    155      1    154      1      54     2.3759E-01  8.343E+01  3.591E-02  7.281E-01
     976      1    156      1    124      1      54     1.2114E+03  1.260E+13  1.000E-30  3.238E+01
     977      1    156      1    129      1      54     7.1613E+02  5.604E+12  1.000E-30  1.902E+01
     978      1    156      1    135      1      54     4.1816E+02  2.600E+12  1.000E-30  1.232E+01
     980      1    156      1    142      1      54     2.2513E+02  1.174E+12  1.000E-30  8.621E+00
     983      1    156      1    150      1      54     9.3002E+01  4.260E+11  1.000E-30  6.468E+00
     985      1    157      1    123      1      54     1.2298E+03  9.919E+12  7.263E-02  4.729E+00
     986      1    157      1    125      1      54     1.1982E+03  3.677E+12  1.000E-30  1.079E+01
     987      1    157      1    128      1      54     7.2695E+02  3.412E+12  1.302E-01  4.708E+00
     988      1    157      1    130      1      54     7.0872E+02  1.913E+12  1.000E-30  6.565E+00
     989      1    157      1    134      1      54     4.2517E+02  1.187E+12  2.547E-01  4.738E+00
     990      1    157      1    136      1      54     4.1371E+02  9.935E+11  1.000E-30  2.807E+00
     991      1    157      1    141      1      54     2.3000E+02  3.497E+11  6.083E-01  4.816E+00
     993      1    157      1    143      1      54     2.2235E+02  4.875E+11  1.000E-30  3.088E+00
     995      1    157      1    149      1      54     9.6594E+01  4.987E+10  2.386E+00  4.944E+00
     997      1    157      1    151      1      54     9.1219E+01  1.867E+11  1.000E-30  3.625E+00
     999      1    157      1    156      1      54     1.3856E+00  9.656E+04  2.407E+00  1.969E+00
    1000      1    158      1    124      1      54     1.2153E+03  1.971E+13  6.510E-03  3.237E+01
    1001      1    158      1    126      1      54     1.1944E+03  1.057E+12  1.000E-30  5.723E+00
    1002      1    158      1    129      1      54     7.2004E+02  6.981E+12  1.923E-02  1.901E+01
    1003      1    158      1    131      1      54     7.0740E+02  7.186E+11  1.000E-30  3.634E+00
    1004      1    158      1    135      1      54     4.2207E+02  2.544E+12  6.239E-02  1.122E+01
    1005      1    158      1    137      1      54     4.1363E+02  4.479E+11  1.000E-30  1.561E+00
    1007      1    158      1    142      1      54     2.2904E+02  8.054E+11  2.209E-01  7.519E+00
    1009      1    158      1    144      1      54     2.2296E+02  2.541E+11  1.000E-30  1.312E+00
    1011      1    158      1    150      1      54     9.6914E+01  1.253E+11  1.215E+00  5.405E+00
    1012      1    158      1    152      1      54     9.2248E+01  1.106E+11  1.000E-30  1.561E+00
    1014      1    158      1    157      1      54     2.5273E+00  1.194E+06  6.369E-01  4.014E+00
    1015      1    159      1    125      1      54     1.2019E+03  2.614E+13  1.587E-02  1.075E+01
    1016      1    159      1    127      1      54     1.1864E+03  1.986E+11  1.000E-30  3.724E+00
    1017      1    159      1    130      1      54     7.1248E+02  9.431E+12  4.738E-02  6.535E+00
    1018      1    159      1    132      1      54     7.0070E+02  2.273E+11  1.000E-30  2.458E+00
    1019      1    159      1    136      1      54     4.1747E+02  3.254E+12  1.560E-01  3.856E+00
    1020      1    159      1    138      1      54     4.0761E+02  1.842E+11  1.000E-30  1.279E+00
    1022      1    159      1    143      1      54     2.2610E+02  9.064E+11  5.190E-01  2.747E+00
    1023      1    159      1    145      1      54     2.1731E+02  1.215E+11  1.000E-30  1.050E+00
    1025      1    159      1    151      1      54     9.4977E+01  1.697E+11  2.554E+00  2.175E+00
    1026      1    159      1    153      1      54     8.6832E+01  5.370E+10  1.000E-30  1.163E+00
    1028      1    159      1    158      1      54     1.2307E+00  8.200E+04  3.096E-01  1.873E+00
    1029      1    160      1    126      1      54     1.2022E+03  2.654E+13  2.141E-02  5.670E+00
    1030      1    160      1    131      1      54     7.1513E+02  1.102E+13  7.124E-02  3.581E+00
    1031      1    160      1    133      1      54     7.0604E+02  4.806E+10  1.000E-30  1.841E+00
    1032      1    160      1    137      1      54     4.2136E+02  3.968E+12  2.432E-01  2.200E+00
    1033      1    160      1    139      1      54     4.1337E+02  6.936E+10  1.000E-30  1.090E+00
    1035      1    160      1    144      1      54     2.3069E+02  1.318E+12  7.700E-01  1.689E+00
    1036      1    160      1    146      1      54     2.2332E+02  6.536E+10  1.000E-30  9.366E-01
    1037      1    160      1    152      1      54     9.9979E+01  2.478E+11  3.505E+00  1.474E+00
    1038      1    160      1    154      1      54     9.2988E+01  4.258E+10  1.000E-30  9.985E-01
    1039      1    160      1    159      1      54     6.4994E+00  7.233E+06  1.359E-01  1.432E+00
    1040      1    161      1    127      1      54     1.1932E+03  1.566E+13  1.503E-02  3.652E+00
    1041      1    161      1    132      1      54     7.0745E+02  9.760E+12  7.371E-02  2.387E+00
    1042      1    161      1    138      1      54     4.1436E+02  4.380E+12  2.841E-01  1.537E+00
    1043      1    161      1    140      1      54     4.1312E+02  1.535E+10  1.000E-30  9.402E-01
    1044      1    161      1    145      1      54     2.2406E+02  1.372E+12  9.004E-01  1.262E+00
    1045      1    161      1    147      1      54     2.2323E+02  2.590E+10  1.000E-30  8.376E-01
    1046      1    161      1    153      1      54     9.3583E+01  2.385E+11  3.852E+00  1.181E+00
    1047      1    161      1    155      1      54     9.3001E+01  2.359E+10  1.000E-30  8.848E-01
    1048      1    161      1    160      1      54     2.5061E-01  2.057E+02  5.403E-02  1.233E+00
    1049      1    162      1    133      1      54     7.0646E+02  5.801E+12  4.574E-02  1.755E+00
    1050      1    162      1    139      1      54     4.1380E+02  4.050E+12  2.629E-01  1.185E+00
    1051      1    162      1    146      1      54     2.2375E+02  1.509E+12  9.771E-01  1.017E+00
    1052      1    162      1    148      1      54     2.2316E+02  6.551E+09  1.000E-30  7.400E-01
    1053      1    162      1    154      1      54     9.3412E+01  2.855E+11  4.451E+00  9.999E-01
    1054      1    162      1    161      1      54     1.7317E-01  4.158E+01  2.825E-02  1.093E+00
