#  File format type:   4
#
#  SPECT3D transition powers file.
#  RUN NAME:  xe_750-1300_4mm
#  Total number of transitions   =     1380
#  Number of written transitions =      624
#  Plasma temperature (eV)       =     1.5000E+02
#  Mass density (g/cm3)          =     2.1803E-03
#  Cell areal density (g/cm2)    =     8.7214E-04
#  Material mass fractions       =     1.0000E+00
#  DCA material number fractions =     1.0000E+00
# -----------------------------------------------------
#
#
#   Trans.  Trans  Upper  Upper  Lower  Lower   Ioniz   Energy     Line Power Line Center Line Width
#   Index   Model  Level  Model  Level  Model   Stage   (eV)       (W/cm2)    Opt. Depth      eV
# --------------------------------------------------------------------------------------------------
       1      1      3      1      2      1      52     1.1982E+02  1.335E+09  2.727E-08  1.012E-02
       2      1      4      1      2      1      52     4.9234E+02  1.022E+11  2.303E+00  4.099E-02
       4      1      6      1      5      1      52     1.0651E+02  5.065E+09  3.165E-03  7.871E+01
       6      1      7      1      6      1      52     6.8034E+01  6.661E+08  4.413E-04  9.466E+01
       7      1      9      1      8      1      52     3.8672E+01  2.915E+08  1.056E-02  2.872E+01
       9      1     10      1      9      1      52     3.4641E+01  1.901E+08  2.889E-03  3.134E+01
      11      1     11      1     10      1      52     9.4480E+00  6.621E+05  1.092E-03  8.527E+00
      13      1     12      1      9      1      52     8.3242E+02  1.097E+13  1.000E-30  4.474E+01
      14      1     13      1      8      1      52     8.9349E+02  8.396E+12  2.658E-02  2.726E+01
      16      1     13      1     10      1      52     8.2018E+02  2.902E+12  1.000E-30  1.546E+01
      17      1     13      1     12      1      52     2.2396E+01  8.085E+07  2.676E-02  1.656E+01
      19      1     14      1      9      1      52     8.6975E+02  1.822E+13  1.490E-02  3.751E+01
      21      1     14      1     11      1      52     8.2566E+02  6.922E+11  1.000E-30  2.940E+00
      23      1     14      1     13      1      52     1.4925E+01  1.773E+07  5.251E-03  2.021E+01
      25      1     15      1     10      1      52     8.3968E+02  2.941E+13  4.909E-02  1.284E+01
      28      1     15      1     14      1      52     4.5752E+00  1.302E+05  3.692E-03  4.382E+00
      30      1     16      1     11      1      52     8.3260E+02  4.357E+13  1.276E-01  5.900E+00
      32      1     16      1     15      1      52     2.3647E+00  5.436E+03  1.998E-03  1.746E+00
      34      1     17      1      9      1      52     1.3019E+03  9.203E+12  1.000E-30  4.466E+01
      36      1     17      1     13      1      52     4.4709E+02  2.332E+12  1.000E-30  2.762E+01
      38      1     18      1      8      1      52     1.3534E+03  8.098E+12  1.240E-02  1.589E+01
      40      1     18      1     10      1      52     1.2800E+03  2.248E+12  1.000E-30  8.583E+00
      41      1     18      1     12      1      52     4.8226E+02  1.403E+12  5.043E-02  1.577E+01
      43      1     18      1     14      1      52     4.4493E+02  7.788E+11  1.000E-30  9.487E+00
      45      1     18      1     17      1      52     1.2770E+01  1.735E+07  5.687E-02  9.391E+00
      47      1     19      1      9      1      52     1.3234E+03  1.667E+13  3.524E-03  4.044E+01
      49      1     19      1     11      1      52     1.2793E+03  4.575E+11  1.000E-30  4.047E+00
      51      1     19      1     13      1      52     4.6860E+02  2.814E+12  2.389E-02  2.339E+01
      53      1     19      1     15      1      52     4.4910E+02  2.844E+11  1.000E-30  1.778E+00
      56      1     19      1     18      1      52     8.7378E+00  4.564E+06  1.175E-02  1.170E+01
      58      1     20      1     10      1      52     1.2912E+03  2.381E+13  9.173E-03  1.448E+01
      61      1     20      1     14      1      52     4.5609E+02  4.192E+12  9.344E-02  6.345E+00
      63      1     20      1     16      1      52     4.4915E+02  8.008E+10  1.000E-30  7.113E-01
      65      1     20      1     19      1      52     2.4178E+00  2.459E+04  8.241E-03  2.533E+00
      67      1     21      1     11      1      52     1.2829E+03  2.482E+13  1.469E-02  6.921E+00
      69      1     21      1     15      1      52     4.5271E+02  5.553E+12  2.290E-01  2.895E+00
      72      1     21      1     20      1      52     1.2002E+00  1.194E+03  5.766E-03  1.023E+00
      75      1     22      1     16      1      52     4.5135E+02  6.747E+12  4.663E-01  1.647E+00
      77      1     22      1     21      1      52     1.0028E+00  3.154E+02  3.921E-03  5.262E-01
      79      1     23      1     13      1      52     7.2854E+02  2.236E+12  1.000E-30  2.759E+01
      81      1     23      1     18      1      52     2.6868E+02  6.550E+11  1.000E-30  1.596E+01
      83      1     24      1     12      1      52     7.5883E+02  1.565E+12  2.197E-02  9.968E+00
      85      1     24      1     14      1      52     7.2151E+02  6.941E+11  1.000E-30  5.078E+00
      86      1     24      1     17      1      52     2.8935E+02  3.173E+11  8.783E-02  9.936E+00
      88      1     24      1     19      1      52     2.6784E+02  2.450E+11  1.000E-30  6.226E+00
      90      1     24      1     23      1      52     7.9016E+00  4.480E+06  1.061E-01  5.827E+00
      92      1     25      1     13      1      52     7.4204E+02  3.026E+12  5.927E-03  2.490E+01
      94      1     25      1     15      1      52     7.2254E+02  2.243E+11  1.000E-30  1.756E+00
      96      1     25      1     18      1      52     2.8218E+02  6.169E+11  4.322E-02  1.333E+01
      98      1     25      1     20      1      52     2.7102E+02  1.098E+11  1.000E-30  1.216E+00
     101      1     25      1     24      1      52     5.5989E+00  1.443E+06  2.281E-02  7.358E+00
     103      1     26      1     14      1      52     7.2843E+02  4.442E+12  1.942E-02  7.211E+00
     105      1     26      1     16      1      52     7.2149E+02  5.272E+10  1.000E-30  1.198E+00
     107      1     26      1     19      1      52     2.7476E+02  8.309E+11  1.620E-01  3.585E+00
     109      1     26      1     21      1      52     2.7114E+02  4.678E+10  1.000E-30  4.546E-01
     112      1     26      1     25      1      52     1.3194E+00  4.749E+03  1.533E-02  1.634E+00
     114      1     27      1     15      1      52     7.2446E+02  5.433E+12  3.721E-02  3.426E+00
     117      1     27      1     20      1      52     2.7295E+02  9.918E+11  3.739E-01  1.637E+00
     119      1     27      1     22      1      52     2.7075E+02  1.382E+10  1.000E-30  2.594E-01
     121      1     27      1     26      1      52     6.0740E-01  2.075E+02  1.182E-02  6.720E-01
     123      1     28      1     16      1      52     7.2273E+02  4.968E+12  4.571E-02  2.021E+00
     125      1     28      1     21      1      52     2.7238E+02  1.107E+12  7.305E-01  9.367E-01
     128      1     28      1     27      1      52     6.3240E-01  1.463E+02  1.091E-02  3.537E-01
     129      1     29      1     13      1      52     9.1039E+02  1.778E+12  1.000E-30  2.756E+01
     131      1     29      1     18      1      52     4.5053E+02  6.809E+11  1.000E-30  1.593E+01
     134      1     29      1     24      1      52     1.7396E+02  2.168E+11  1.000E-30  1.008E+01
     136      1     30      1     12      1      52     9.3797E+02  1.330E+12  1.449E-02  6.732E+00
     137      1     30      1     14      1      52     9.0065E+02  5.276E+11  1.000E-30  4.469E+00
     138      1     30      1     17      1      52     4.6848E+02  3.947E+11  3.570E-02  6.700E+00
     140      1     30      1     19      1      52     4.4698E+02  2.412E+11  1.000E-30  3.522E+00
     142      1     30      1     23      1      52     1.8704E+02  8.779E+10  1.423E-01  6.686E+00
     144      1     30      1     25      1      52     1.7354E+02  8.766E+10  1.000E-30  4.320E+00
     146      1     30      1     29      1      52     5.1810E+00  1.312E+06  1.814E-01  3.844E+00
     147      1     31      1     13      1      52     9.1941E+02  2.539E+12  2.509E-03  2.576E+01
     148      1     31      1     15      1      52     8.9991E+02  1.592E+11  1.000E-30  2.493E+00
     150      1     31      1     18      1      52     4.5956E+02  7.480E+11  1.089E-02  1.420E+01
     152      1     31      1     20      1      52     4.4840E+02  9.785E+10  1.000E-30  9.469E-01
     155      1     31      1     24      1      52     1.8298E+02  1.686E+11  7.228E-02  8.287E+00
     157      1     31      1     26      1      52     1.7606E+02  4.483E+10  1.000E-30  8.969E-01
     160      1     31      1     30      1      52     3.8407E+00  5.427E+05  4.006E-02  4.996E+00
     161      1     32      1     14      1      52     9.0519E+02  3.575E+12  7.501E-03  7.690E+00
     162      1     32      1     16      1      52     8.9825E+02  3.402E+10  1.000E-30  1.678E+00
     164      1     32      1     19      1      52     4.5152E+02  1.067E+12  3.543E-02  4.071E+00
     166      1     32      1     21      1      52     4.4790E+02  3.646E+10  1.000E-30  6.303E-01
     169      1     32      1     25      1      52     1.7808E+02  2.059E+11  2.588E-01  2.242E+00
     171      1     32      1     27      1      52     1.7615E+02  2.302E+10  1.000E-30  3.491E-01
     174      1     32      1     31      1      52     7.0280E-01  8.201E+02  2.516E-02  1.149E+00
     175      1     33      1     15      1      52     9.0089E+02  3.996E+12  1.254E-02  3.751E+00
     177      1     33      1     20      1      52     4.4938E+02  1.335E+12  7.018E-02  1.949E+00
     179      1     33      1     22      1      52     4.4717E+02  8.939E+09  1.000E-30  4.812E-01
     181      1     33      1     26      1      52     1.7704E+02  2.283E+11  5.734E-01  1.034E+00
     183      1     33      1     28      1      52     1.7580E+02  1.025E+10  1.000E-30  1.986E-01
     185      1     33      1     32      1      52     2.7490E-01  2.422E+01  2.036E-02  4.978E-01
     186      1     34      1     16      1      52     8.9895E+02  2.954E+12  1.213E-02  2.241E+00
     188      1     34      1     21      1      52     4.4860E+02  1.455E+12  1.049E-01  1.157E+00
     191      1     34      1     27      1      52     1.7685E+02  2.326E+11  1.052E+00  5.963E-01
     194      1     34      1     33      1      52     4.2420E-01  6.216E+01  1.942E-02  2.797E-01
     195      1     35      1     13      1      52     1.0346E+03  1.372E+12  1.000E-30  2.759E+01
     196      1     35      1     18      1      52     5.7478E+02  5.782E+11  1.000E-30  1.596E+01
     198      1     35      1     24      1      52     2.9820E+02  2.429E+11  1.000E-30  1.005E+01
     201      1     35      1     30      1      52     1.1906E+02  8.292E+10  1.000E-30  6.788E+00
     203      1     36      1     12      1      52     1.0606E+03  1.068E+12  1.119E-02  4.814E+00
     204      1     36      1     14      1      52     1.0233E+03  3.960E+11  1.000E-30  5.229E+00
     205      1     36      1     17      1      52     5.9109E+02  3.622E+11  2.243E-02  4.782E+00
     206      1     36      1     19      1      52     5.6958E+02  1.970E+11  1.000E-30  2.635E+00
     207      1     36      1     23      1      52     3.0964E+02  1.213E+11  5.481E-02  4.761E+00
     209      1     36      1     25      1      52     2.9614E+02  9.377E+10  1.000E-30  2.626E+00
     211      1     36      1     29      1      52     1.2779E+02  2.807E+10  2.172E-01  4.745E+00
     213      1     36      1     31      1      52     1.1877E+02  3.524E+10  1.000E-30  3.154E+00
     215      1     36      1     35      1      52     3.5433E+00  4.203E+05  2.836E-01  2.710E+00
     216      1     37      1     13      1      52     1.0410E+03  2.018E+12  1.342E-03  2.631E+01
     217      1     37      1     15      1      52     1.0215E+03  1.144E+11  1.000E-30  3.047E+00
     218      1     37      1     18      1      52     5.8110E+02  6.767E+11  4.632E-03  1.474E+01
     219      1     37      1     20      1      52     5.6995E+02  7.538E+10  1.000E-30  1.309E+00
     221      1     37      1     24      1      52     3.0452E+02  2.252E+11  1.827E-02  8.835E+00
     223      1     37      1     26      1      52     2.9760E+02  4.375E+10  1.000E-30  6.319E-01
     226      1     37      1     30      1      52     1.2539E+02  5.411E+10  1.126E-01  5.570E+00
     228      1     37      1     32      1      52     1.2084E+02  1.966E+10  1.000E-30  7.177E-01
     231      1     37      1     36      1      52     2.7803E+00  2.343E+05  6.562E-02  3.587E+00
     232      1     38      1     14      1      52     1.0264E+03  2.756E+12  3.787E-03  7.981E+00
     233      1     38      1     16      1      52     1.0194E+03  2.289E+10  1.000E-30  1.994E+00
     234      1     38      1     19      1      52     5.7269E+02  9.543E+11  1.396E-02  4.387E+00
     235      1     38      1     21      1      52     5.6908E+02  2.587E+10  1.000E-30  9.161E-01
     237      1     38      1     25      1      52     2.9925E+02  3.105E+11  5.806E-02  2.552E+00
     239      1     38      1     27      1      52     2.9733E+02  2.023E+10  1.000E-30  3.991E-01
     242      1     38      1     31      1      52     1.2188E+02  6.040E+10  3.819E-01  1.536E+00
     244      1     38      1     33      1      52     1.2090E+02  1.128E+10  1.000E-30  3.151E-01
     247      1     38      1     37      1      52     3.3030E-01  9.738E+01  3.812E-02  8.849E-01
     248      1     39      1     15      1      52     1.0219E+03  2.885E+12  5.807E-03  3.957E+00
     249      1     39      1     20      1      52     5.7035E+02  1.149E+12  2.510E-02  2.155E+00
     250      1     39      1     22      1      52     5.6815E+02  5.678E+09  1.000E-30  6.812E-01
     252      1     39      1     26      1      52     2.9801E+02  3.816E+11  1.138E-01  1.234E+00
     254      1     39      1     28      1      52     2.9677E+02  7.819E+09  1.000E-30  3.165E-01
     256      1     39      1     32      1      52     1.2125E+02  6.235E+10  7.911E-01  7.342E-01
     258      1     39      1     34      1      52     1.2055E+02  6.026E+09  1.000E-30  1.944E-01
     260      1     39      1     38      1      52     7.3900E-02  5.544E-01  3.313E-02  3.568E-01
     261      1     40      1     16      1      52     1.0198E+03  1.886E+12  4.882E-03  2.395E+00
     262      1     40      1     21      1      52     5.6945E+02  1.140E+12  3.236E-02  1.304E+00
     264      1     40      1     27      1      52     2.9770E+02  4.295E+11  1.778E-01  7.443E-01
     267      1     40      1     33      1      52     1.2127E+02  6.233E+10  1.362E+00  4.437E-01
     270      1     40      1     39      1      52     2.9800E-01  2.757E+01  2.533E-02  2.636E-01
     271      1     41      1     13      1      52     1.1233E+03  1.059E+12  1.000E-30  2.763E+01
     272      1     41      1     18      1      52     6.6340E+02  4.691E+11  1.000E-30  1.601E+01
     273      1     41      1     24      1      52     3.8682E+02  2.162E+11  1.000E-30  1.010E+01
     275      1     41      1     30      1      52     2.0768E+02  9.718E+10  1.000E-30  6.832E+00
     278      1     41      1     36      1      52     8.5076E+01  3.498E+10  1.000E-30  4.867E+00
     280      1     42      1     12      1      52     1.1482E+03  8.448E+11  9.310E-03  3.595E+00
     281      1     42      1     14      1      52     1.1108E+03  3.001E+11  1.000E-30  6.048E+00
     282      1     42      1     17      1      52     6.7867E+02  3.071E+11  1.671E-02  3.563E+00
     283      1     42      1     19      1      52     6.5716E+02  1.557E+11  1.000E-30  2.800E+00
     284      1     42      1     23      1      52     3.9722E+02  1.182E+11  3.292E-02  3.549E+00
     285      1     42      1     25      1      52     3.8372E+02  8.111E+10  1.000E-30  1.868E+00
     286      1     42      1     29      1      52     2.1536E+02  4.286E+10  7.967E-02  3.545E+00
     288      1     42      1     31      1      52     2.0634E+02  3.996E+10  1.000E-30  2.063E+00
     290      1     42      1     35      1      52     9.1119E+01  1.008E+10  3.132E-01  3.548E+00
     292      1     42      1     37      1      52     8.4795E+01  1.551E+10  1.000E-30  2.425E+00
     294      1     42      1     41      1      52     2.4992E+00  1.467E+05  3.970E-01  2.097E+00
     295      1     43      1     13      1      52     1.1279E+03  1.585E+12  8.132E-04  2.674E+01
     296      1     43      1     15      1      52     1.1084E+03  8.405E+10  1.000E-30  3.443E+00
     297      1     43      1     18      1      52     6.6800E+02  5.676E+11  2.485E-03  1.511E+01
     298      1     43      1     20      1      52     6.5684E+02  5.719E+10  1.000E-30  1.660E+00
     299      1     43      1     24      1      52     3.9142E+02  2.160E+11  7.792E-03  9.199E+00
     300      1     43      1     26      1      52     3.8450E+02  3.591E+10  1.000E-30  8.025E-01
     302      1     43      1     30      1      52     2.1228E+02  7.852E+10  2.841E-02  5.921E+00
     304      1     43      1     32      1      52     2.0774E+02  2.055E+10  1.000E-30  5.192E-01
     307      1     43      1     36      1      52     8.9678E+01  1.958E+10  1.652E-01  3.969E+00
     309      1     43      1     38      1      52     8.6568E+01  9.218E+09  1.000E-30  6.293E-01
     312      1     43      1     42      1      52     2.1031E+00  1.127E+05  9.972E-02  2.723E+00
     313      1     44      1     15      1      52     1.1084E+03  2.134E+12  3.204E-03  4.113E+00
     314      1     44      1     20      1      52     6.5688E+02  9.166E+11  1.195E-02  2.305E+00
     315      1     44      1     22      1      52     6.5468E+02  3.802E+09  1.000E-30  8.318E-01
     316      1     44      1     26      1      52     3.8454E+02  3.702E+11  4.134E-02  1.390E+00
     317      1     44      1     28      1      52     3.8330E+02  5.512E+09  1.000E-30  4.601E-01
     319      1     44      1     32      1      52     2.0778E+02  1.251E+11  1.615E-01  8.855E-01
     321      1     44      1     34      1      52     2.0708E+02  5.193E+09  1.000E-30  2.681E-01
     323      1     44      1     38      1      52     8.6605E+01  2.061E+10  9.610E-01  5.945E-01
     325      1     44      1     40      1      52     8.6233E+01  3.382E+09  1.000E-30  2.264E-01
     327      1     45      1     14      1      52     1.1130E+03  2.121E+12  2.208E-03  8.216E+00
     328      1     45      1     16      1      52     1.1061E+03  1.603E+10  1.000E-30  2.222E+00
     329      1     45      1     19      1      52     6.5935E+02  7.898E+11  7.109E-03  4.609E+00
     330      1     45      1     21      1      52     6.5574E+02  1.871E+10  1.000E-30  1.138E+00
     331      1     45      1     25      1      52     3.8591E+02  3.015E+11  2.298E-02  2.774E+00
     332      1     45      1     27      1      52     3.8399E+02  1.552E+10  1.000E-30  5.868E-01
     334      1     45      1     31      1      52     2.0854E+02  1.039E+11  8.601E-02  1.751E+00
     336      1     45      1     33      1      52     2.0756E+02  1.088E+10  1.000E-30  3.266E-01
     339      1     45      1     37      1      52     8.6990E+01  2.035E+10  5.175E-01  1.158E+00
     341      1     45      1     39      1      52     8.6586E+01  5.709E+09  1.000E-30  3.240E-01
     344      1     45      1     43      1      52     9.2200E-02  2.388E+00  6.646E-02  5.593E-01
     345      1     45      1     44      1      52     5.4600E-02  3.516E-01  1.000E-30  2.855E-01
     346      1     46      1     16      1      52     1.1062E+03  1.272E+12  2.437E-03  2.512E+00
     347      1     46      1     21      1      52     6.5590E+02  8.433E+11  1.389E-02  1.421E+00
     348      1     46      1     27      1      52     3.8415E+02  4.053E+11  5.819E-02  8.627E-01
     350      1     46      1     33      1      52     2.0772E+02  1.423E+11  2.444E-01  5.570E-01
     353      1     46      1     39      1      52     8.6749E+01  2.858E+10  1.469E+00  3.891E-01
     355      1     46      1     44      1      52     2.1720E-01  1.284E+01  2.552E-02  2.910E-01
     357      1     48      1     47      1      52     3.1750E+02  3.904E+10  2.166E-03  1.840E+02
     358      1     49      1     48      1      52     3.6284E+02  2.122E+11  1.191E-04  2.762E+02
     359      1     51      1     50      1      52     7.7750E-01  5.558E+02  1.014E-03  1.384E+02
     360      1     52      1     51      1      52     6.6689E+02  3.294E+12  1.000E-30  4.204E+02
     361      1     54      1     53      1      52     3.0082E+01  1.972E+08  1.000E-30  1.845E+02
     362      1     55      1     53      1      52     1.0120E+02  4.055E+09  2.879E-03  8.075E+01
     363      1     56      1     54      1      52     1.0442E+02  4.550E+09  3.195E-03  7.434E+01
     364      1     56      1     55      1      52     3.3297E+01  2.656E+08  1.000E-30  1.922E+02
     365      1     57      1     55      1      52     9.2670E+01  2.272E+09  5.087E-04  1.109E+02
     367      1     58      1     56      1      52     9.3608E+01  2.353E+09  5.330E-04  1.064E+02
     368      1     58      1     57      1      52     3.4235E+01  2.883E+08  1.000E-30  1.948E+02
     369      1     61      1     60      1      53     7.7081E+01  1.578E+08  6.867E-09  6.594E-03
     370      1     62      1     60      1      53     8.3045E+01  2.374E+08  1.000E-30  7.084E-03
     373      1     63      1     61      1      53     8.0094E+00  4.115E+02  1.000E-30  9.172E-04
     375      1     64      1     60      1      53     4.6515E+02  1.044E+11  1.484E+00  3.870E-02
     378      1     65      1     60      1      53     5.0090E+02  1.115E+11  2.804E-09  4.161E-02
     380      1     65      1     63      1      53     4.1581E+02  2.886E+10  3.217E+00  3.463E-02
     381      1     67      1     66      1      53     9.2071E+01  2.720E+09  3.616E-03  5.730E+01
     383      1     68      1     67      1      53     2.1266E+02  3.574E+10  6.893E-04  3.995E+01
     385      1     69      1     67      1      53     2.3259E+02  2.756E+10  1.000E-30  2.161E+01
     386      1     71      1     70      1      53     1.8245E+01  1.777E+07  1.379E-02  1.282E+01
     388      1     72      1     71      1      53     7.1086E+01  3.211E+09  5.207E-03  3.416E+01
     390      1     73      1     72      1      53     1.1156E+02  1.224E+10  1.054E-02  1.007E+01
     392      1     74      1     71      1      53     8.8734E+02  1.305E+13  1.000E-30  4.808E+01
     393      1     75      1     70      1      53     9.0769E+02  9.007E+12  2.496E-02  2.963E+01
     395      1     75      1     72      1      53     8.1835E+02  2.727E+12  1.000E-30  1.674E+01
     396      1     75      1     74      1      53     2.1014E+00  3.562E+04  5.142E-02  4.751E+00
     398      1     76      1     71      1      53     9.4411E+02  2.463E+13  1.456E-02  4.053E+01
     400      1     76      1     73      1      53     7.6146E+02  4.819E+11  1.000E-30  3.174E+00
     402      1     76      1     75      1      53     5.4666E+01  2.941E+09  1.602E-02  2.271E+01
     404      1     77      1     72      1      53     9.7713E+02  5.175E+13  5.081E-02  1.388E+01
     407      1     77      1     76      1      53     1.0411E+02  3.059E+10  6.771E-02  5.205E+00
     409      1     78      1     73      1      53     1.0763E+03  1.149E+14  1.463E-01  6.410E+00
     411      1     78      1     77      1      53     2.1071E+02  2.133E+11  1.042E-01  2.126E+00
     412      1     79      1     70      1      53     1.3871E+03  8.884E+12  1.117E-02  1.795E+01
     414      1     79      1     72      1      53     1.2978E+03  2.256E+12  1.000E-30  9.353E+00
     415      1     79      1     74      1      53     4.8154E+02  1.412E+12  4.694E-02  1.705E+01
     417      1     79      1     76      1      53     4.2478E+02  6.134E+11  1.000E-30  1.025E+01
     420      1     80      1     71      1      53     1.3753E+03  1.065E+13  1.000E-30  4.806E+01
     422      1     80      1     75      1      53     4.8588E+02  3.023E+12  1.000E-30  2.967E+01
     424      1     80      1     79      1      53     6.4349E+00  3.900E+06  1.000E-30  1.650E+01
     426      1     81      1     71      1      53     1.4208E+03  2.136E+13  3.376E-03  4.371E+01
     428      1     81      1     73      1      53     1.2382E+03  3.876E+11  1.000E-30  4.353E+00
     430      1     81      1     75      1      53     5.3137E+02  4.523E+12  2.441E-02  2.526E+01
     432      1     81      1     77      1      53     3.7259E+02  1.303E+11  1.000E-30  1.926E+00
     434      1     81      1     79      1      53     5.1923E+01  4.960E+09  5.810E-02  1.305E+01
     438      1     82      1     76      1      53     5.7966E+02  1.034E+13  1.051E-01  6.872E+00
     440      1     82      1     78      1      53     2.6484E+02  9.350E+09  1.000E-30  7.656E-01
     442      1     82      1     81      1      53     1.0296E+02  5.679E+10  2.792E-01  3.026E+00
     443      1     83      1     74      1      53     7.7070E+02  1.657E+12  1.996E-02  1.106E+01
     445      1     83      1     76      1      53     7.1393E+02  6.311E+11  1.000E-30  5.501E+00
     447      1     83      1     80      1      53     2.8272E+02  2.936E+11  8.012E-02  1.070E+01
     448      1     83      1     81      1      53     2.3723E+02  1.429E+11  1.000E-30  6.729E+00
     451      1     84      1     75      1      53     7.7945E+02  2.738E+12  1.000E-30  2.964E+01
     452      1     84      1     79      1      53     3.0001E+02  9.396E+11  1.000E-30  1.711E+01
     455      1     84      1     83      1      53     1.0851E+01  2.739E+07  1.000E-30  1.127E+01
     457      1     85      1     75      1      53     8.2063E+02  4.402E+12  5.916E-03  2.682E+01
     459      1     85      1     77      1      53     6.6185E+02  1.527E+11  1.000E-30  1.886E+00
     460      1     85      1     79      1      53     3.4119E+02  1.275E+12  4.716E-02  1.436E+01
     463      1     85      1     82      1      53     1.8630E+02  2.370E+10  1.000E-30  1.302E+00
     464      1     85      1     83      1      53     5.2031E+01  8.351E+09  1.776E-01  8.194E+00
     467      1     86      1     77      1      53     6.7729E+02  2.495E+13  3.008E-01  3.157E+00
     470      1     86      1     82      1      53     2.0174E+02  3.841E+11  5.297E-01  1.241E+00
     473      1     87      1     78      1      53     5.1236E+02  1.082E+13  4.660E-01  1.805E+00
     475      1     87      1     86      1      53     4.5782E+01  1.107E+09  1.430E-01  6.349E-01
     477      1     88      1     76      1      53     8.6948E+02  8.669E+12  2.063E-02  7.804E+00
     479      1     88      1     78      1      53     5.5466E+02  1.785E+10  1.000E-30  1.300E+00
     481      1     88      1     81      1      53     3.9278E+02  3.181E+12  2.040E-01  3.894E+00
     484      1     88      1     85      1      53     1.0351E+02  7.702E+10  8.855E-01  1.941E+00
     485      1     88      1     86      1      53     8.8076E+01  7.425E+08  1.000E-30  4.801E-01
     487      1     89      1     74      1      53     9.5869E+02  1.439E+12  1.260E-02  7.822E+00
     488      1     89      1     76      1      53     9.0192E+02  5.048E+11  1.000E-30  4.854E+00
     490      1     89      1     80      1      53     4.7071E+02  4.021E+11  3.259E-02  7.340E+00
     491      1     89      1     81      1      53     4.2522E+02  1.880E+11  1.000E-30  3.801E+00
     494      1     89      1     84      1      53     1.7714E+02  7.244E+10  1.262E-01  7.196E+00
     495      1     89      1     85      1      53     1.3596E+02  3.144E+10  1.000E-30  4.642E+00
     497      1     90      1     75      1      53     9.7022E+02  2.148E+12  1.000E-30  2.967E+01
     498      1     90      1     79      1      53     4.9078E+02  8.953E+11  1.000E-30  1.715E+01
     501      1     90      1     83      1      53     2.0163E+02  3.628E+11  1.000E-30  1.079E+01
     504      1     90      1     89      1      53     1.3639E+01  4.680E+07  1.000E-30  3.931E+00
     505      1     91      1     75      1      53     1.0099E+03  3.575E+12  2.475E-03  2.775E+01
     506      1     91      1     77      1      53     8.5110E+02  1.229E+11  1.000E-30  2.680E+00
     507      1     91      1     79      1      53     5.3043E+02  1.285E+12  1.130E-02  1.529E+01
     510      1     91      1     82      1      53     3.7555E+02  4.642E+10  1.000E-30  1.001E+00
     511      1     91      1     83      1      53     2.4127E+02  4.876E+11  8.607E-02  8.931E+00
     515      1     91      1     88      1      53     8.5729E+01  2.430E+09  1.000E-30  9.626E-01
     516      1     91      1     89      1      53     5.3287E+01  1.253E+10  4.773E-01  5.485E+00
     518      1     92      1     74      1      53     1.0879E+03  1.171E+12  8.960E-03  6.089E+00
     519      1     92      1     76      1      53     1.0312E+03  3.881E+11  1.000E-30  5.665E+00
     520      1     92      1     80      1      53     5.9995E+02  3.818E+11  2.005E-02  5.376E+00
     521      1     92      1     81      1      53     5.5446E+02  1.684E+11  1.000E-30  2.856E+00
     523      1     92      1     84      1      53     3.0638E+02  1.160E+11  4.952E-02  5.168E+00
     524      1     92      1     85      1      53     2.6520E+02  5.727E+10  1.000E-30  2.826E+00
     527      1     92      1     90      1      53     1.1560E+02  1.958E+10  1.845E-01  5.093E+00
     528      1     92      1     91      1      53     7.5952E+01  5.605E+09  1.000E-30  3.378E+00
     529      1     93      1     75      1      53     1.1014E+03  1.651E+12  1.000E-30  2.971E+01
     530      1     93      1     79      1      53     6.2192E+02  7.447E+11  1.000E-30  1.718E+01
     531      1     93      1     83      1      53     3.3276E+02  3.517E+11  1.000E-30  1.082E+01
     534      1     93      1     89      1      53     1.4478E+02  1.669E+11  1.000E-30  7.299E+00
     537      1     93      1     92      1      53     1.5538E+01  1.958E+08  1.000E-30  5.353E+00
     538      1     94      1     76      1      53     1.0597E+03  6.459E+12  7.783E-03  8.348E+00
     539      1     94      1     78      1      53     7.4491E+02  1.555E+10  1.000E-30  1.812E+00
     541      1     94      1     81      1      53     5.8303E+02  2.829E+12  4.054E-02  4.412E+00
     544      1     94      1     85      1      53     2.9377E+02  1.328E+12  3.792E-01  2.434E+00
     545      1     94      1     86      1      53     2.7833E+02  5.249E+09  1.000E-30  6.648E-01
     549      1     94      1     91      1      53     1.0453E+02  8.078E+10  2.296E+00  1.352E+00
     552      1     95      1     77      1      53     9.6122E+02  1.607E+13  4.363E-02  3.734E+00
     555      1     95      1     82      1      53     4.8567E+02  8.230E+12  5.881E-01  1.786E+00
     558      1     95      1     87      1      53     2.3815E+02  7.983E+09  1.000E-30  2.871E-01
     559      1     95      1     88      1      53     1.9586E+02  4.089E+11  1.696E+00  8.244E-01
     561      1     95      1     94      1      53     5.5996E+00  1.822E+05  2.429E-02  3.730E-01
     562      1     96      1     75      1      53     1.1409E+03  2.808E+12  1.316E-03  2.837E+01
     563      1     96      1     77      1      53     9.8211E+02  9.433E+10  1.000E-30  3.280E+00
     564      1     96      1     79      1      53     6.6145E+02  1.098E+12  4.746E-03  1.584E+01
     565      1     96      1     82      1      53     5.0657E+02  4.548E+10  1.000E-30  1.389E+00
     566      1     96      1     83      1      53     3.7229E+02  4.849E+11  2.012E-02  9.479E+00
     569      1     96      1     88      1      53     2.1675E+02  1.187E+10  1.000E-30  6.692E-01
     570      1     96      1     89      1      53     1.8430E+02  2.359E+11  1.499E-01  5.988E+00
     573      1     96      1     92      1      53     5.5065E+01  1.570E+10  1.138E+00  3.907E+00
     575      1     96      1     94      1      53     2.6491E+01  4.262E+07  1.000E-30  7.676E-01
     578      1     97      1     78      1      53     7.9354E+02  6.950E+12  4.420E-02  2.205E+00
     580      1     97      1     86      1      53     3.2696E+02  2.142E+12  7.798E-01  1.013E+00
     584      1     97      1     95      1      53     4.3029E+01  1.777E+09  5.856E-01  4.318E-01
     585      1     98      1     74      1      53     1.1808E+03  9.363E+11  6.582E-03  5.164E+00
     586      1     98      1     76      1      53     1.1240E+03  2.987E+11  1.000E-30  6.547E+00
     587      1     98      1     80      1      53     6.9278E+02  3.306E+11  1.425E-02  4.214E+00
     588      1     98      1     81      1      53     6.4729E+02  1.396E+11  1.000E-30  3.027E+00
     589      1     98      1     84      1      53     3.9921E+02  1.198E+11  2.968E-02  3.916E+00
     590      1     98      1     85      1      53     3.5803E+02  5.845E+10  1.000E-30  2.010E+00
     592      1     98      1     90      1      53     2.0843E+02  3.765E+10  7.074E-02  3.828E+00
     593      1     98      1     91      1      53     1.6878E+02  1.702E+10  1.000E-30  2.209E+00
     595      1     98      1     93      1      53     7.7294E+01  5.557E+09  2.506E-01  3.791E+00
     597      1     98      1     96      1      53     3.7767E+01  5.781E+08  1.000E-30  2.582E+00
     598      1     99      1     75      1      53     1.1956E+03  1.277E+12  1.000E-30  2.975E+01
     599      1     99      1     79      1      53     7.1611E+02  5.976E+11  1.000E-30  1.722E+01
     600      1     99      1     83      1      53     4.2696E+02  3.007E+11  1.000E-30  1.086E+01
     601      1     99      1     89      1      53     2.3897E+02  1.592E+11  1.000E-30  7.342E+00
     604      1     99      1     92      1      53     1.0973E+02  8.925E+10  1.000E-30  5.203E+00
     607      1     99      1     98      1      53     1.6897E+01  5.185E+08  1.000E-30  4.058E+00
     608      1    100      1     75      1      53     1.2357E+03  2.200E+12  7.974E-04  2.879E+01
     609      1    100      1     77      1      53     1.0769E+03  7.233E+10  1.000E-30  3.700E+00
     610      1    100      1     79      1      53     7.5626E+02  9.008E+11  2.526E-03  1.626E+01
     611      1    100      1     82      1      53     6.0138E+02  3.895E+10  1.000E-30  1.765E+00
     612      1    100      1     83      1      53     4.6710E+02  4.240E+11  8.367E-03  9.906E+00
     613      1    100      1     88      1      53     3.1156E+02  1.491E+10  1.000E-30  8.482E-01
     614      1    100      1     89      1      53     2.7912E+02  2.260E+11  3.373E-02  6.364E+00
     617      1    100      1     92      1      53     1.4988E+02  1.368E+11  2.510E-01  4.257E+00
     619      1    100      1     94      1      53     1.2130E+02  2.302E+09  1.000E-30  5.423E-01
     621      1    100      1     98      1      53     5.7044E+01  1.747E+10  2.417E+00  2.945E+00
     623      1    101      1     76      1      53     1.1918E+03  4.818E+12  3.908E-03  8.639E+00
     624      1    101      1     78      1      53     8.7698E+02  1.213E+10  1.000E-30  2.155E+00
     625      1    101      1     81      1      53     7.1510E+02  2.222E+12  1.547E-02  4.748E+00
     627      1    101      1     85      1      53     4.2583E+02  1.197E+12  7.318E-02  2.763E+00
     628      1    101      1     86      1      53     4.1039E+02  6.768E+09  1.000E-30  9.689E-01
     631      1    101      1     91      1      53     2.3659E+02  6.779E+11  6.570E-01  1.662E+00
     634      1    101      1     95      1      53     1.2646E+02  8.029E+08  1.000E-30  4.212E-01
     635      1    101      1     96      1      53     1.0557E+02  8.328E+10  5.050E+00  1.029E+00
     638      1    101      1    100      1      53     1.0760E+01  1.699E+06  2.522E-02  6.566E-01
     639      1    102      1     77      1      53     1.1469E+03  1.010E+13  1.416E-02  4.078E+00
     641      1    102      1     82      1      53     6.7131E+02  6.213E+12  9.240E-02  2.123E+00
     644      1    102      1     87      1      53     4.2378E+02  6.958E+09  1.000E-30  5.222E-01
     645      1    102      1     88      1      53     3.8149E+02  3.436E+12  1.037E+00  1.143E+00
     647      1    102      1     94      1      53     1.9123E+02  3.912E+11  4.191E+00  6.081E-01
     650      1    102      1     97      1      53     1.4260E+02  4.262E+09  1.000E-30  2.196E-01
     652      1    102      1    101      1      53     5.9168E+01  2.588E+08  3.161E-02  3.419E-01
     653      1    103      1     76      1      53     1.2875E+03  3.659E+12  2.264E-03  8.938E+00
     654      1    103      1     78      1      53     9.7272E+02  9.305E+09  1.000E-30  2.396E+00
     655      1    103      1     81      1      53     8.1083E+02  1.737E+12  7.779E-03  4.989E+00
     656      1    103      1     85      1      53     5.2157E+02  9.639E+11  2.773E-02  2.998E+00
     657      1    103      1     86      1      53     5.0613E+02  6.398E+09  1.000E-30  1.204E+00
     659      1    103      1     91      1      53     3.3233E+02  6.190E+11  1.221E-01  1.897E+00
     662      1    103      1     95      1      53     2.2220E+02  1.744E+09  1.000E-30  6.206E-01
     663      1    103      1     96      1      53     2.0131E+02  3.993E+11  1.072E+00  1.244E+00
     665      1    103      1    100      1      53     1.0650E+02  1.138E+11  9.522E+00  8.548E-01
     667      1    103      1    102      1      53     3.6571E+01  2.521E+07  1.000E-30  3.394E-01
     668      1    104      1     78      1      53     9.7661E+02  3.962E+12  1.163E-02  2.444E+00
     670      1    104      1     86      1      53     5.1003E+02  2.335E+12  1.067E-01  1.245E+00
     674      1    104      1     95      1      53     2.2610E+02  5.584E+11  1.189E+00  6.553E-01
     677      1    104      1    102      1      53     4.0464E+01  1.859E+09  1.482E+00  3.370E-01
     679      1    105      1     77      1      53     1.2750E+03  6.728E+12  6.429E-03  4.298E+00
     680      1    105      1     82      1      53     7.9944E+02  4.248E+12  3.125E-02  2.343E+00
     682      1    105      1     87      1      53     5.5191E+02  4.889E+09  1.000E-30  7.358E-01
     683      1    105      1     88      1      53     5.0962E+02  2.948E+12  1.700E-01  1.356E+00
     685      1    105      1     94      1      53     3.1936E+02  1.732E+12  1.660E+00  8.121E-01
     688      1    105      1     97      1      53     2.7073E+02  5.233E+09  1.000E-30  3.435E-01
     690      1    105      1    101      1      53     1.8730E+02  5.220E+11  8.156E+00  5.075E-01
     692      1    105      1    103      1      53     9.1560E+01  4.309E+08  1.299E-02  3.477E-01
     693      1    105      1    104      1      53     8.7667E+01  1.622E+09  1.000E-30  2.120E-01
     694      1    106      1     78      1      53     1.1024E+03  2.475E+12  4.669E-03  2.603E+00
     695      1    106      1     86      1      53     6.3583E+02  1.705E+12  3.231E-02  1.405E+00
     698      1    106      1     95      1      53     3.5190E+02  8.012E+11  1.850E-01  8.140E-01
     701      1    106      1    102      1      53     1.6626E+02  1.905E+11  1.638E+00  4.860E-01
     704      1    106      1    105      1      53     3.8133E+01  2.742E+09  2.694E+00  3.076E-01
     705      1    107      1     77      1      53     1.3672E+03  4.731E+12  3.493E-03  4.462E+00
     706      1    107      1     82      1      53     8.9170E+02  2.985E+12  1.437E-02  2.508E+00
     707      1    107      1     87      1      53     6.4417E+02  3.455E+09  1.000E-30  8.986E-01
     708      1    107      1     88      1      53     6.0188E+02  2.099E+12  5.709E-02  1.520E+00
     710      1    107      1     94      1      53     4.1162E+02  1.644E+12  2.773E-01  9.761E-01
     712      1    107      1     97      1      53     3.6299E+02  4.273E+09  1.000E-30  4.967E-01
     714      1    107      1    101      1      53     2.7956E+02  1.189E+12  2.335E+00  6.600E-01
     716      1    107      1    103      1      53     1.8382E+02  8.884E+11  1.278E+01  4.823E-01
     717      1    107      1    104      1      53     1.7993E+02  2.854E+09  1.000E-30  2.889E-01
     719      1    107      1    106      1      53     5.4126E+01  5.075E+08  1.000E-30  2.424E-01
     720      1    108      1     78      1      53     1.1926E+03  1.653E+12  2.337E-03  2.719E+00
     721      1    108      1     86      1      53     7.2599E+02  1.220E+12  1.381E-02  1.526E+00
     723      1    108      1     95      1      53     4.4206E+02  6.777E+11  5.947E-02  9.293E-01
     725      1    108      1    102      1      53     2.5642E+02  3.113E+11  2.685E-01  6.040E-01
     728      1    108      1    105      1      53     1.2829E+02  1.175E+11  1.925E+00  4.216E-01
     730      1    108      1    107      1      53     3.6034E+01  3.148E+09  3.728E+00  3.264E-01
     731      1    110      1    109      1      53     1.0325E+02  7.412E+09  1.000E-30  3.596E+02
     732      1    111      1    109      1      53     6.2828E+02  1.878E+12  1.393E-04  4.026E+02
     733      1    114      1    113      1      54     7.1415E+00  2.261E+04  1.000E-30  8.380E-04
     735      1    115      1    114      1      54     4.2027E+02  5.303E+10  2.159E+00  3.494E-02
     736      1    117      1    116      1      54     8.2284E+01  1.260E+08  2.157E+01  8.190E-03
     737      1    118      1    117      1      54     6.5579E+01  5.306E+08  3.753E-04  9.900E+01
     739      1    120      1    119      1      54     2.7707E+01  9.902E+06  2.513E+01  6.977E-03
     740      1    121      1    120      1      54     3.4184E+01  1.668E+08  2.344E-03  3.528E+01
     743      1    122      1    121      1      54     1.1729E+01  1.460E+06  1.068E-03  1.005E+01
     745      1    124      1    119      1      54     9.4819E+02  1.076E+13  2.472E-02  3.135E+01
     746      1    124      1    121      1      54     8.8629E+02  3.552E+12  1.000E-30  1.769E+01
     747      1    123      1    120      1      54     9.0352E+02  1.297E+13  1.000E-30  5.149E+01
     749      1    124      1    123      1      54     1.6956E+01  5.556E+06  9.576E+00  2.322E-02
     750      1    125      1    120      1      54     9.3511E+02  2.310E+13  1.322E-02  4.301E+01
     753      1    125      1    122      1      54     8.8920E+02  8.655E+11  1.000E-30  3.423E+00
     754      1    125      1    124      1      54     1.4632E+01  1.530E+07  4.337E-03  2.234E+01
     757      1    126      1    121      1      54     9.0719E+02  3.748E+13  4.208E-02  1.499E+01
     759      1    126      1    125      1      54     6.2624E+00  4.214E+05  3.940E-03  5.182E+00
     761      1    127      1    122      1      54     9.0472E+02  5.737E+13  1.103E-01  6.867E+00
     763      1    127      1    126      1      54     9.2648E+00  5.056E+05  2.642E-03  2.044E+00
     765      1    129      1    121      1      54     1.3816E+03  2.754E+12  1.000E-30  9.984E+00
     767      1    129      1    123      1      54     5.1224E+02  1.818E+12  4.722E-02  1.812E+01
     768      1    129      1    125      1      54     4.8065E+02  9.543E+11  1.000E-30  1.083E+01
     770      1    128      1    120      1      54     1.4063E+03  1.086E+13  1.000E-30  5.138E+01
     772      1    128      1    124      1      54     4.8585E+02  2.786E+12  1.000E-30  3.179E+01
     775      1    129      1    128      1      54     9.4325E+00  1.256E+06  7.753E+00  3.259E-02
     777      1    130      1    120      1      54     1.4246E+03  1.340E+13  2.604E-02  3.649E+00
     779      1    130      1    122      1      54     1.3787E+03  5.761E+11  1.000E-30  4.685E+00
     780      1    130      1    124      1      54     5.0408E+02  3.582E+12  2.118E-02  2.688E+01
     783      1    130      1    126      1      54     4.8319E+02  3.555E+11  1.000E-30  2.073E+00
     785      1    130      1    129      1      54     8.7978E+00  4.342E+06  9.842E-03  1.298E+01
     788      1    131      1    121      1      54     1.3942E+03  3.007E+13  7.865E-03  1.691E+01
     790      1    131      1    125      1      54     4.9329E+02  5.397E+12  8.004E-02  7.414E+00
     791      1    131      1    127      1      54     4.7777E+02  9.559E+10  1.000E-30  8.208E-01
     793      1    131      1    130      1      54     3.8408E+00  1.429E+05  1.004E-02  3.023E+00
     795      1    132      1    122      1      54     1.3904E+03  3.177E+13  1.263E-02  8.066E+00
     797      1    132      1    126      1      54     4.9497E+02  7.521E+12  1.975E-01  3.373E+00
     799      1    132      1    131      1      54     7.9348E+00  5.824E+05  8.324E-03  1.200E+00
     800      1    133      1    127      1      54     4.8686E+02  8.887E+12  4.006E-01  1.917E+00
     801      1    133      1    132      1      54     1.1594E+00  5.222E+02  3.627E-03  6.096E-01
     802      1    134      1    124      1      54     7.8763E+02  2.659E+12  1.000E-30  3.172E+01
     804      1    134      1    129      1      54     2.9235E+02  7.821E+11  1.000E-30  1.837E+01
     808      1    135      1    123      1      54     8.1021E+02  2.013E+12  2.005E-02  1.151E+01
     809      1    135      1    125      1      54     7.7862E+02  8.522E+11  1.000E-30  1.005E+01
     811      1    135      1    128      1      54     3.0740E+02  4.120E+11  8.225E-02  1.141E+01
     812      1    135      1    130      1      54     2.8917E+02  2.994E+11  1.000E-30  5.813E+00
     814      1    135      1    134      1      54     5.6221E+00  1.126E+06  1.465E-01  3.082E+00
     815      1    136      1    124      1      54     7.9909E+02  3.838E+12  4.708E-03  3.170E+01
     818      1    136      1    126      1      54     7.7820E+02  2.816E+11  1.000E-30  5.008E+00
     819      1    136      1    129      1      54     3.0380E+02  7.976E+11  3.206E-02  1.834E+01
     822      1    136      1    131      1      54     2.9116E+02  1.363E+11  1.000E-30  2.907E+00
     825      1    136      1    135      1      54     5.8334E+00  1.571E+06  1.948E-02  8.252E+00
     827      1    137      1    125      1      54     7.8707E+02  5.659E+12  1.396E-02  1.005E+01
     828      1    137      1    127      1      54     7.7154E+02  6.446E+10  1.000E-30  3.036E+00
     830      1    137      1    130      1      54     2.9761E+02  1.135E+12  9.988E-02  5.827E+00
     831      1    137      1    132      1      54     2.8584E+02  5.378E+10  1.000E-30  1.762E+00
     833      1    137      1    136      1      54     2.6080E+00  5.841E+04  2.094E-02  1.920E+00
     835      1    138      1    126      1      54     7.8806E+02  7.180E+12  2.573E-02  5.008E+00
     837      1    138      1    131      1      54     3.0103E+02  1.568E+12  2.164E-01  2.907E+00
     838      1    138      1    133      1      54     2.9194E+02  1.740E+10  1.000E-30  1.188E+00
     840      1    138      1    137      1      54     7.2571E+00  6.201E+05  1.806E-02  7.788E-01
     841      1    139      1    127      1      54     7.7953E+02  6.346E+12  3.036E-02  3.034E+00
     842      1    139      1    132      1      54     2.9383E+02  1.754E+12  3.875E-01  1.761E+00
     843      1    139      1    138      1      54     7.3047E-01  2.414E+02  1.024E-02  4.041E-01
     844      1    140      1    133      1      54     2.9317E+02  2.008E+12  6.587E-01  1.181E+00
     845      1    140      1    139      1      54     5.0455E-01  3.044E+01  5.316E-03  2.420E-01
     846      1    141      1    124      1      54     9.8280E+02  2.117E+12  1.000E-30  3.172E+01
     847      1    141      1    129      1      54     4.8751E+02  8.153E+11  1.000E-30  1.834E+01
     851      1    141      1    135      1      54     1.8954E+02  2.614E+11  1.000E-30  1.155E+01
     853      1    142      1    123      1      54     1.0032E+03  1.704E+12  1.313E-02  7.760E+00
     854      1    142      1    125      1      54     9.7165E+02  6.473E+11  1.000E-30  1.008E+01
     856      1    142      1    128      1      54     5.0043E+02  5.103E+11  3.271E-02  7.725E+00
     857      1    142      1    130      1      54     4.8220E+02  2.948E+11  1.000E-30  5.852E+00
     859      1    142      1    134      1      54     1.9865E+02  1.142E+11  1.340E-01  7.644E+00
     861      1    142      1    136      1      54     1.8719E+02  1.072E+11  1.000E-30  4.920E+00
     863      1    142      1    141      1      54     3.4847E+00  2.656E+05  2.516E-01  1.974E+00
     864      1    143      1    124      1      54     9.9046E+02  3.201E+12  2.055E-03  3.171E+01
     865      1    143      1    126      1      54     9.6956E+02  2.002E+11  1.000E-30  5.039E+00
     866      1    143      1    129      1      54     4.9517E+02  9.491E+11  8.520E-03  1.834E+01
     869      1    143      1    131      1      54     4.8253E+02  1.222E+11  1.000E-30  2.939E+00
     872      1    143      1    135      1      54     1.9720E+02  2.181E+11  6.453E-02  9.502E+00
     874      1    143      1    137      1      54     1.8876E+02  5.517E+10  1.000E-30  1.035E+00
     877      1    143      1    142      1      54     4.1712E+00  6.685E+05  3.455E-02  5.529E+00
     878      1    144      1    125      1      54     9.7774E+02  4.520E+12  5.724E-03  1.009E+01
     879      1    144      1    127      1      54     9.6221E+02  4.176E+10  1.000E-30  3.067E+00
     881      1    144      1    130      1      54     4.8829E+02  1.372E+12  2.469E-02  5.853E+00
     882      1    144      1    132      1      54     4.7651E+02  4.354E+10  1.000E-30  1.793E+00
     884      1    144      1    136      1      54     1.9328E+02  2.734E+11  2.240E-01  2.605E+00
     885      1    144      1    138      1      54     1.8342E+02  2.517E+10  1.000E-30  3.918E-01
     887      1    144      1    143      1      54     1.9160E+00  2.832E+04  3.776E-02  1.330E+00
     888      1    145      1    126      1      54     9.7835E+02  5.174E+12  9.398E-03  5.037E+00
     890      1    145      1    131      1      54     4.9132E+02  1.820E+12  4.717E-02  2.936E+00
     891      1    145      1    133      1      54     4.8223E+02  1.126E+10  1.000E-30  1.217E+00
     893      1    145      1    137      1      54     1.9755E+02  3.395E+11  5.145E-01  1.186E+00
     894      1    145      1    139      1      54     1.8956E+02  1.285E+10  1.000E-30  2.173E-01
     896      1    145      1    144      1      54     6.8766E+00  6.599E+05  3.177E-02  5.639E-01
     897      1    146      1    127      1      54     9.6958E+02  3.720E+12  8.876E-03  3.061E+00
     898      1    146      1    132      1      54     4.8388E+02  1.910E+12  6.797E-02  1.788E+00
     899      1    146      1    138      1      54     1.9078E+02  3.130E+11  9.249E-01  6.805E-01
     900      1    146      1    140      1      54     1.8955E+02  3.940E+09  1.000E-30  1.524E-01
     901      1    146      1    145      1      54     4.8959E-01  1.020E+02  1.876E-02  3.113E-01
     902      1    147      1    133      1      54     4.8306E+02  1.599E+12  6.934E-02  1.208E+00
     903      1    147      1    139      1      54     1.9039E+02  3.086E+11  1.572E+00  4.434E-01
     904      1    147      1    146      1      54     3.3818E-01  1.714E+01  1.203E-02  1.983E-01
     905      1    148      1    140      1      54     1.9013E+02  3.008E+11  2.519E+00  3.112E-01
     906      1    148      1    147      1      54     2.4746E-01  2.695E+00  5.805E-03  1.360E-01
     907      1    149      1    124      1      54     1.1162E+03  1.633E+12  1.000E-30  3.173E+01
     908      1    149      1    129      1      54     6.2092E+02  6.921E+11  1.000E-30  1.836E+01
     910      1    149      1    135      1      54     3.2295E+02  2.913E+11  1.000E-30  1.159E+01
     913      1    149      1    142      1      54     1.2992E+02  9.988E+10  1.000E-30  7.807E+00
     915      1    150      1    123      1      54     1.1354E+03  1.365E+12  1.017E-02  5.514E+00
     916      1    150      1    125      1      54     1.1038E+03  4.863E+11  1.000E-30  1.012E+01
     917      1    150      1    128      1      54     6.3256E+02  4.660E+11  2.050E-02  5.478E+00
     918      1    150      1    130      1      54     6.1433E+02  2.417E+11  1.000E-30  5.887E+00
     919      1    150      1    134      1      54     3.3078E+02  1.564E+11  5.031E-02  5.455E+00
     921      1    150      1    136      1      54     3.1933E+02  1.148E+11  1.000E-30  2.981E+00
     923      1    150      1    141      1      54     1.3562E+02  3.660E+10  2.042E-01  5.437E+00
     925      1    150      1    143      1      54     1.2796E+02  4.289E+10  1.000E-30  3.583E+00
     927      1    150      1    149      1      54     2.2069E+00  6.315E+04  4.058E-01  1.291E+00
     928      1    151      1    124      1      54     1.1216E+03  2.536E+12  1.119E-03  3.171E+01
     929      1    151      1    126      1      54     1.1007E+03  1.439E+11  1.000E-30  5.074E+00
     930      1    151      1    129      1      54     6.2630E+02  8.559E+11  3.759E-03  1.835E+01
     931      1    151      1    131      1      54     6.1366E+02  9.437E+10  1.000E-30  2.973E+00
     933      1    151      1    135      1      54     3.2833E+02  2.866E+11  1.617E-02  1.011E+01
     935      1    151      1    137      1      54     3.1989E+02  5.433E+10  1.000E-30  7.120E-01
     937      1    151      1    142      1      54     1.3530E+02  7.059E+10  1.009E-01  6.364E+00
     939      1    151      1    144      1      54     1.2921E+02  2.393E+10  1.000E-30  8.126E-01
     941      1    151      1    150      1      54     3.1681E+00  3.339E+05  5.717E-02  3.923E+00
     942      1    152      1    125      1      54     1.1084E+03  3.476E+12  2.990E-03  1.012E+01
     943      1    152      1    127      1      54     1.0929E+03  2.820E+10  1.000E-30  3.100E+00
     944      1    152      1    130      1      54     6.1900E+02  1.213E+12  1.043E-02  5.888E+00
     945      1    152      1    132      1      54     6.0722E+02  3.143E+10  1.000E-30  1.827E+00
     947      1    152      1    136      1      54     3.2399E+02  3.981E+11  5.013E-02  2.958E+00
     948      1    152      1    138      1      54     3.1413E+02  2.345E+10  1.000E-30  4.399E-01
     950      1    152      1    143      1      54     1.3263E+02  8.141E+10  3.334E-01  1.773E+00
     951      1    152      1    145      1      54     1.2383E+02  1.156E+10  1.000E-30  3.424E-01
     953      1    152      1    151      1      54     1.4980E+00  1.535E+04  5.819E-02  1.004E+00
     954      1    153      1    126      1      54     1.1088E+03  3.722E+12  4.563E-03  5.069E+00
     955      1    153      1    131      1      54     6.2180E+02  1.519E+12  1.843E-02  2.969E+00
     956      1    153      1    133      1      54     6.1271E+02  7.156E+09  1.000E-30  1.249E+00
     958      1    153      1    137      1      54     3.2803E+02  5.267E+11  1.012E-01  1.417E+00
     959      1    153      1    139      1      54     3.2004E+02  9.876E+09  1.000E-30  3.450E-01
     961      1    153      1    144      1      54     1.3736E+02  9.867E+10  7.311E-01  8.332E-01
     962      1    153      1    146      1      54     1.2999E+02  7.579E+09  1.000E-30  2.044E-01
     963      1    153      1    152      1      54     6.6466E+00  7.033E+05  4.598E-02  4.632E-01
     964      1    154      1    127      1      54     1.0999E+03  2.363E+12  3.777E-03  3.093E+00
     965      1    154      1    132      1      54     6.1421E+02  1.447E+12  2.324E-02  1.819E+00
     966      1    154      1    138      1      54     3.2112E+02  5.518E+11  1.555E-01  8.466E-01
     967      1    154      1    140      1      54     3.1988E+02  2.468E+09  1.000E-30  2.807E-01
     968      1    154      1    145      1      54     1.3082E+02  8.322E+10  1.224E+00  4.947E-01
     969      1    154      1    147      1      54     1.3000E+02  3.499E+09  1.000E-30  1.485E-01
     970      1    154      1    153      1      54     3.4390E-01  4.541E+01  2.580E-02  2.812E-01
     971      1    155      1    133      1      54     6.1329E+02  9.604E+11  1.848E-02  1.238E+00
     972      1    155      1    139      1      54     3.2062E+02  5.551E+11  2.008E-01  5.701E-01
     973      1    155      1    146      1      54     1.3057E+02  8.491E+10  1.924E+00  3.346E-01
     974      1    155      1    148      1      54     1.2999E+02  1.085E+09  1.000E-30  1.191E-01
     975      1    155      1    154      1      54     2.3759E-01  8.498E+00  1.644E-02  1.967E-01
     976      1    156      1    124      1      54     1.2114E+03  1.260E+12  1.000E-30  3.175E+01
     977      1    156      1    129      1      54     7.1613E+02  5.604E+11  1.000E-30  1.838E+01
     978      1    156      1    135      1      54     4.1816E+02  2.600E+11  1.000E-30  1.163E+01
     980      1    156      1    142      1      54     2.2513E+02  1.174E+11  1.000E-30  7.848E+00
     983      1    156      1    150      1      54     9.3002E+01  4.260E+10  1.000E-30  5.567E+00
     985      1    157      1    123      1      54     1.2298E+03  1.081E+12  8.494E-03  4.100E+00
     986      1    157      1    125      1      54     1.1982E+03  3.677E+11  1.000E-30  1.016E+01
     987      1    157      1    128      1      54     7.2695E+02  3.942E+11  1.527E-02  4.065E+00
     988      1    157      1    130      1      54     7.0872E+02  1.913E+11  1.000E-30  5.928E+00
     989      1    157      1    134      1      54     4.2517E+02  1.524E+11  3.025E-02  4.049E+00
     990      1    157      1    136      1      54     4.1371E+02  9.935E+10  1.000E-30  2.125E+00
     991      1    157      1    141      1      54     2.3000E+02  5.542E+10  7.366E-02  4.043E+00
     993      1    157      1    143      1      54     2.2235E+02  4.875E+10  1.000E-30  2.324E+00
     995      1    157      1    149      1      54     9.6594E+01  1.311E+10  2.959E-01  4.043E+00
     997      1    157      1    151      1      54     9.1219E+01  1.867E+10  1.000E-30  2.734E+00
     999      1    157      1    156      1      54     1.3856E+00  1.393E+04  6.109E-01  8.837E-01
    1000      1    158      1    124      1      54     1.2153E+03  1.989E+12  6.872E-04  3.176E+01
    1001      1    158      1    126      1      54     1.1944E+03  1.057E+11  1.000E-30  5.115E+00
    1002      1    158      1    129      1      54     7.2004E+02  7.162E+11  2.059E-03  1.838E+01
    1003      1    158      1    131      1      54     7.0740E+02  7.186E+10  1.000E-30  3.014E+00
    1004      1    158      1    135      1      54     4.2207E+02  2.743E+11  6.883E-03  1.054E+01
    1005      1    158      1    137      1      54     4.1363E+02  4.479E+10  1.000E-30  8.990E-01
    1007      1    158      1    142      1      54     2.2904E+02  1.008E+11  2.536E-02  6.758E+00
    1009      1    158      1    144      1      54     2.2296E+02  2.541E+10  1.000E-30  5.703E-01
    1011      1    158      1    150      1      54     9.6914E+01  2.583E+10  1.494E-01  4.515E+00
    1012      1    158      1    152      1      54     9.2248E+01  1.106E+10  1.000E-30  6.956E-01
    1014      1    158      1    157      1      54     2.5273E+00  1.894E+05  8.843E-02  2.939E+00
    1015      1    159      1    125      1      54     1.2019E+03  2.669E+12  1.786E-03  1.016E+01
    1016      1    159      1    127      1      54     1.1864E+03  1.986E+10  1.000E-30  3.141E+00
    1017      1    159      1    130      1      54     7.1248E+02  9.992E+11  5.537E-03  5.928E+00
    1018      1    159      1    132      1      54     7.0070E+02  2.273E+10  1.000E-30  1.867E+00
    1019      1    159      1    136      1      54     4.1747E+02  3.842E+11  1.997E-02  3.204E+00
    1020      1    159      1    138      1      54     4.0761E+02  1.842E+10  1.000E-30  6.486E-01
    1022      1    159      1    143      1      54     2.2610E+02  1.348E+11  7.547E-02  2.012E+00
    1023      1    159      1    145      1      54     2.1731E+02  1.215E+10  1.000E-30  3.448E-01
    1025      1    159      1    151      1      54     9.4977E+01  2.782E+10  4.605E-01  1.313E+00
    1026      1    159      1    153      1      54     8.6832E+01  5.370E+09  1.000E-30  3.389E-01
    1028      1    159      1    158      1      54     1.2307E+00  9.427E+03  7.973E-02  8.289E-01
    1029      1    160      1    126      1      54     1.2022E+03  2.729E+12  2.589E-03  5.109E+00
    1030      1    160      1    131      1      54     7.1513E+02  1.198E+12  9.262E-03  3.008E+00
    1031      1    160      1    133      1      54     7.0604E+02  4.806E+09  1.000E-30  1.288E+00
    1032      1    160      1    137      1      54     4.2136E+02  4.993E+11  3.712E-02  1.584E+00
    1033      1    160      1    139      1      54     4.1337E+02  6.936E+09  1.000E-30  5.025E-01
    1035      1    160      1    144      1      54     2.3069E+02  1.791E+11  1.483E-01  9.939E-01
    1036      1    160      1    146      1      54     2.2332E+02  6.536E+09  1.000E-30  2.792E-01
    1037      1    160      1    152      1      54     9.9979E+01  3.418E+10  9.383E-01  6.553E-01
    1038      1    160      1    154      1      54     9.2988E+01  4.258E+09  1.000E-30  2.284E-01
    1039      1    160      1    159      1      54     6.4994E+00  7.745E+05  5.551E-02  4.340E-01
    1040      1    161      1    127      1      54     1.1932E+03  1.597E+12  1.961E-03  3.130E+00
    1041      1    161      1    132      1      54     7.0745E+02  1.062E+12  1.067E-02  1.857E+00
    1042      1    161      1    138      1      54     4.1436E+02  5.127E+11  5.207E-02  9.676E-01
    1043      1    161      1    140      1      54     4.1312E+02  1.535E+09  1.000E-30  4.024E-01
    1044      1    161      1    145      1      54     2.2406E+02  1.826E+11  2.210E-01  6.176E-01
    1045      1    161      1    147      1      54     2.2323E+02  2.590E+09  1.000E-30  2.368E-01
    1046      1    161      1    153      1      54     9.3583E+01  3.003E+10  1.376E+00  4.176E-01
    1047      1    161      1    155      1      54     9.3001E+01  2.359E+09  1.000E-30  1.788E-01
    1048      1    161      1    160      1      54     2.5061E-01  2.107E+01  2.771E-02  2.963E-01
    1049      1    162      1    133      1      54     7.0646E+02  6.118E+11  7.293E-03  1.274E+00
    1050      1    162      1    139      1      54     4.1380E+02  4.647E+11  5.618E-02  6.692E-01
    1051      1    162      1    146      1      54     2.2375E+02  1.938E+11  2.914E-01  4.325E-01
    1052      1    162      1    148      1      54     2.2316E+02  6.551E+08  1.000E-30  2.028E-01
    1053      1    162      1    154      1      54     9.3412E+01  4.053E+10  1.956E+00  3.023E-01
    1054      1    162      1    161      1      54     1.7317E-01  4.204E+00  1.659E-02  2.291E-01
