#  File format type:   4
#
#  SPECT3D transition powers file.
#  RUN NAME:  xe_750-1300_4mm
#  Total number of transitions   =     1380
#  Number of written transitions =      624
#  Plasma temperature (eV)       =     4.5000E+02
#  Mass density (g/cm3)          =     2.1803E-02
#  Cell areal density (g/cm2)    =     8.7214E-03
#  Material mass fractions       =     1.0000E+00
#  DCA material number fractions =     1.0000E+00
# -----------------------------------------------------
#
#
#   Trans.  Trans  Upper  Upper  Lower  Lower   Ioniz   Energy     Line Power Line Center Line Width
#   Index   Model  Level  Model  Level  Model   Stage   (eV)       (W/cm2)    Opt. Depth      eV
# --------------------------------------------------------------------------------------------------
       1      1      3      1      2      1      52     1.1982E+02  1.335E+10  1.475E-06  1.859E-02
       2      1      4      1      2      1      52     4.9234E+02  2.820E+11  1.313E+01  7.187E-02
       4      1      6      1      5      1      52     1.0651E+02  4.858E+10  3.165E-02  7.873E+01
       6      1      7      1      6      1      52     6.8034E+01  6.632E+09  4.413E-03  9.467E+01
       7      1      9      1      8      1      52     3.8672E+01  2.578E+09  1.055E-01  2.874E+01
       9      1     10      1      9      1      52     3.4641E+01  1.829E+09  2.887E-02  3.137E+01
      11      1     11      1     10      1      52     9.4480E+00  6.524E+06  1.090E-02  8.545E+00
      13      1     12      1      9      1      52     8.3242E+02  1.097E+14  1.000E-30  4.484E+01
      14      1     13      1      8      1      52     8.9349E+02  6.448E+13  2.648E-01  2.735E+01
      16      1     13      1     10      1      52     8.2018E+02  2.902E+13  1.000E-30  1.555E+01
      17      1     13      1     12      1      52     2.2396E+01  6.201E+08  2.666E-01  1.662E+01
      19      1     14      1      9      1      52     8.6975E+02  1.545E+14  1.487E-01  3.760E+01
      21      1     14      1     11      1      52     8.2566E+02  6.922E+12  1.000E-30  3.025E+00
      23      1     14      1     13      1      52     1.4925E+01  1.662E+08  5.237E-02  2.027E+01
      25      1     15      1     10      1      52     8.3968E+02  1.953E+14  4.877E-01  1.292E+01
      28      1     15      1     14      1      52     4.5752E+00  1.241E+06  3.650E-02  4.432E+00
      30      1     16      1     11      1      52     8.3260E+02  2.020E+14  1.260E+00  5.975E+00
      32      1     16      1     15      1      52     2.3647E+00  5.297E+04  1.951E-02  1.786E+00
      34      1     17      1      9      1      52     1.3019E+03  9.203E+13  1.000E-30  4.482E+01
      36      1     17      1     13      1      52     4.4709E+02  2.332E+13  1.000E-30  2.774E+01
      38      1     18      1      8      1      52     1.3534E+03  7.039E+13  1.228E-01  1.605E+01
      40      1     18      1     10      1      52     1.2800E+03  2.248E+13  1.000E-30  8.733E+00
      41      1     18      1     12      1      52     4.8226E+02  9.255E+12  5.003E-01  1.589E+01
      43      1     18      1     14      1      52     4.4493E+02  7.788E+12  1.000E-30  9.603E+00
      45      1     18      1     17      1      52     1.2770E+01  1.107E+08  5.611E-01  9.519E+00
      47      1     19      1      9      1      52     1.3234E+03  1.592E+14  3.508E-02  4.059E+01
      49      1     19      1     11      1      52     1.2793E+03  4.575E+12  1.000E-30  4.191E+00
      51      1     19      1     13      1      52     4.6860E+02  2.208E+13  2.375E-01  2.351E+01
      53      1     19      1     15      1      52     4.4910E+02  2.844E+12  1.000E-30  1.887E+00
      56      1     19      1     18      1      52     8.7378E+00  3.993E+07  1.163E-01  1.182E+01
      58      1     20      1     10      1      52     1.2912E+03  2.139E+14  9.069E-02  1.462E+01
      61      1     20      1     14      1      52     4.5609E+02  2.231E+13  9.172E-01  6.452E+00
      63      1     20      1     16      1      52     4.4915E+02  8.008E+11  1.000E-30  8.084E-01
      65      1     20      1     19      1      52     2.4178E+00  2.238E+05  7.873E-02  2.645E+00
      67      1     21      1     11      1      52     1.2829E+03  2.114E+14  1.438E-01  7.050E+00
      69      1     21      1     15      1      52     4.5271E+02  2.007E+13  2.210E+00  2.990E+00
      72      1     21      1     20      1      52     1.2002E+00  1.120E+04  5.251E-02  1.120E+00
      75      1     22      1     16      1      52     4.5135E+02  1.821E+13  4.426E+00  1.726E+00
      77      1     22      1     21      1      52     1.0028E+00  3.018E+03  3.391E-02  6.057E-01
      79      1     23      1     13      1      52     7.2854E+02  2.236E+13  1.000E-30  2.778E+01
      81      1     23      1     18      1      52     2.6868E+02  6.550E+12  1.000E-30  1.616E+01
      83      1     24      1     12      1      52     7.5883E+02  1.251E+13  2.153E-01  1.016E+01
      85      1     24      1     14      1      52     7.2151E+02  6.941E+12  1.000E-30  5.266E+00
      86      1     24      1     17      1      52     2.8935E+02  1.734E+12  8.604E-01  1.014E+01
      88      1     24      1     19      1      52     2.6784E+02  2.450E+12  1.000E-30  6.419E+00
      90      1     24      1     23      1      52     7.9016E+00  2.288E+07  1.018E+00  6.065E+00
      92      1     25      1     13      1      52     7.4204E+02  2.816E+13  5.864E-02  2.508E+01
      94      1     25      1     15      1      52     7.2254E+02  2.243E+12  1.000E-30  1.935E+00
      96      1     25      1     18      1      52     2.8218E+02  4.251E+12  4.251E-01  1.352E+01
      98      1     25      1     20      1      52     2.7102E+02  1.098E+12  1.000E-30  1.399E+00
     101      1     25      1     24      1      52     5.5989E+00  1.149E+07  2.209E-01  7.590E+00
     103      1     26      1     14      1      52     7.2843E+02  3.634E+13  1.886E-01  7.386E+00
     105      1     26      1     16      1      52     7.2149E+02  5.272E+11  1.000E-30  1.363E+00
     107      1     26      1     19      1      52     2.7476E+02  3.552E+12  1.533E+00  3.765E+00
     109      1     26      1     21      1      52     2.7114E+02  4.678E+11  1.000E-30  6.197E-01
     112      1     26      1     25      1      52     1.3194E+00  4.089E+04  1.349E-01  1.852E+00
     114      1     27      1     15      1      52     7.2446E+02  3.928E+13  3.526E-01  3.585E+00
     117      1     27      1     20      1      52     2.7295E+02  3.033E+12  3.383E+00  1.799E+00
     119      1     27      1     22      1      52     2.7075E+02  1.382E+11  1.000E-30  4.033E-01
     121      1     27      1     26      1      52     6.0740E-01  1.872E+03  9.016E-02  8.691E-01
     123      1     28      1     16      1      52     7.2273E+02  3.442E+13  4.221E-01  2.161E+00
     125      1     28      1     21      1      52     2.7238E+02  3.039E+12  6.313E+00  1.076E+00
     128      1     28      1     27      1      52     6.3240E-01  1.392E+03  7.074E-02  5.251E-01
     129      1     29      1     13      1      52     9.1039E+02  1.778E+13  1.000E-30  2.784E+01
     131      1     29      1     18      1      52     4.5053E+02  6.809E+12  1.000E-30  1.622E+01
     134      1     29      1     24      1      52     1.7396E+02  2.168E+12  1.000E-30  1.041E+01
     136      1     30      1     12      1      52     9.3797E+02  1.140E+13  1.384E-01  7.023E+00
     137      1     30      1     14      1      52     9.0065E+02  5.276E+12  1.000E-30  4.754E+00
     138      1     30      1     17      1      52     4.6848E+02  2.876E+12  3.407E-01  6.996E+00
     140      1     30      1     19      1      52     4.4698E+02  2.412E+12  1.000E-30  3.812E+00
     142      1     30      1     23      1      52     1.8704E+02  3.970E+11  1.351E+00  7.020E+00
     144      1     30      1     25      1      52     1.7354E+02  8.766E+11  1.000E-30  4.648E+00
     146      1     30      1     29      1      52     5.1810E+00  5.497E+06  1.636E+00  4.252E+00
     147      1     31      1     13      1      52     9.1941E+02  2.457E+13  2.463E-02  2.604E+01
     148      1     31      1     15      1      52     8.9991E+02  1.592E+12  1.000E-30  2.767E+00
     150      1     31      1     18      1      52     4.5956E+02  6.615E+12  1.060E-01  1.448E+01
     152      1     31      1     20      1      52     4.4840E+02  9.785E+11  1.000E-30  1.224E+00
     155      1     31      1     24      1      52     1.8298E+02  1.005E+12  6.914E-01  8.614E+00
     157      1     31      1     26      1      52     1.7606E+02  4.483E+11  1.000E-30  1.209E+00
     160      1     31      1     30      1      52     3.8407E+00  3.890E+06  3.680E-01  5.398E+00
     161      1     32      1     14      1      52     9.0519E+02  3.281E+13  7.152E-02  7.957E+00
     162      1     32      1     16      1      52     8.9825E+02  3.402E+11  1.000E-30  1.935E+00
     164      1     32      1     19      1      52     4.5152E+02  7.857E+12  3.271E-01  4.343E+00
     166      1     32      1     21      1      52     4.4790E+02  3.646E+11  1.000E-30  8.873E-01
     169      1     32      1     25      1      52     1.7808E+02  7.561E+11  2.252E+00  2.551E+00
     171      1     32      1     27      1      52     1.7615E+02  2.302E+11  1.000E-30  6.379E-01
     174      1     32      1     31      1      52     7.0280E-01  6.781E+03  1.859E-01  1.532E+00
     175      1     33      1     15      1      52     9.0089E+02  3.504E+13  1.152E-01  3.998E+00
     177      1     33      1     20      1      52     4.4938E+02  8.379E+12  6.104E-01  2.198E+00
     179      1     33      1     22      1      52     4.4717E+02  8.939E+10  1.000E-30  7.131E-01
     181      1     33      1     26      1      52     1.7704E+02  8.138E+11  4.394E+00  1.319E+00
     183      1     33      1     28      1      52     1.7580E+02  1.025E+11  1.000E-30  4.579E-01
     185      1     33      1     32      1      52     2.7490E-01  2.257E+02  1.110E-01  8.534E-01
     186      1     34      1     16      1      52     8.9895E+02  2.614E+13  1.070E-01  2.464E+00
     188      1     34      1     21      1      52     4.4860E+02  8.129E+12  8.575E-01  1.379E+00
     191      1     34      1     27      1      52     1.7685E+02  1.056E+12  7.125E+00  8.505E-01
     194      1     34      1     33      1      52     4.2420E-01  5.938E+02  7.991E-02  6.007E-01
     195      1     35      1     13      1      52     1.0346E+03  1.372E+13  1.000E-30  2.801E+01
     196      1     35      1     18      1      52     5.7478E+02  5.782E+12  1.000E-30  1.639E+01
     198      1     35      1     24      1      52     2.9820E+02  2.429E+12  1.000E-30  1.052E+01
     201      1     35      1     30      1      52     1.1906E+02  8.292E+11  1.000E-30  7.327E+00
     203      1     36      1     12      1      52     1.0606E+03  9.495E+12  1.017E-01  5.236E+00
     204      1     36      1     14      1      52     1.0233E+03  3.960E+12  1.000E-30  5.646E+00
     205      1     36      1     17      1      52     5.9109E+02  2.932E+12  2.031E-01  5.209E+00
     206      1     36      1     19      1      52     5.6958E+02  1.970E+12  1.000E-30  3.057E+00
     207      1     36      1     23      1      52     3.0964E+02  8.066E+11  4.964E-01  5.227E+00
     209      1     36      1     25      1      52     2.9614E+02  9.377E+11  1.000E-30  3.085E+00
     211      1     36      1     29      1      52     1.2779E+02  1.094E+11  1.937E+00  5.285E+00
     213      1     36      1     31      1      52     1.1877E+02  3.524E+11  1.000E-30  3.687E+00
     215      1     36      1     35      1      52     3.5433E+00  1.662E+06  2.262E+00  3.366E+00
     216      1     37      1     13      1      52     1.0410E+03  1.983E+13  1.297E-02  2.672E+01
     217      1     37      1     15      1      52     1.0215E+03  1.144E+12  1.000E-30  3.452E+00
     218      1     37      1     18      1      52     5.8110E+02  6.391E+12  4.425E-02  1.516E+01
     219      1     37      1     20      1      52     5.6995E+02  7.538E+11  1.000E-30  1.717E+00
     221      1     37      1     24      1      52     3.0452E+02  1.874E+12  1.707E-01  9.292E+00
     223      1     37      1     26      1      52     2.9760E+02  4.375E+11  1.000E-30  1.075E+00
     226      1     37      1     30      1      52     1.2539E+02  2.788E+11  1.016E+00  6.102E+00
     228      1     37      1     32      1      52     1.2084E+02  1.966E+11  1.000E-30  1.231E+00
     231      1     37      1     36      1      52     2.7803E+00  1.522E+06  5.517E-01  4.236E+00
     232      1     38      1     14      1      52     1.0264E+03  2.633E+13  3.493E-02  8.376E+00
     233      1     38      1     16      1      52     1.0194E+03  2.289E+11  1.000E-30  2.379E+00
     234      1     38      1     19      1      52     5.7269E+02  8.309E+12  1.232E-01  4.787E+00
     235      1     38      1     21      1      52     5.6908E+02  2.587E+11  1.000E-30  1.301E+00
     237      1     38      1     25      1      52     2.9925E+02  2.096E+12  4.809E-01  2.989E+00
     239      1     38      1     27      1      52     2.9733E+02  2.023E+11  1.000E-30  8.156E-01
     242      1     38      1     31      1      52     1.2188E+02  2.524E+11  2.773E+00  2.047E+00
     244      1     38      1     33      1      52     1.2090E+02  1.128E+11  1.000E-30  7.984E-01
     247      1     38      1     37      1      52     3.3030E-01  8.612E+02  2.087E-01  1.512E+00
     248      1     39      1     15      1      52     1.0219E+03  2.713E+13  5.046E-02  4.327E+00
     249      1     39      1     20      1      52     5.7035E+02  9.327E+12  2.045E-01  2.528E+00
     250      1     39      1     22      1      52     5.6815E+02  5.678E+10  1.000E-30  1.036E+00
     252      1     39      1     26      1      52     2.9801E+02  2.215E+12  8.129E-01  1.641E+00
     254      1     39      1     28      1      52     2.9677E+02  7.819E+10  1.000E-30  6.988E-01
     256      1     39      1     32      1      52     1.2125E+02  3.742E+11  4.418E+00  1.213E+00
     258      1     39      1     34      1      52     1.2055E+02  6.026E+10  1.000E-30  6.383E-01
     260      1     39      1     38      1      52     7.3900E-02  5.282E+00  1.052E-01  9.485E-01
     261      1     40      1     16      1      52     1.0198E+03  1.791E+13  4.027E-02  2.735E+00
     262      1     40      1     21      1      52     5.6945E+02  9.014E+12  2.416E-01  1.644E+00
     264      1     40      1     27      1      52     2.9770E+02  2.883E+12  1.092E+00  1.116E+00
     267      1     40      1     33      1      52     1.2127E+02  4.385E+11  6.027E+00  8.821E-01
     270      1     40      1     39      1      52     2.9800E-01  2.654E+02  6.708E-02  8.104E-01
     271      1     41      1     13      1      52     1.1233E+03  1.059E+13  1.000E-30  2.823E+01
     272      1     41      1     18      1      52     6.6340E+02  4.691E+12  1.000E-30  1.661E+01
     273      1     41      1     24      1      52     3.8682E+02  2.162E+12  1.000E-30  1.074E+01
     275      1     41      1     30      1      52     2.0768E+02  9.718E+11  1.000E-30  7.549E+00
     278      1     41      1     36      1      52     8.5076E+01  3.498E+11  1.000E-30  5.702E+00
     280      1     42      1     12      1      52     1.1482E+03  7.704E+12  7.857E-02  4.197E+00
     281      1     42      1     14      1      52     1.1108E+03  3.001E+12  1.000E-30  6.645E+00
     282      1     42      1     17      1      52     6.7867E+02  2.634E+12  1.403E-01  4.170E+00
     283      1     42      1     19      1      52     6.5716E+02  1.557E+12  1.000E-30  3.402E+00
     284      1     42      1     23      1      52     3.9722E+02  9.087E+11  2.734E-01  4.195E+00
     285      1     42      1     25      1      52     3.8372E+02  8.111E+11  1.000E-30  2.508E+00
     286      1     42      1     29      1      52     2.1536E+02  2.650E+11  6.501E-01  4.265E+00
     288      1     42      1     31      1      52     2.0634E+02  3.996E+11  1.000E-30  2.776E+00
     290      1     42      1     35      1      52     9.1119E+01  3.851E+10  2.496E+00  4.384E+00
     292      1     42      1     37      1      52     8.4795E+01  1.551E+11  1.000E-30  3.254E+00
     294      1     42      1     41      1      52     2.4992E+00  8.462E+05  2.609E+00  3.101E+00
     295      1     43      1     13      1      52     1.1279E+03  1.568E+13  7.627E-03  2.733E+01
     296      1     43      1     15      1      52     1.1084E+03  8.405E+11  1.000E-30  4.026E+00
     297      1     43      1     18      1      52     6.6800E+02  5.506E+12  2.292E-02  1.570E+01
     298      1     43      1     20      1      52     6.5684E+02  5.719E+11  1.000E-30  2.246E+00
     299      1     43      1     24      1      52     3.9142E+02  1.987E+12  6.978E-02  9.834E+00
     300      1     43      1     26      1      52     3.8450E+02  3.591E+11  1.000E-30  1.424E+00
     302      1     43      1     30      1      52     2.1228E+02  6.160E+11  2.444E-01  6.631E+00
     304      1     43      1     32      1      52     2.0774E+02  2.055E+11  1.000E-30  1.211E+00
     307      1     43      1     36      1      52     8.9678E+01  9.179E+10  1.326E+00  4.797E+00
     309      1     43      1     38      1      52     8.6568E+01  9.218E+10  1.000E-30  1.435E+00
     312      1     43      1     42      1      52     2.1031E+00  6.850E+05  7.172E-01  3.720E+00
     313      1     44      1     15      1      52     1.1084E+03  2.064E+13  2.548E-02  4.653E+00
     314      1     44      1     20      1      52     6.5688E+02  8.304E+12  8.698E-02  2.848E+00
     315      1     44      1     22      1      52     6.5468E+02  3.802E+10  1.000E-30  1.357E+00
     316      1     44      1     26      1      52     3.8454E+02  2.912E+12  2.605E-01  1.968E+00
     317      1     44      1     28      1      52     3.8330E+02  5.512E+10  1.000E-30  1.012E+00
     319      1     44      1     32      1      52     2.0778E+02  9.206E+11  8.033E-01  1.534E+00
     321      1     44      1     34      1      52     2.0708E+02  5.193E+10  1.000E-30  8.820E-01
     323      1     44      1     38      1      52     8.6605E+01  1.509E+11  3.508E+00  1.356E+00
     325      1     44      1     40      1      52     8.6233E+01  3.382E+10  1.000E-30  9.432E-01
     327      1     45      1     14      1      52     1.1130E+03  2.068E+13  1.914E-02  8.786E+00
     328      1     45      1     16      1      52     1.1061E+03  1.603E+11  1.000E-30  2.782E+00
     329      1     45      1     19      1      52     6.5935E+02  7.362E+12  5.874E-02  5.184E+00
     330      1     45      1     21      1      52     6.5574E+02  1.871E+11  1.000E-30  1.698E+00
     331      1     45      1     25      1      52     3.8591E+02  2.514E+12  1.750E-01  3.386E+00
     332      1     45      1     27      1      52     3.8399E+02  1.552E+11  1.000E-30  1.178E+00
     334      1     45      1     31      1      52     2.0854E+02  6.824E+11  5.724E-01  2.437E+00
     336      1     45      1     33      1      52     2.0756E+02  1.088E+11  1.000E-30  9.850E-01
     339      1     45      1     37      1      52     8.6990E+01  1.249E+11  2.763E+00  1.960E+00
     341      1     45      1     39      1      52     8.6586E+01  5.709E+10  1.000E-30  1.091E+00
     344      1     45      1     43      1      52     9.2200E-02  2.135E+01  2.050E-01  1.529E+00
     345      1     45      1     44      1      52     5.4600E-02  3.516E+00  1.000E-30  1.212E+00
     346      1     46      1     16      1      52     1.1062E+03  1.243E+13  1.765E-02  3.015E+00
     347      1     46      1     21      1      52     6.5590E+02  7.645E+12  8.882E-02  1.924E+00
     348      1     46      1     27      1      52     3.8415E+02  3.446E+12  3.031E-01  1.398E+00
     350      1     46      1     33      1      52     2.0772E+02  1.073E+12  9.486E-01  1.159E+00
     353      1     46      1     39      1      52     8.6749E+01  1.865E+11  4.087E+00  1.099E+00
     355      1     46      1     44      1      52     2.1720E-01  1.252E+02  5.303E-02  1.161E+00
     357      1     48      1     47      1      52     3.1750E+02  3.793E+11  2.165E-02  1.840E+02
     358      1     49      1     48      1      52     3.6284E+02  2.119E+12  1.191E-03  2.763E+02
     359      1     51      1     50      1      52     7.7750E-01  5.483E+03  1.014E-02  1.384E+02
     360      1     52      1     51      1      52     6.6689E+02  3.294E+13  1.000E-30  4.205E+02
     361      1     54      1     53      1      52     3.0082E+01  1.972E+09  1.000E-30  1.846E+02
     362      1     55      1     53      1      52     1.0120E+02  3.904E+10  2.878E-02  8.076E+01
     363      1     56      1     54      1      52     1.0442E+02  4.362E+10  3.195E-02  7.435E+01
     364      1     56      1     55      1      52     3.3297E+01  2.656E+09  1.000E-30  1.922E+02
     365      1     57      1     55      1      52     9.2670E+01  2.261E+10  5.087E-03  1.109E+02
     367      1     58      1     56      1      52     9.3608E+01  2.336E+10  5.330E-03  1.064E+02
     368      1     58      1     57      1      52     3.4235E+01  2.883E+09  1.000E-30  1.948E+02
     369      1     61      1     60      1      53     7.7081E+01  1.578E+09  3.624E-07  1.246E-02
     370      1     62      1     60      1      53     8.3045E+01  2.374E+09  1.000E-30  1.331E-02
     373      1     63      1     61      1      53     8.0094E+00  4.115E+03  1.000E-30  2.632E-03
     375      1     64      1     60      1      53     4.6515E+02  3.060E+11  8.454E+00  6.791E-02
     378      1     65      1     60      1      53     5.0090E+02  1.115E+12  1.599E-07  7.297E-02
     380      1     65      1     63      1      53     4.1581E+02  7.710E+10  1.829E+01  6.088E-02
     381      1     67      1     66      1      53     9.2071E+01  2.594E+10  3.616E-02  5.731E+01
     383      1     68      1     67      1      53     2.1266E+02  3.540E+11  6.890E-03  3.997E+01
     385      1     69      1     67      1      53     2.3259E+02  2.756E+11  1.000E-30  2.163E+01
     386      1     71      1     70      1      53     1.8245E+01  1.522E+08  1.377E-01  1.285E+01
     388      1     72      1     71      1      53     7.1086E+01  3.010E+10  5.203E-02  3.419E+01
     390      1     73      1     72      1      53     1.1156E+02  1.083E+11  1.051E-01  1.010E+01
     392      1     74      1     71      1      53     8.8734E+02  1.305E+14  1.000E-30  4.818E+01
     393      1     75      1     70      1      53     9.0769E+02  7.004E+13  2.488E-01  2.972E+01
     395      1     75      1     72      1      53     8.1835E+02  2.727E+13  1.000E-30  1.683E+01
     396      1     75      1     74      1      53     2.1014E+00  2.340E+05  5.080E-01  4.809E+00
     398      1     76      1     71      1      53     9.4411E+02  2.094E+14  1.453E-01  4.062E+01
     400      1     76      1     73      1      53     7.6146E+02  4.819E+12  1.000E-30  3.253E+00
     402      1     76      1     75      1      53     5.4666E+01  2.467E+10  1.598E-01  2.277E+01
     404      1     77      1     72      1      53     9.7713E+02  3.404E+14  5.048E-01  1.397E+01
     407      1     77      1     76      1      53     1.0411E+02  1.838E+11  6.701E-01  5.259E+00
     409      1     78      1     73      1      53     1.0763E+03  5.012E+14  1.443E+00  6.499E+00
     411      1     78      1     77      1      53     2.1071E+02  1.088E+12  1.016E+00  2.177E+00
     412      1     79      1     70      1      53     1.3871E+03  7.817E+13  1.107E-01  1.810E+01
     414      1     79      1     72      1      53     1.2978E+03  2.256E+13  1.000E-30  9.501E+00
     415      1     79      1     74      1      53     4.8154E+02  9.496E+12  4.660E-01  1.717E+01
     417      1     79      1     76      1      53     4.2478E+02  6.134E+12  1.000E-30  1.037E+01
     420      1     80      1     71      1      53     1.3753E+03  1.065E+14  1.000E-30  4.822E+01
     422      1     80      1     75      1      53     4.8588E+02  3.023E+13  1.000E-30  2.979E+01
     424      1     80      1     79      1      53     6.4349E+00  3.900E+07  1.000E-30  1.663E+01
     426      1     81      1     71      1      53     1.4208E+03  2.043E+14  3.361E-02  4.387E+01
     428      1     81      1     73      1      53     1.2382E+03  3.876E+12  1.000E-30  4.491E+00
     430      1     81      1     75      1      53     5.3137E+02  3.534E+13  2.428E-01  2.537E+01
     432      1     81      1     77      1      53     3.7259E+02  1.303E+12  1.000E-30  2.028E+00
     434      1     81      1     79      1      53     5.1923E+01  3.138E+10  5.757E-01  1.317E+01
     438      1     82      1     76      1      53     5.7966E+02  5.234E+13  1.032E+00  6.984E+00
     440      1     82      1     78      1      53     2.6484E+02  9.350E+10  1.000E-30  8.490E-01
     442      1     82      1     81      1      53     1.0296E+02  1.883E+11  2.687E+00  3.140E+00
     443      1     83      1     74      1      53     7.7070E+02  1.346E+13  1.960E-01  1.125E+01
     445      1     83      1     76      1      53     7.1393E+02  6.311E+12  1.000E-30  5.683E+00
     447      1     83      1     80      1      53     2.8272E+02  1.663E+12  7.865E-01  1.090E+01
     448      1     83      1     81      1      53     2.3723E+02  1.429E+12  1.000E-30  6.914E+00
     451      1     84      1     75      1      53     7.7945E+02  2.738E+13  1.000E-30  2.983E+01
     452      1     84      1     79      1      53     3.0001E+02  9.396E+12  1.000E-30  1.731E+01
     455      1     84      1     83      1      53     1.0851E+01  2.739E+08  1.000E-30  1.150E+01
     457      1     85      1     75      1      53     8.2063E+02  4.096E+13  5.858E-02  2.701E+01
     459      1     85      1     77      1      53     6.6185E+02  1.527E+12  1.000E-30  2.056E+00
     460      1     85      1     79      1      53     3.4119E+02  8.585E+12  4.645E-01  1.455E+01
     463      1     85      1     82      1      53     1.8630E+02  2.370E+11  1.000E-30  1.473E+00
     464      1     85      1     83      1      53     5.2031E+01  3.367E+10  1.728E+00  8.420E+00
     467      1     86      1     77      1      53     6.7729E+02  7.996E+13  2.902E+00  3.262E+00
     470      1     86      1     82      1      53     2.0174E+02  1.026E+12  4.835E+00  1.346E+00
     473      1     87      1     78      1      53     5.1236E+02  2.914E+13  4.438E+00  1.886E+00
     475      1     87      1     86      1      53     4.5782E+01  5.197E+09  1.270E+00  7.141E-01
     477      1     88      1     76      1      53     8.6948E+02  7.018E+13  2.007E-01  7.983E+00
     479      1     88      1     78      1      53     5.5466E+02  1.785E+11  1.000E-30  1.450E+00
     481      1     88      1     81      1      53     3.9278E+02  1.223E+13  1.940E+00  4.075E+00
     484      1     88      1     85      1      53     1.0351E+02  1.921E+11  7.944E+00  2.156E+00
     485      1     88      1     86      1      53     8.8076E+01  7.425E+09  1.000E-30  6.285E-01
     487      1     89      1     74      1      53     9.5869E+02  1.253E+13  1.212E-01  8.105E+00
     488      1     89      1     76      1      53     9.0192E+02  5.048E+12  1.000E-30  5.130E+00
     490      1     89      1     80      1      53     4.7071E+02  2.985E+12  3.127E-01  7.625E+00
     491      1     89      1     81      1      53     4.2522E+02  1.880E+12  1.000E-30  4.080E+00
     494      1     89      1     84      1      53     1.7714E+02  3.443E+11  1.204E+00  7.517E+00
     495      1     89      1     85      1      53     1.3596E+02  3.144E+11  1.000E-30  4.956E+00
     497      1     90      1     75      1      53     9.7022E+02  2.148E+13  1.000E-30  2.996E+01
     498      1     90      1     79      1      53     4.9078E+02  8.953E+12  1.000E-30  1.743E+01
     501      1     90      1     83      1      53     2.0163E+02  3.628E+12  1.000E-30  1.111E+01
     504      1     90      1     89      1      53     1.3639E+01  4.680E+08  1.000E-30  4.325E+00
     505      1     91      1     75      1      53     1.0099E+03  3.461E+13  2.433E-02  2.803E+01
     506      1     91      1     77      1      53     8.5110E+02  1.229E+12  1.000E-30  2.943E+00
     507      1     91      1     79      1      53     5.3043E+02  1.131E+13  1.102E-01  1.557E+01
     510      1     91      1     82      1      53     3.7555E+02  4.642E+11  1.000E-30  1.265E+00
     511      1     91      1     83      1      53     2.4127E+02  2.713E+12  8.270E-01  9.249E+00
     515      1     91      1     88      1      53     8.5729E+01  2.430E+10  1.000E-30  1.258E+00
     516      1     91      1     89      1      53     5.3287E+01  3.405E+10  4.432E+00  5.874E+00
     518      1     92      1     74      1      53     1.0879E+03  1.061E+13  8.321E-02  6.500E+00
     519      1     92      1     76      1      53     1.0312E+03  3.881E+12  1.000E-30  6.069E+00
     520      1     92      1     80      1      53     5.9995E+02  3.140E+12  1.842E-01  5.790E+00
     521      1     92      1     81      1      53     5.5446E+02  1.684E+12  1.000E-30  3.263E+00
     523      1     92      1     84      1      53     3.0638E+02  7.917E+11  4.499E-01  5.617E+00
     524      1     92      1     85      1      53     2.6520E+02  5.727E+11  1.000E-30  3.267E+00
     527      1     92      1     90      1      53     1.1560E+02  8.136E+10  1.666E+00  5.612E+00
     528      1     92      1     91      1      53     7.5952E+01  5.605E+10  1.000E-30  3.888E+00
     529      1     93      1     75      1      53     1.1014E+03  1.651E+13  1.000E-30  3.012E+01
     530      1     93      1     79      1      53     6.2192E+02  7.447E+12  1.000E-30  1.760E+01
     531      1     93      1     83      1      53     3.3276E+02  3.517E+12  1.000E-30  1.127E+01
     534      1     93      1     89      1      53     1.4478E+02  1.669E+12  1.000E-30  7.821E+00
     537      1     93      1     92      1      53     1.5538E+01  1.958E+09  1.000E-30  5.986E+00
     538      1     94      1     76      1      53     1.0597E+03  5.907E+13  7.450E-02  8.617E+00
     539      1     94      1     78      1      53     7.4491E+02  1.555E+11  1.000E-30  2.052E+00
     541      1     94      1     81      1      53     5.8303E+02  2.015E+13  3.769E-01  4.683E+00
     544      1     94      1     85      1      53     2.9377E+02  4.153E+12  3.335E+00  2.739E+00
     545      1     94      1     86      1      53     2.7833E+02  5.249E+10  1.000E-30  9.031E-01
     549      1     94      1     91      1      53     1.0453E+02  3.126E+11  1.774E+01  1.727E+00
     552      1     95      1     77      1      53     9.6122E+02  1.117E+14  4.141E-01  3.903E+00
     555      1     95      1     82      1      53     4.8567E+02  2.145E+13  5.300E+00  1.955E+00
     558      1     95      1     87      1      53     2.3815E+02  7.983E+10  1.000E-30  4.243E-01
     559      1     95      1     88      1      53     1.9586E+02  1.436E+12  1.352E+01  1.026E+00
     561      1     95      1     94      1      53     5.5996E+00  1.678E+06  1.323E-01  6.413E-01
     562      1     96      1     75      1      53     1.1409E+03  2.760E+13  1.276E-02  2.877E+01
     563      1     96      1     77      1      53     9.8211E+02  9.433E+11  1.000E-30  3.669E+00
     564      1     96      1     79      1      53     6.6145E+02  1.035E+13  4.553E-02  1.625E+01
     565      1     96      1     82      1      53     5.0657E+02  4.548E+11  1.000E-30  1.779E+00
     566      1     96      1     83      1      53     3.7229E+02  3.968E+12  1.892E-01  9.924E+00
     569      1     96      1     88      1      53     2.1675E+02  1.187E+11  1.000E-30  1.091E+00
     570      1     96      1     89      1      53     1.8430E+02  1.074E+12  1.356E+00  6.504E+00
     573      1     96      1     92      1      53     5.5065E+01  4.330E+10  9.759E+00  4.535E+00
     575      1     96      1     94      1      53     2.6491E+01  4.262E+08  1.000E-30  1.257E+00
     578      1     97      1     78      1      53     7.9354E+02  4.848E+13  4.105E-01  2.345E+00
     580      1     97      1     86      1      53     3.2696E+02  5.726E+12  6.813E+00  1.151E+00
     584      1     97      1     95      1      53     4.3029E+01  9.645E+09  4.090E+00  5.993E-01
     585      1     98      1     74      1      53     1.1808E+03  8.725E+12  5.830E-02  5.748E+00
     586      1     98      1     76      1      53     1.1240E+03  2.987E+12  1.000E-30  7.125E+00
     587      1     98      1     80      1      53     6.9278E+02  2.880E+12  1.232E-01  4.801E+00
     588      1     98      1     81      1      53     6.4729E+02  1.396E+12  1.000E-30  3.607E+00
     589      1     98      1     84      1      53     3.9921E+02  9.347E+11  2.525E-01  4.539E+00
     590      1     98      1     85      1      53     3.5803E+02  5.845E+11  1.000E-30  2.625E+00
     592      1     98      1     90      1      53     2.0843E+02  2.399E+11  5.891E-01  4.522E+00
     593      1     98      1     91      1      53     1.6878E+02  1.702E+11  1.000E-30  2.894E+00
     595      1     98      1     93      1      53     7.7294E+01  2.214E+10  2.038E+00  4.596E+00
     597      1     98      1     96      1      53     3.7767E+01  5.781E+09  1.000E-30  3.377E+00
     598      1     99      1     75      1      53     1.1956E+03  1.277E+13  1.000E-30  3.034E+01
     599      1     99      1     79      1      53     7.1611E+02  5.976E+12  1.000E-30  1.781E+01
     600      1     99      1     83      1      53     4.2696E+02  3.007E+12  1.000E-30  1.149E+01
     601      1     99      1     89      1      53     2.3897E+02  1.592E+12  1.000E-30  8.036E+00
     604      1     99      1     92      1      53     1.0973E+02  8.925E+11  1.000E-30  6.010E+00
     607      1     99      1     98      1      53     1.6897E+01  5.185E+09  1.000E-30  5.027E+00
     608      1    100      1     75      1      53     1.2357E+03  2.177E+13  7.523E-03  2.937E+01
     609      1    100      1     77      1      53     1.0769E+03  7.233E+11  1.000E-30  4.262E+00
     610      1    100      1     79      1      53     7.5626E+02  8.732E+12  2.348E-02  1.685E+01
     611      1    100      1     82      1      53     6.0138E+02  3.895E+11  1.000E-30  2.327E+00
     612      1    100      1     83      1      53     4.6710E+02  3.875E+12  7.576E-02  1.052E+01
     613      1    100      1     88      1      53     3.1156E+02  1.491E+11  1.000E-30  1.443E+00
     614      1    100      1     89      1      53     2.7912E+02  1.707E+12  2.943E-01  7.052E+00
     617      1    100      1     92      1      53     1.4988E+02  5.358E+11  2.054E+00  5.058E+00
     619      1    100      1     94      1      53     1.2130E+02  2.302E+10  1.000E-30  1.204E+00
     621      1    100      1     98      1      53     5.7044E+01  7.536E+10  1.793E+01  3.909E+00
     623      1    101      1     76      1      53     1.1918E+03  4.595E+13  3.630E-02  9.032E+00
     624      1    101      1     78      1      53     8.7698E+02  1.213E+11  1.000E-30  2.519E+00
     625      1    101      1     81      1      53     7.1510E+02  1.907E+13  1.381E-01  5.143E+00
     627      1    101      1     85      1      53     4.2583E+02  7.502E+12  6.180E-01  3.193E+00
     628      1    101      1     86      1      53     4.1039E+02  6.768E+10  1.000E-30  1.331E+00
     631      1    101      1     91      1      53     2.3659E+02  2.499E+12  4.904E+00  2.161E+00
     634      1    101      1     95      1      53     1.2646E+02  8.029E+09  1.000E-30  8.125E-01
     635      1    101      1     96      1      53     1.0557E+02  6.456E+11  3.022E+01  1.639E+00
     638      1    101      1    100      1      53     1.0760E+01  1.600E+07  1.058E-01  1.427E+00
     639      1    102      1     77      1      53     1.1469E+03  8.720E+13  1.308E-01  4.332E+00
     641      1    102      1     82      1      53     6.7131E+02  3.517E+13  8.113E-01  2.378E+00
     644      1    102      1     87      1      53     4.2378E+02  6.958E+10  1.000E-30  7.448E-01
     645      1    102      1     88      1      53     3.8149E+02  1.149E+13  8.145E+00  1.430E+00
     647      1    102      1     94      1      53     1.9123E+02  2.867E+12  2.517E+01  9.618E-01
     650      1    102      1     97      1      53     1.4260E+02  4.262E+10  1.000E-30  4.673E-01
     652      1    102      1    101      1      53     5.9168E+01  2.433E+09  1.191E-01  8.035E-01
     653      1    103      1     76      1      53     1.2875E+03  3.563E+13  1.990E-02  9.500E+00
     654      1    103      1     78      1      53     9.7272E+02  9.305E+10  1.000E-30  2.929E+00
     655      1    103      1     81      1      53     8.1083E+02  1.607E+13  6.545E-02  5.553E+00
     656      1    103      1     85      1      53     5.2157E+02  7.760E+12  2.163E-01  3.596E+00
     657      1    103      1     86      1      53     5.0613E+02  6.398E+10  1.000E-30  1.735E+00
     659      1    103      1     91      1      53     3.3233E+02  3.577E+12  8.453E-01  2.565E+00
     662      1    103      1     95      1      53     2.2220E+02  1.744E+10  1.000E-30  1.181E+00
     663      1    103      1     96      1      53     2.0131E+02  2.446E+12  6.046E+00  2.023E+00
     665      1    103      1    100      1      53     1.0650E+02  9.100E+11  4.040E+01  1.795E+00
     667      1    103      1    102      1      53     3.6571E+01  2.521E+08  1.000E-30  9.629E-01
     668      1    104      1     78      1      53     9.7661E+02  3.517E+13  1.037E-01  2.665E+00
     670      1    104      1     86      1      53     5.1003E+02  1.284E+13  8.875E-01  1.464E+00
     674      1    104      1     95      1      53     2.2610E+02  2.442E+12  8.315E+00  9.033E-01
     677      1    104      1    102      1      53     4.0464E+01  1.260E+10  6.992E+00  6.480E-01
     679      1    105      1     77      1      53     1.2750E+03  6.283E+13  5.648E-02  4.672E+00
     680      1    105      1     82      1      53     7.9944E+02  3.300E+13  2.593E-01  2.717E+00
     682      1    105      1     87      1      53     5.5191E+02  4.889E+10  1.000E-30  1.078E+00
     683      1    105      1     88      1      53     5.0962E+02  1.463E+13  1.251E+00  1.762E+00
     685      1    105      1     94      1      53     3.1936E+02  1.106E+13  9.775E+00  1.285E+00
     688      1    105      1     97      1      53     2.7073E+02  5.233E+10  1.000E-30  7.105E-01
     690      1    105      1    101      1      53     1.8730E+02  3.866E+12  3.367E+01  1.088E+00
     692      1    105      1    103      1      53     9.1560E+01  4.216E+09  3.609E-02  1.086E+00
     693      1    105      1    104      1      53     8.7667E+01  1.622E+10  1.000E-30  6.375E-01
     694      1    106      1     78      1      53     1.1024E+03  2.354E+13  3.919E-02  2.937E+00
     695      1    106      1     86      1      53     6.3583E+02  1.341E+13  2.475E-01  1.737E+00
     698      1    106      1     95      1      53     3.5190E+02  5.248E+12  1.191E+00  1.176E+00
     701      1    106      1    102      1      53     1.6626E+02  1.323E+12  7.794E+00  9.107E-01
     704      1    106      1    105      1      53     3.8133E+01  1.660E+10  8.369E+00  8.362E-01
     705      1    107      1     77      1      53     1.3672E+03  4.560E+13  2.835E-02  5.000E+00
     706      1    107      1     82      1      53     8.9170E+02  2.649E+13  1.074E-01  3.045E+00
     707      1    107      1     87      1      53     6.4417E+02  3.455E+10  1.000E-30  1.404E+00
     708      1    107      1     88      1      53     6.0188E+02  1.529E+13  3.764E-01  2.091E+00
     710      1    107      1     94      1      53     4.1162E+02  1.084E+13  1.472E+00  1.613E+00
     712      1    107      1     97      1      53     3.6299E+02  4.273E+10  1.000E-30  1.028E+00
     714      1    107      1    101      1      53     2.7956E+02  8.833E+12  9.271E+00  1.405E+00
     716      1    107      1    103      1      53     1.8382E+02  5.333E+12  3.742E+01  1.385E+00
     717      1    107      1    104      1      53     1.7993E+02  2.854E+10  1.000E-30  8.784E-01
     719      1    107      1    106      1      53     5.4126E+01  5.075E+09  1.000E-30  9.304E-01
     720      1    108      1     78      1      53     1.1926E+03  1.616E+13  1.747E-02  3.211E+00
     721      1    108      1     86      1      53     7.2599E+02  1.102E+13  9.178E-02  2.017E+00
     723      1    108      1     95      1      53     4.4206E+02  5.679E+12  3.280E-01  1.449E+00
     725      1    108      1    102      1      53     2.5642E+02  2.253E+12  1.130E+00  1.187E+00
     728      1    108      1    105      1      53     1.2829E+02  7.292E+11  5.828E+00  1.108E+00
     730      1    108      1    107      1      53     3.6034E+01  2.171E+10  8.534E+00  1.166E+00
     731      1    110      1    109      1      53     1.0325E+02  7.412E+10  1.000E-30  3.596E+02
     732      1    111      1    109      1      53     6.2828E+02  1.876E+13  1.393E-03  4.026E+02
     733      1    114      1    113      1      54     7.1415E+00  2.261E+05  1.000E-30  2.466E-03
     735      1    115      1    114      1      54     4.2027E+02  1.478E+11  1.228E+01  6.142E-02
     736      1    117      1    116      1      54     8.2284E+01  1.259E+09  8.559E+01  1.992E-02
     737      1    118      1    117      1      54     6.5579E+01  5.286E+09  3.753E-03  9.901E+01
     739      1    120      1    119      1      54     2.7707E+01  7.214E+07  4.856E+01  3.108E-02
     740      1    121      1    120      1      54     3.4184E+01  1.617E+09  2.342E-02  3.530E+01
     743      1    122      1    121      1      54     1.1729E+01  1.439E+07  1.067E-02  1.006E+01
     745      1    124      1    119      1      54     9.4819E+02  8.384E+13  2.465E-01  3.144E+01
     746      1    124      1    121      1      54     8.8629E+02  3.552E+13  1.000E-30  1.778E+01
     747      1    123      1    120      1      54     9.0352E+02  1.297E+14  1.000E-30  5.158E+01
     749      1    124      1    123      1      54     1.6956E+01  3.442E+07  2.649E+01  8.031E-02
     750      1    125      1    120      1      54     9.3511E+02  1.989E+14  1.319E-01  4.310E+01
     753      1    125      1    122      1      54     8.8920E+02  8.655E+12  1.000E-30  3.509E+00
     754      1    125      1    124      1      54     1.4632E+01  1.447E+08  4.327E-02  2.239E+01
     757      1    126      1    121      1      54     9.0719E+02  2.591E+14  4.184E-01  1.508E+01
     759      1    126      1    125      1      54     6.2624E+00  4.005E+06  3.905E-02  5.229E+00
     761      1    127      1    122      1      54     9.0472E+02  2.834E+14  1.091E+00  6.944E+00
     763      1    127      1    126      1      54     9.2648E+00  4.886E+06  2.592E-02  2.082E+00
     765      1    129      1    121      1      54     1.3816E+03  2.754E+13  1.000E-30  1.013E+01
     767      1    129      1    123      1      54     5.1224E+02  1.220E+13  4.691E-01  1.824E+01
     768      1    129      1    125      1      54     4.8065E+02  9.543E+12  1.000E-30  1.095E+01
     770      1    128      1    120      1      54     1.4063E+03  1.086E+14  1.000E-30  5.154E+01
     772      1    128      1    124      1      54     4.8585E+02  2.786E+13  1.000E-30  3.190E+01
     775      1    129      1    128      1      54     9.4325E+00  8.873E+06  1.636E+01  1.511E-01
     777      1    130      1    120      1      54     1.4246E+03  1.043E+14  2.498E-01  3.800E+00
     779      1    130      1    122      1      54     1.3787E+03  5.761E+12  1.000E-30  4.829E+00
     780      1    130      1    124      1      54     5.0408E+02  2.873E+13  2.108E-01  2.699E+01
     783      1    130      1    126      1      54     4.8319E+02  3.555E+12  1.000E-30  2.178E+00
     785      1    130      1    129      1      54     8.7978E+00  3.873E+07  9.757E-02  1.310E+01
     788      1    131      1    121      1      54     1.3942E+03  2.739E+14  7.788E-02  1.705E+01
     790      1    131      1    125      1      54     4.9329E+02  3.053E+13  7.882E-01  7.518E+00
     791      1    131      1    127      1      54     4.7777E+02  9.559E+11  1.000E-30  9.145E-01
     793      1    131      1    130      1      54     3.8408E+00  1.276E+06  9.693E-02  3.127E+00
     795      1    132      1    122      1      54     1.3904E+03  2.758E+14  1.240E-01  8.197E+00
     797      1    132      1    126      1      54     4.9497E+02  2.893E+13  1.918E+00  3.465E+00
     799      1    132      1    131      1      54     7.9348E+00  5.311E+06  7.740E-02  1.291E+00
     800      1    133      1    127      1      54     4.8686E+02  2.536E+13  3.835E+00  1.994E+00
     801      1    133      1    132      1      54     1.1594E+00  5.007E+03  3.232E-02  6.833E-01
     802      1    134      1    124      1      54     7.8763E+02  2.659E+13  1.000E-30  3.191E+01
     804      1    134      1    129      1      54     2.9235E+02  7.821E+12  1.000E-30  1.856E+01
     808      1    135      1    123      1      54     8.1021E+02  1.634E+13  1.972E-01  1.170E+01
     809      1    135      1    125      1      54     7.7862E+02  8.522E+12  1.000E-30  1.023E+01
     811      1    135      1    128      1      54     3.0740E+02  2.307E+12  8.087E-01  1.160E+01
     812      1    135      1    130      1      54     2.8917E+02  2.994E+12  1.000E-30  5.995E+00
     814      1    135      1    134      1      54     5.6221E+00  5.095E+06  1.359E+00  3.303E+00
     815      1    136      1    124      1      54     7.9909E+02  3.613E+13  4.669E-02  3.189E+01
     818      1    136      1    126      1      54     7.7820E+02  2.816E+12  1.000E-30  5.181E+00
     819      1    136      1    129      1      54     3.0380E+02  5.898E+12  3.169E-01  1.852E+01
     822      1    136      1    131      1      54     2.9116E+02  1.363E+12  1.000E-30  3.079E+00
     825      1    136      1    135      1      54     5.8334E+00  1.283E+07  1.897E-01  8.468E+00
     827      1    137      1    125      1      54     7.8707E+02  4.853E+13  1.367E-01  1.022E+01
     828      1    137      1    127      1      54     7.7154E+02  6.446E+11  1.000E-30  3.195E+00
     830      1    137      1    130      1      54     2.9761E+02  5.916E+12  9.673E-01  5.996E+00
     831      1    137      1    132      1      54     2.8584E+02  5.378E+11  1.000E-30  1.918E+00
     833      1    137      1    136      1      54     2.6080E+00  4.787E+05  1.889E-01  2.122E+00
     835      1    138      1    126      1      54     7.8806E+02  5.594E+13  2.479E-01  5.163E+00
     837      1    138      1    131      1      54     3.0103E+02  5.900E+12  2.042E+00  3.060E+00
     838      1    138      1    133      1      54     2.9194E+02  1.740E+11  1.000E-30  1.323E+00
     840      1    138      1    137      1      54     7.2571E+00  5.301E+06  1.449E-01  9.619E-01
     841      1    139      1    127      1      54     7.7953E+02  4.800E+13  2.880E-01  3.170E+00
     842      1    139      1    132      1      54     2.9383E+02  5.221E+12  3.565E+00  1.892E+00
     843      1    139      1    138      1      54     7.3047E-01  2.225E+03  7.133E-02  5.630E-01
     844      1    140      1    133      1      54     2.9317E+02  5.063E+12  5.942E+00  1.290E+00
     845      1    140      1    139      1      54     5.0455E-01  2.974E+02  3.271E-02  3.738E-01
     846      1    141      1    124      1      54     9.8280E+02  2.117E+13  1.000E-30  3.199E+01
     847      1    141      1    129      1      54     4.8751E+02  8.153E+12  1.000E-30  1.862E+01
     851      1    141      1    135      1      54     1.8954E+02  2.614E+12  1.000E-30  1.186E+01
     853      1    142      1    123      1      54     1.0032E+03  1.477E+13  1.265E-01  8.038E+00
     854      1    142      1    125      1      54     9.7165E+02  6.473E+12  1.000E-30  1.035E+01
     856      1    142      1    128      1      54     5.0043E+02  3.783E+12  3.149E-01  8.003E+00
     857      1    142      1    130      1      54     4.8220E+02  2.948E+12  1.000E-30  6.125E+00
     859      1    142      1    134      1      54     1.9865E+02  5.275E+11  1.284E+00  7.956E+00
     861      1    142      1    136      1      54     1.8719E+02  1.072E+12  1.000E-30  5.225E+00
     863      1    142      1    141      1      54     3.4847E+00  1.033E+06  2.095E+00  2.353E+00
     864      1    143      1    124      1      54     9.9046E+02  3.115E+13  2.024E-02  3.198E+01
     865      1    143      1    126      1      54     9.6956E+02  2.002E+12  1.000E-30  5.301E+00
     866      1    143      1    129      1      54     4.9517E+02  8.593E+12  8.350E-02  1.861E+01
     869      1    143      1    131      1      54     4.8253E+02  1.222E+12  1.000E-30  3.200E+00
     872      1    143      1    135      1      54     1.9720E+02  1.348E+12  6.225E-01  9.806E+00
     874      1    143      1    137      1      54     1.8876E+02  5.517E+11  1.000E-30  1.326E+00
     877      1    143      1    142      1      54     4.1712E+00  4.938E+06  3.221E-01  5.901E+00
     878      1    144      1    125      1      54     9.7774E+02  4.223E+13  5.521E-02  1.034E+01
     879      1    144      1    127      1      54     9.6221E+02  4.176E+11  1.000E-30  3.313E+00
     881      1    144      1    130      1      54     4.8829E+02  1.081E+13  2.341E-01  6.109E+00
     882      1    144      1    132      1      54     4.7651E+02  4.354E+11  1.000E-30  2.035E+00
     884      1    144      1    136      1      54     1.9328E+02  1.051E+12  1.998E+00  2.893E+00
     885      1    144      1    138      1      54     1.8342E+02  2.517E+11  1.000E-30  6.608E-01
     887      1    144      1    143      1      54     1.9160E+00  2.152E+05  2.943E-01  1.685E+00
     888      1    145      1    126      1      54     9.7835E+02  4.663E+13  8.830E-02  5.275E+00
     890      1    145      1    131      1      54     4.9132E+02  1.258E+13  4.284E-01  3.172E+00
     891      1    145      1    133      1      54     4.8223E+02  1.126E+11  1.000E-30  1.436E+00
     893      1    145      1    137      1      54     1.9755E+02  1.129E+12  4.138E+00  1.452E+00
     894      1    145      1    139      1      54     1.8956E+02  1.285E+11  1.000E-30  4.591E-01
     896      1    145      1    144      1      54     6.8766E+00  5.864E+06  1.908E-01  8.938E-01
     897      1    146      1    127      1      54     9.6958E+02  3.380E+13  8.109E-02  3.276E+00
     898      1    146      1    132      1      54     4.8388E+02  1.206E+13  5.965E-01  1.998E+00
     899      1    146      1    138      1      54     1.9078E+02  1.241E+12  6.692E+00  9.178E-01
     900      1    146      1    140      1      54     1.8955E+02  3.940E+10  1.000E-30  3.626E-01
     901      1    146      1    145      1      54     4.8959E-01  9.680E+02  8.684E-02  6.087E-01
     902      1    147      1    133      1      54     4.8306E+02  1.017E+13  5.891E-01  1.389E+00
     903      1    147      1    139      1      54     1.9039E+02  1.860E+12  1.028E+01  6.479E-01
     904      1    147      1    146      1      54     3.3818E-01  1.671E+02  4.533E-02  4.584E-01
     905      1    148      1    140      1      54     1.9013E+02  2.038E+12  1.547E+01  4.803E-01
     906      1    148      1    147      1      54     2.4746E-01  2.662E+01  1.882E-02  3.549E-01
     907      1    149      1    124      1      54     1.1162E+03  1.633E+13  1.000E-30  3.213E+01
     908      1    149      1    129      1      54     6.2092E+02  6.921E+12  1.000E-30  1.876E+01
     910      1    149      1    135      1      54     3.2295E+02  2.913E+12  1.000E-30  1.202E+01
     913      1    149      1    142      1      54     1.2992E+02  9.988E+11  1.000E-30  8.310E+00
     915      1    150      1    123      1      54     1.1354E+03  1.223E+13  9.397E-02  5.915E+00
     916      1    150      1    125      1      54     1.1038E+03  4.863E+12  1.000E-30  1.051E+01
     917      1    150      1    128      1      54     6.3256E+02  3.816E+12  1.892E-01  5.881E+00
     918      1    150      1    130      1      54     6.1433E+02  2.417E+12  1.000E-30  6.284E+00
     919      1    150      1    134      1      54     3.3078E+02  1.060E+12  4.610E-01  5.891E+00
     921      1    150      1    136      1      54     3.1933E+02  1.148E+12  1.000E-30  3.410E+00
     923      1    150      1    141      1      54     1.3562E+02  1.453E+11  1.845E+00  5.939E+00
     925      1    150      1    143      1      54     1.2796E+02  4.289E+11  1.000E-30  4.079E+00
     927      1    150      1    149      1      54     2.2069E+00  3.625E+05  2.680E+00  1.901E+00
     928      1    151      1    124      1      54     1.1216E+03  2.499E+13  1.088E-02  3.211E+01
     929      1    151      1    126      1      54     1.1007E+03  1.439E+12  1.000E-30  5.459E+00
     930      1    151      1    129      1      54     6.2630E+02  8.162E+12  3.627E-02  1.874E+01
     931      1    151      1    131      1      54     6.1366E+02  9.437E+11  1.000E-30  3.357E+00
     933      1    151      1    135      1      54     3.2833E+02  2.423E+12  1.530E-01  1.054E+01
     935      1    151      1    137      1      54     3.1989E+02  5.433E+11  1.000E-30  1.125E+00
     937      1    151      1    142      1      54     1.3530E+02  3.780E+11  9.220E-01  6.859E+00
     939      1    151      1    144      1      54     1.2921E+02  2.393E+11  1.000E-30  1.290E+00
     941      1    151      1    150      1      54     3.1681E+00  2.231E+06  4.941E-01  4.525E+00
     942      1    152      1    125      1      54     1.1084E+03  3.350E+13  2.808E-02  1.049E+01
     943      1    152      1    127      1      54     1.0929E+03  2.820E+11  1.000E-30  3.465E+00
     944      1    152      1    130      1      54     6.1900E+02  1.086E+13  9.531E-02  6.263E+00
     945      1    152      1    132      1      54     6.0722E+02  3.143E+11  1.000E-30  2.188E+00
     947      1    152      1    136      1      54     3.2399E+02  2.759E+12  4.300E-01  3.366E+00
     948      1    152      1    138      1      54     3.1413E+02  2.345E+11  1.000E-30  8.282E-01
     950      1    152      1    143      1      54     1.3263E+02  3.203E+11  2.561E+00  2.248E+00
     951      1    152      1    145      1      54     1.2383E+02  1.156E+11  1.000E-30  7.908E-01
     953      1    152      1    151      1      54     1.4980E+00  1.265E+05  3.518E-01  1.585E+00
     954      1    153      1    126      1      54     1.1088E+03  3.530E+13  4.099E-02  5.422E+00
     955      1    153      1    131      1      54     6.2180E+02  1.280E+13  1.588E-01  3.320E+00
     956      1    153      1    133      1      54     6.1271E+02  7.156E+10  1.000E-30  1.583E+00
     958      1    153      1    137      1      54     3.2803E+02  3.099E+12  7.659E-01  1.798E+00
     959      1    153      1    139      1      54     3.2004E+02  9.876E+10  1.000E-30  7.022E-01
     961      1    153      1    144      1      54     1.3736E+02  5.665E+11  4.485E+00  1.278E+00
     962      1    153      1    146      1      54     1.2999E+02  7.579E+10  1.000E-30  6.171E-01
     963      1    153      1    152      1      54     6.6466E+00  6.395E+06  1.857E-01  1.012E+00
     964      1    154      1    127      1      54     1.0999E+03  2.266E+13  3.232E-02  3.417E+00
     965      1    154      1    132      1      54     6.1421E+02  1.190E+13  1.883E-01  2.139E+00
     966      1    154      1    138      1      54     3.2112E+02  3.070E+12  1.042E+00  1.194E+00
     967      1    154      1    140      1      54     3.1988E+02  2.468E+10  1.000E-30  6.006E-01
     968      1    154      1    145      1      54     1.3082E+02  5.492E+11  6.059E+00  9.018E-01
     969      1    154      1    147      1      54     1.3000E+02  3.499E+10  1.000E-30  5.183E-01
     970      1    154      1    153      1      54     3.4390E-01  4.333E+02  7.748E-02  7.880E-01
     971      1    155      1    133      1      54     6.1329E+02  8.248E+12  1.413E-01  1.523E+00
     972      1    155      1    139      1      54     3.2062E+02  3.686E+12  1.198E+00  8.778E-01
     973      1    155      1    146      1      54     1.3057E+02  6.282E+11  8.012E+00  6.979E-01
     974      1    155      1    148      1      54     1.2999E+02  1.085E+10  1.000E-30  4.413E-01
     975      1    155      1    154      1      54     2.3759E-01  8.306E+01  4.076E-02  6.540E-01
     976      1    156      1    124      1      54     1.2114E+03  1.260E+13  1.000E-30  3.232E+01
     977      1    156      1    129      1      54     7.1613E+02  5.604E+12  1.000E-30  1.895E+01
     978      1    156      1    135      1      54     4.1816E+02  2.600E+12  1.000E-30  1.223E+01
     980      1    156      1    142      1      54     2.2513E+02  1.174E+12  1.000E-30  8.518E+00
     983      1    156      1    150      1      54     9.3002E+01  4.260E+11  1.000E-30  6.345E+00
     985      1    157      1    123      1      54     1.2298E+03  9.908E+12  7.350E-02  4.669E+00
     986      1    157      1    125      1      54     1.1982E+03  3.677E+12  1.000E-30  1.073E+01
     987      1    157      1    128      1      54     7.2695E+02  3.405E+12  1.321E-01  4.635E+00
     988      1    157      1    130      1      54     7.0872E+02  1.913E+12  1.000E-30  6.492E+00
     989      1    157      1    134      1      54     4.2517E+02  1.181E+12  2.601E-01  4.652E+00
     990      1    157      1    136      1      54     4.1371E+02  9.935E+11  1.000E-30  2.722E+00
     991      1    157      1    141      1      54     2.3000E+02  3.462E+11  6.232E-01  4.713E+00
     993      1    157      1    143      1      54     2.2235E+02  4.875E+11  1.000E-30  2.987E+00
     995      1    157      1    149      1      54     9.6594E+01  4.833E+10  2.448E+00  4.821E+00
     997      1    157      1    151      1      54     9.1219E+01  1.867E+11  1.000E-30  3.503E+00
     999      1    157      1    156      1      54     1.3856E+00  9.262E+04  2.658E+00  1.818E+00
    1000      1    158      1    124      1      54     1.2153E+03  1.971E+13  6.522E-03  3.232E+01
    1001      1    158      1    126      1      54     1.1944E+03  1.057E+12  1.000E-30  5.666E+00
    1002      1    158      1    129      1      54     7.2004E+02  6.980E+12  1.931E-02  1.894E+01
    1003      1    158      1    131      1      54     7.0740E+02  7.186E+11  1.000E-30  3.564E+00
    1004      1    158      1    135      1      54     4.2207E+02  2.542E+12  6.293E-02  1.113E+01
    1005      1    158      1    137      1      54     4.1363E+02  4.479E+11  1.000E-30  1.479E+00
    1007      1    158      1    142      1      54     2.2904E+02  8.028E+11  2.243E-01  7.418E+00
    1009      1    158      1    144      1      54     2.2296E+02  2.541E+11  1.000E-30  1.214E+00
    1011      1    158      1    150      1      54     9.6914E+01  1.235E+11  1.246E+00  5.284E+00
    1012      1    158      1    152      1      54     9.2248E+01  1.106E+11  1.000E-30  1.443E+00
    1014      1    158      1    157      1      54     2.5273E+00  1.174E+06  6.622E-01  3.864E+00
    1015      1    159      1    125      1      54     1.2019E+03  2.613E+13  1.596E-02  1.070E+01
    1016      1    159      1    127      1      54     1.1864E+03  1.986E+11  1.000E-30  3.670E+00
    1017      1    159      1    130      1      54     7.1248E+02  9.429E+12  4.753E-02  6.466E+00
    1018      1    159      1    132      1      54     7.0070E+02  2.273E+11  1.000E-30  2.391E+00
    1019      1    159      1    136      1      54     4.1747E+02  3.241E+12  1.597E-01  3.775E+00
    1020      1    159      1    138      1      54     4.0761E+02  1.842E+11  1.000E-30  1.200E+00
    1022      1    159      1    143      1      54     2.2610E+02  8.944E+11  5.385E-01  2.650E+00
    1023      1    159      1    145      1      54     2.1731E+02  1.215E+11  1.000E-30  9.564E-01
    1025      1    159      1    151      1      54     9.4977E+01  1.651E+11  2.725E+00  2.057E+00
    1026      1    159      1    153      1      54     8.6832E+01  5.370E+10  1.000E-30  1.050E+00
    1028      1    159      1    158      1      54     1.2307E+00  8.036E+04  3.409E-01  1.728E+00
    1029      1    160      1    126      1      54     1.2022E+03  2.654E+13  2.145E-02  5.620E+00
    1030      1    160      1    131      1      54     7.1513E+02  1.100E+13  7.275E-02  3.517E+00
    1031      1    160      1    133      1      54     7.0604E+02  4.806E+10  1.000E-30  1.780E+00
    1032      1    160      1    137      1      54     4.2136E+02  3.933E+12  2.527E-01  2.124E+00
    1033      1    160      1    139      1      54     4.1337E+02  6.936E+10  1.000E-30  1.018E+00
    1035      1    160      1    144      1      54     2.3069E+02  1.289E+12  8.222E-01  1.597E+00
    1036      1    160      1    146      1      54     2.2332E+02  6.536E+10  1.000E-30  8.500E-01
    1037      1    160      1    152      1      54     9.9979E+01  2.376E+11  3.861E+00  1.362E+00
    1038      1    160      1    154      1      54     9.2988E+01  4.258E+10  1.000E-30  8.933E-01
    1039      1    160      1    159      1      54     6.4994E+00  7.128E+06  1.543E-01  1.293E+00
    1040      1    161      1    127      1      54     1.1932E+03  1.565E+13  1.521E-02  3.606E+00
    1041      1    161      1    132      1      54     7.0745E+02  9.733E+12  7.592E-02  2.329E+00
    1042      1    161      1    138      1      54     4.1436E+02  4.335E+12  2.995E-01  1.467E+00
    1043      1    161      1    140      1      54     4.1312E+02  1.535E+10  1.000E-30  8.747E-01
    1044      1    161      1    145      1      54     2.2406E+02  1.332E+12  9.787E-01  1.177E+00
    1045      1    161      1    147      1      54     2.2323E+02  2.590E+10  1.000E-30  7.590E-01
    1046      1    161      1    153      1      54     9.3583E+01  2.281E+11  4.263E+00  1.077E+00
    1047      1    161      1    155      1      54     9.3001E+01  2.359E+10  1.000E-30  7.886E-01
    1048      1    161      1    160      1      54     2.5061E-01  2.045E+02  6.046E-02  1.102E+00
    1049      1    162      1    133      1      54     7.0646E+02  5.790E+12  4.716E-02  1.704E+00
    1050      1    162      1    139      1      54     4.1380E+02  4.001E+12  2.806E-01  1.122E+00
    1051      1    162      1    146      1      54     2.2375E+02  1.461E+12  1.068E+00  9.410E-01
    1052      1    162      1    148      1      54     2.2316E+02  6.551E+09  1.000E-30  6.702E-01
    1053      1    162      1    154      1      54     9.3412E+01  2.694E+11  5.071E+00  9.048E-01
    1054      1    162      1    161      1      54     1.7317E-01  4.144E+01  3.202E-02  9.729E-01
