#  File format type:   4
#
#  SPECT3D transition powers file.
#  RUN NAME:  xe_750-1300_4mm
#  Total number of transitions   =     1380
#  Number of written transitions =      624
#  Plasma temperature (eV)       =     5.0000E+02
#  Mass density (g/cm3)          =     1.0902E-01
#  Cell areal density (g/cm2)    =     4.3607E-02
#  Material mass fractions       =     1.0000E+00
#  DCA material number fractions =     1.0000E+00
# -----------------------------------------------------
#
#
#   Trans.  Trans  Upper  Upper  Lower  Lower   Ioniz   Energy     Line Power Line Center Line Width
#   Index   Model  Level  Model  Level  Model   Stage   (eV)       (W/cm2)    Opt. Depth      eV
# --------------------------------------------------------------------------------------------------
       1      1      3      1      2      1      52     1.1982E+02  6.676E+10  2.681E-05  2.526E-02
       2      1      4      1      2      1      52     4.9234E+02  6.331E+11  5.752E+01  8.141E-02
       4      1      6      1      5      1      52     1.0651E+02  2.086E+11  1.582E-01  7.876E+01
       6      1      7      1      6      1      52     6.8034E+01  3.227E+10  2.206E-02  9.470E+01
       7      1      9      1      8      1      52     3.8672E+01  8.945E+09  5.255E-01  2.885E+01
       9      1     10      1      9      1      52     3.4641E+01  7.947E+09  1.439E-01  3.146E+01
      11      1     11      1     10      1      52     9.4480E+00  3.076E+07  5.401E-02  8.624E+00
      13      1     12      1      9      1      52     8.3242E+02  5.483E+14  1.000E-30  4.503E+01
      14      1     13      1      8      1      52     8.9349E+02  1.674E+14  1.314E+00  2.755E+01
      16      1     13      1     10      1      52     8.2018E+02  1.451E+14  1.000E-30  1.573E+01
      17      1     13      1     12      1      52     2.2396E+01  1.615E+09  1.312E+00  1.689E+01
      19      1     14      1      9      1      52     8.6975E+02  4.879E+14  7.386E-01  3.778E+01
      21      1     14      1     11      1      52     8.2566E+02  3.461E+13  1.000E-30  3.187E+00
      23      1     14      1     13      1      52     1.4925E+01  6.643E+08  2.586E-01  2.052E+01
      25      1     15      1     10      1      52     8.3968E+02  4.112E+14  2.404E+00  1.308E+01
      28      1     15      1     14      1      52     4.5752E+00  5.282E+06  1.731E-01  4.657E+00
      30      1     16      1     11      1      52     8.3260E+02  3.417E+14  6.153E+00  6.093E+00
      32      1     16      1     15      1      52     2.3647E+00  2.421E+05  8.836E-02  1.968E+00
      34      1     17      1      9      1      52     1.3019E+03  4.602E+14  1.000E-30  4.517E+01
      36      1     17      1     13      1      52     4.4709E+02  1.166E+14  1.000E-30  2.817E+01
      38      1     18      1      8      1      52     1.3534E+03  2.369E+14  5.997E-01  1.640E+01
      40      1     18      1     10      1      52     1.2800E+03  1.124E+14  1.000E-30  9.073E+00
      41      1     18      1     12      1      52     4.8226E+02  1.950E+13  2.432E+00  1.632E+01
      43      1     18      1     14      1      52     4.4493E+02  3.894E+13  1.000E-30  1.001E+01
      45      1     18      1     17      1      52     1.2770E+01  2.303E+08  2.634E+00  1.009E+01
      47      1     19      1      9      1      52     1.3234E+03  6.759E+14  1.732E-01  4.092E+01
      49      1     19      1     11      1      52     1.2793E+03  2.288E+13  1.000E-30  4.502E+00
      51      1     19      1     13      1      52     4.6860E+02  6.003E+13  1.164E+00  2.392E+01
      53      1     19      1     15      1      52     4.4910E+02  1.422E+13  1.000E-30  2.261E+00
      56      1     19      1     18      1      52     8.7378E+00  1.376E+08  5.541E-01  1.238E+01
      58      1     20      1     10      1      52     1.2912E+03  7.735E+14  4.411E-01  1.492E+01
      61      1     20      1     14      1      52     4.5609E+02  4.117E+13  4.303E+00  6.817E+00
      63      1     20      1     16      1      52     4.4915E+02  4.004E+12  1.000E-30  1.129E+00
      65      1     20      1     19      1      52     2.4178E+00  8.708E+05  3.283E-01  3.152E+00
      67      1     21      1     11      1      52     1.2829E+03  6.870E+14  6.872E-01  7.294E+00
      69      1     21      1     15      1      52     4.5271E+02  3.791E+13  9.925E+00  3.297E+00
      72      1     21      1     20      1      52     1.2002E+00  5.145E+04  1.829E-01  1.560E+00
      75      1     22      1     16      1      52     4.5135E+02  4.220E+13  1.921E+01  1.966E+00
      77      1     22      1     21      1      52     1.0028E+00  1.445E+04  1.005E-01  9.652E-01
      79      1     23      1     13      1      52     7.2854E+02  1.118E+14  1.000E-30  2.846E+01
      81      1     23      1     18      1      52     2.6868E+02  3.275E+13  1.000E-30  1.698E+01
      83      1     24      1     12      1      52     7.5883E+02  3.625E+13  9.997E-01  1.084E+01
      85      1     24      1     14      1      52     7.2151E+02  3.470E+13  1.000E-30  5.930E+00
      86      1     24      1     17      1      52     2.8935E+02  3.306E+12  3.932E+00  1.096E+01
      88      1     24      1     19      1      52     2.6784E+02  1.225E+13  1.000E-30  7.225E+00
      90      1     24      1     23      1      52     7.9016E+00  4.921E+07  4.295E+00  7.139E+00
      92      1     25      1     13      1      52     7.4204E+02  1.111E+14  2.822E-01  2.574E+01
      94      1     25      1     15      1      52     7.2254E+02  1.121E+13  1.000E-30  2.557E+00
      96      1     25      1     18      1      52     2.8218E+02  9.734E+12  1.980E+00  1.432E+01
      98      1     25      1     20      1      52     2.7102E+02  5.491E+12  1.000E-30  2.152E+00
     101      1     25      1     24      1      52     5.5989E+00  3.403E+07  9.694E-01  8.638E+00
     103      1     26      1     14      1      52     7.2843E+02  1.119E+14  8.472E-01  7.987E+00
     105      1     26      1     16      1      52     7.2149E+02  2.636E+12  1.000E-30  1.920E+00
     107      1     26      1     19      1      52     2.7476E+02  8.123E+12  6.264E+00  4.508E+00
     109      1     26      1     21      1      52     2.7114E+02  2.339E+12  1.000E-30  1.296E+00
     112      1     26      1     25      1      52     1.3194E+00  1.771E+05  4.204E-01  2.837E+00
     114      1     27      1     15      1      52     7.2446E+02  1.019E+14  1.489E+00  4.113E+00
     117      1     27      1     20      1      52     2.7295E+02  1.123E+13  1.180E+01  2.459E+00
     119      1     27      1     22      1      52     2.7075E+02  6.910E+11  1.000E-30  9.830E-01
     121      1     27      1     26      1      52     6.0740E-01  8.920E+03  1.977E-01  1.761E+00
     123      1     28      1     16      1      52     7.2273E+02  8.861E+13  1.681E+00  2.601E+00
     125      1     28      1     21      1      52     2.7238E+02  1.624E+13  1.927E+01  1.636E+00
     128      1     28      1     27      1      52     6.3240E-01  6.664E+03  1.217E-01  1.301E+00
     129      1     29      1     13      1      52     9.1039E+02  8.891E+13  1.000E-30  2.891E+01
     131      1     29      1     18      1      52     4.5053E+02  3.405E+13  1.000E-30  1.743E+01
     134      1     29      1     24      1      52     1.7396E+02  1.084E+13  1.000E-30  1.187E+01
     136      1     30      1     12      1      52     9.3797E+02  3.925E+13  5.915E-01  8.090E+00
     137      1     30      1     14      1      52     9.0065E+02  2.638E+13  1.000E-30  5.806E+00
     138      1     30      1     17      1      52     4.6848E+02  7.585E+12  1.427E+00  8.210E+00
     140      1     30      1     19      1      52     4.4698E+02  1.206E+13  1.000E-30  5.005E+00
     142      1     30      1     23      1      52     1.8704E+02  9.134E+11  5.511E+00  8.482E+00
     144      1     30      1     25      1      52     1.7354E+02  4.383E+12  1.000E-30  6.084E+00
     146      1     30      1     29      1      52     5.1810E+00  2.257E+07  5.514E+00  6.097E+00
     147      1     31      1     13      1      52     9.1941E+02  1.098E+14  1.140E-01  2.708E+01
     148      1     31      1     15      1      52     8.9991E+02  7.962E+12  1.000E-30  3.770E+00
     150      1     31      1     18      1      52     4.5956E+02  2.387E+13  4.696E-01  1.567E+01
     152      1     31      1     20      1      52     4.4840E+02  4.893E+12  1.000E-30  2.360E+00
     155      1     31      1     24      1      52     1.8298E+02  2.218E+12  2.877E+00  1.004E+01
     157      1     31      1     26      1      52     1.7606E+02  2.242E+12  1.000E-30  2.577E+00
     160      1     31      1     30      1      52     3.8407E+00  1.151E+07  1.358E+00  7.213E+00
     161      1     32      1     14      1      52     9.0519E+02  1.297E+14  2.985E-01  8.927E+00
     162      1     32      1     16      1      52     8.9825E+02  1.701E+12  1.000E-30  2.860E+00
     164      1     32      1     19      1      52     4.5152E+02  2.276E+13  1.216E+00  5.454E+00
     166      1     32      1     21      1      52     4.4790E+02  1.823E+12  1.000E-30  1.932E+00
     169      1     32      1     25      1      52     1.7808E+02  3.486E+12  6.747E+00  3.906E+00
     171      1     32      1     27      1      52     1.7615E+02  1.151E+12  1.000E-30  1.899E+00
     174      1     32      1     31      1      52     7.0280E-01  3.168E+04  3.846E-01  3.266E+00
     175      1     33      1     15      1      52     9.0089E+02  1.316E+14  4.290E-01  4.877E+00
     177      1     33      1     20      1      52     4.4938E+02  3.229E+13  1.858E+00  3.210E+00
     179      1     33      1     22      1      52     4.4717E+02  4.470E+11  1.000E-30  1.644E+00
     181      1     33      1     26      1      52     1.7704E+02  4.166E+12  9.661E+00  2.562E+00
     183      1     33      1     28      1      52     1.7580E+02  5.125E+11  1.000E-30  1.585E+00
     185      1     33      1     32      1      52     2.7490E-01  1.085E+03  1.598E-01  2.463E+00
     186      1     34      1     16      1      52     8.9895E+02  1.026E+14  3.587E-01  3.233E+00
     188      1     34      1     21      1      52     4.4860E+02  3.420E+13  2.208E+00  2.267E+00
     191      1     34      1     27      1      52     1.7685E+02  5.047E+12  1.250E+01  1.955E+00
     194      1     34      1     33      1      52     4.2420E-01  2.921E+03  9.888E-02  2.054E+00
     195      1     35      1     13      1      52     1.0346E+03  6.858E+13  1.000E-30  2.964E+01
     196      1     35      1     18      1      52     5.7478E+02  2.891E+13  1.000E-30  1.816E+01
     198      1     35      1     24      1      52     2.9820E+02  1.214E+13  1.000E-30  1.254E+01
     201      1     35      1     30      1      52     1.1906E+02  4.146E+12  1.000E-30  9.735E+00
     203      1     36      1     12      1      52     1.0606E+03  3.672E+13  3.700E-01  6.868E+00
     204      1     36      1     14      1      52     1.0233E+03  1.980E+13  1.000E-30  7.263E+00
     205      1     36      1     17      1      52     5.9109E+02  9.926E+12  7.232E-01  6.988E+00
     206      1     36      1     19      1      52     5.6958E+02  9.850E+12  1.000E-30  4.816E+00
     207      1     36      1     23      1      52     3.0964E+02  2.480E+12  1.688E+00  7.254E+00
     209      1     36      1     25      1      52     2.9614E+02  4.689E+12  1.000E-30  5.087E+00
     211      1     36      1     29      1      52     1.2779E+02  4.718E+11  6.288E+00  7.695E+00
     213      1     36      1     31      1      52     1.1877E+02  1.762E+12  1.000E-30  6.068E+00
     215      1     36      1     35      1      52     3.5433E+00  7.994E+06  5.475E+00  6.338E+00
     216      1     37      1     13      1      52     1.0410E+03  9.366E+13  5.475E-02  2.832E+01
     217      1     37      1     15      1      52     1.0215E+03  5.720E+12  1.000E-30  5.016E+00
     218      1     37      1     18      1      52     5.8110E+02  2.733E+13  1.784E-01  1.690E+01
     219      1     37      1     20      1      52     5.6995E+02  3.769E+12  1.000E-30  3.413E+00
     221      1     37      1     24      1      52     3.0452E+02  6.476E+12  6.372E-01  1.128E+01
     223      1     37      1     26      1      52     2.9760E+02  2.187E+12  1.000E-30  3.003E+00
     226      1     37      1     30      1      52     1.2539E+02  8.817E+11  3.326E+00  8.478E+00
     228      1     37      1     32      1      52     1.2084E+02  9.830E+11  1.000E-30  3.525E+00
     231      1     37      1     36      1      52     2.7803E+00  6.102E+06  1.521E+00  7.175E+00
     232      1     38      1     14      1      52     1.0264E+03  1.183E+14  1.215E-01  9.892E+00
     233      1     38      1     16      1      52     1.0194E+03  1.144E+12  1.000E-30  3.851E+00
     234      1     38      1     19      1      52     5.7269E+02  3.279E+13  3.760E-01  6.445E+00
     235      1     38      1     21      1      52     5.6908E+02  1.293E+12  1.000E-30  2.892E+00
     237      1     38      1     25      1      52     2.9925E+02  8.829E+12  1.179E+00  4.890E+00
     239      1     38      1     27      1      52     2.9733E+02  1.012E+12  1.000E-30  2.623E+00
     242      1     38      1     31      1      52     1.2188E+02  1.277E+12  5.186E+00  4.327E+00
     244      1     38      1     33      1      52     1.2090E+02  5.639E+11  1.000E-30  2.955E+00
     247      1     38      1     37      1      52     3.3030E-01  4.039E+03  3.003E-01  4.350E+00
     248      1     39      1     15      1      52     1.0219E+03  1.215E+14  1.420E-01  5.731E+00
     249      1     39      1     20      1      52     5.7035E+02  4.248E+13  4.589E-01  4.064E+00
     250      1     39      1     22      1      52     5.6815E+02  2.839E+11  1.000E-30  2.492E+00
     252      1     39      1     26      1      52     2.9801E+02  1.098E+13  1.367E+00  3.410E+00
     254      1     39      1     28      1      52     2.9677E+02  3.910E+11  1.000E-30  2.351E+00
     256      1     39      1     32      1      52     1.2125E+02  1.669E+12  5.707E+00  3.347E+00
     258      1     39      1     34      1      52     1.2055E+02  3.013E+11  1.000E-30  2.616E+00
     260      1     39      1     38      1      52     7.3900E-02  2.615E+01  1.169E-01  3.627E+00
     261      1     40      1     16      1      52     1.0198E+03  8.722E+13  9.029E-02  4.003E+00
     262      1     40      1     21      1      52     5.6945E+02  4.364E+13  4.156E-01  3.032E+00
     264      1     40      1     27      1      52     2.9770E+02  1.319E+13  1.383E+00  2.720E+00
     267      1     40      1     33      1      52     1.2127E+02  2.158E+12  6.243E+00  2.835E+00
     270      1     40      1     39      1      52     2.9800E-01  1.320E+03  7.302E-02  3.286E+00
     271      1     41      1     13      1      52     1.1233E+03  5.294E+13  1.000E-30  3.065E+01
     272      1     41      1     18      1      52     6.6340E+02  2.346E+13  1.000E-30  1.917E+01
     273      1     41      1     24      1      52     3.8682E+02  1.081E+13  1.000E-30  1.355E+01
     275      1     41      1     30      1      52     2.0768E+02  4.859E+12  1.000E-30  1.075E+01
     278      1     41      1     36      1      52     8.5076E+01  1.749E+12  1.000E-30  9.461E+00
     280      1     42      1     12      1      52     1.1482E+03  3.578E+13  2.130E-01  6.620E+00
     281      1     42      1     14      1      52     1.1108E+03  1.500E+13  1.000E-30  9.053E+00
     282      1     42      1     17      1      52     6.7867E+02  1.182E+13  3.704E-01  6.741E+00
     283      1     42      1     19      1      52     6.5716E+02  7.786E+12  1.000E-30  5.952E+00
     284      1     42      1     23      1      52     3.9722E+02  3.908E+12  6.963E-01  7.013E+00
     285      1     42      1     25      1      52     3.8372E+02  4.056E+12  1.000E-30  5.300E+00
     286      1     42      1     29      1      52     2.1536E+02  1.119E+12  1.580E+00  7.466E+00
     288      1     42      1     31      1      52     2.0634E+02  1.998E+12  1.000E-30  5.948E+00
     290      1     42      1     35      1      52     9.1119E+01  1.920E+11  5.773E+00  8.147E+00
     292      1     42      1     37      1      52     8.4795E+01  7.757E+11  1.000E-30  6.984E+00
     294      1     42      1     41      1      52     2.4992E+00  3.347E+06  4.485E+00  7.650E+00
     295      1     43      1     13      1      52     1.1279E+03  7.662E+13  2.398E-02  2.971E+01
     296      1     43      1     15      1      52     1.1084E+03  4.203E+12  1.000E-30  6.374E+00
     297      1     43      1     18      1      52     6.6800E+02  2.593E+13  6.823E-02  1.823E+01
     298      1     43      1     20      1      52     6.5684E+02  2.859E+12  1.000E-30  4.727E+00
     299      1     43      1     24      1      52     3.9142E+02  8.679E+12  1.899E-01  1.261E+01
     300      1     43      1     26      1      52     3.8450E+02  1.795E+12  1.000E-30  4.136E+00
     302      1     43      1     30      1      52     2.1228E+02  2.718E+12  5.884E-01  9.792E+00
     304      1     43      1     32      1      52     2.0774E+02  1.028E+12  1.000E-30  4.290E+00
     307      1     43      1     36      1      52     8.9678E+01  4.450E+11  2.808E+00  8.521E+00
     309      1     43      1     38      1      52     8.6568E+01  4.609E+11  1.000E-30  5.058E+00
     312      1     43      1     42      1      52     2.1031E+00  3.150E+06  1.412E+00  8.234E+00
     313      1     44      1     15      1      52     1.1084E+03  1.052E+14  1.842E-02  6.804E+00
     314      1     44      1     20      1      52     6.5688E+02  4.442E+13  5.147E-02  5.131E+00
     315      1     44      1     22      1      52     6.5468E+02  1.901E+11  1.000E-30  3.559E+00
     316      1     44      1     26      1      52     3.8454E+02  1.744E+13  1.324E-01  4.483E+00
     317      1     44      1     28      1      52     3.8330E+02  2.756E+11  1.000E-30  3.411E+00
     319      1     44      1     32      1      52     2.0778E+02  5.628E+12  4.050E-01  4.415E+00
     321      1     44      1     34      1      52     2.0708E+02  2.596E+11  1.000E-30  3.606E+00
     323      1     44      1     38      1      52     8.6605E+01  9.032E+11  2.297E+00  4.782E+00
     325      1     44      1     40      1      52     8.6233E+01  1.691E+11  1.000E-30  4.165E+00
     327      1     45      1     14      1      52     1.1130E+03  1.012E+14  3.462E-02  1.107E+01
     328      1     45      1     16      1      52     1.1061E+03  8.013E+11  1.000E-30  5.024E+00
     329      1     45      1     19      1      52     6.5935E+02  3.673E+13  9.049E-02  7.612E+00
     330      1     45      1     21      1      52     6.5574E+02  9.353E+11  1.000E-30  4.059E+00
     331      1     45      1     25      1      52     3.8591E+02  1.293E+13  2.223E-01  6.057E+00
     332      1     45      1     27      1      52     3.8399E+02  7.761E+11  1.000E-30  3.756E+00
     334      1     45      1     31      1      52     2.0854E+02  3.836E+12  6.090E-01  5.487E+00
     336      1     45      1     33      1      52     2.0756E+02  5.442E+11  1.000E-30  3.911E+00
     339      1     45      1     37      1      52     8.6990E+01  6.271E+11  2.736E+00  5.568E+00
     341      1     45      1     39      1      52     8.6586E+01  2.854E+11  1.000E-30  4.540E+00
     344      1     45      1     43      1      52     9.2200E-02  1.053E+02  2.239E-01  5.921E+00
     345      1     45      1     44      1      52     5.4600E-02  1.758E+01  1.000E-30  5.406E+00
     346      1     46      1     16      1      52     1.1062E+03  6.377E+13  1.000E-30  5.001E+00
     347      1     46      1     21      1      52     6.5590E+02  4.302E+13  1.000E-30  4.030E+00
     348      1     46      1     27      1      52     3.8415E+02  2.170E+13  1.181E-02  3.719E+00
     350      1     46      1     33      1      52     2.0772E+02  8.172E+12  1.666E-01  3.829E+00
     353      1     46      1     39      1      52     8.6749E+01  1.315E+12  1.813E+00  4.293E+00
     355      1     46      1     44      1      52     2.1720E-01  6.246E+02  5.516E-02  5.099E+00
     357      1     48      1     47      1      52     3.1750E+02  1.698E+12  1.083E-01  1.840E+02
     358      1     49      1     48      1      52     3.6284E+02  1.052E+13  5.954E-03  2.763E+02
     359      1     51      1     50      1      52     7.7750E-01  2.593E+04  5.068E-02  1.384E+02
     360      1     52      1     51      1      52     6.6689E+02  1.647E+14  1.000E-30  4.205E+02
     361      1     54      1     53      1      52     3.0082E+01  9.862E+09  1.000E-30  1.846E+02
     362      1     55      1     53      1      52     1.0120E+02  1.696E+11  1.439E-01  8.079E+01
     363      1     56      1     54      1      52     1.0442E+02  1.871E+11  1.597E-01  7.435E+01
     364      1     56      1     55      1      52     3.3297E+01  1.328E+10  1.000E-30  1.923E+02
     365      1     57      1     55      1      52     9.2670E+01  1.096E+11  2.543E-02  1.109E+02
     367      1     58      1     56      1      52     9.3608E+01  1.134E+11  2.665E-02  1.064E+02
     368      1     58      1     57      1      52     3.4235E+01  1.441E+10  1.000E-30  1.948E+02
     369      1     61      1     60      1      53     7.7081E+01  7.890E+09  5.867E-06  1.864E-02
     370      1     62      1     60      1      53     8.3045E+01  1.187E+10  1.000E-30  1.953E-02
     373      1     63      1     61      1      53     8.0094E+00  2.057E+04  1.000E-30  8.275E-03
     375      1     64      1     60      1      53     4.6515E+02  6.367E+11  3.694E+01  7.708E-02
     378      1     65      1     60      1      53     5.0090E+02  5.574E+12  3.514E-06  8.241E-02
     380      1     65      1     63      1      53     4.1581E+02  1.959E+11  7.988E+01  6.966E-02
     381      1     67      1     66      1      53     9.2071E+01  1.094E+11  1.807E-01  5.734E+01
     383      1     68      1     67      1      53     2.1266E+02  1.703E+12  3.443E-02  4.000E+01
     385      1     69      1     67      1      53     2.3259E+02  1.378E+12  1.000E-30  2.166E+01
     386      1     71      1     70      1      53     1.8245E+01  4.926E+08  6.829E-01  1.295E+01
     388      1     72      1     71      1      53     7.1086E+01  1.202E+11  2.594E-01  3.428E+01
     390      1     73      1     72      1      53     1.1156E+02  3.767E+11  5.217E-01  1.017E+01
     392      1     74      1     71      1      53     8.8734E+02  6.525E+14  1.000E-30  4.837E+01
     393      1     75      1     70      1      53     9.0769E+02  1.858E+14  1.236E+00  2.991E+01
     395      1     75      1     72      1      53     8.1835E+02  1.363E+14  1.000E-30  1.701E+01
     396      1     75      1     74      1      53     2.1014E+00  5.001E+05  2.400E+00  5.072E+00
     398      1     76      1     71      1      53     9.4411E+02  6.659E+14  7.225E-01  4.080E+01
     400      1     76      1     73      1      53     7.6146E+02  2.409E+13  1.000E-30  3.409E+00
     402      1     76      1     75      1      53     5.4666E+01  7.633E+10  7.904E-01  2.302E+01
     404      1     77      1     72      1      53     9.7713E+02  7.077E+14  2.492E+00  1.412E+01
     407      1     77      1     76      1      53     1.0411E+02  3.588E+11  3.211E+00  5.477E+00
     409      1     78      1     73      1      53     1.0763E+03  8.285E+14  7.067E+00  6.615E+00
     411      1     78      1     77      1      53     2.1071E+02  2.037E+12  4.692E+00  2.353E+00
     412      1     79      1     70      1      53     1.3871E+03  2.697E+14  5.426E-01  1.844E+01
     414      1     79      1     72      1      53     1.2978E+03  1.128E+14  1.000E-30  9.829E+00
     415      1     79      1     74      1      53     4.8154E+02  2.045E+13  2.273E+00  1.758E+01
     417      1     79      1     76      1      53     4.2478E+02  3.067E+13  1.000E-30  1.076E+01
     420      1     80      1     71      1      53     1.3753E+03  5.325E+14  1.000E-30  4.856E+01
     422      1     80      1     75      1      53     4.8588E+02  1.511E+14  1.000E-30  3.020E+01
     424      1     80      1     79      1      53     6.4349E+00  1.950E+08  1.000E-30  1.718E+01
     426      1     81      1     71      1      53     1.4208E+03  8.724E+14  1.662E-01  4.419E+01
     428      1     81      1     73      1      53     1.2382E+03  1.938E+13  1.000E-30  4.791E+00
     430      1     81      1     75      1      53     5.3137E+02  9.522E+13  1.192E+00  2.577E+01
     432      1     81      1     77      1      53     3.7259E+02  6.516E+12  1.000E-30  2.387E+00
     434      1     81      1     79      1      53     5.1923E+01  6.382E+10  2.762E+00  1.370E+01
     438      1     82      1     76      1      53     5.7966E+02  9.392E+13  4.878E+00  7.336E+00
     440      1     82      1     78      1      53     2.6484E+02  4.675E+11  1.000E-30  1.156E+00
     442      1     82      1     81      1      53     1.0296E+02  4.132E+11  1.157E+01  3.629E+00
     443      1     83      1     74      1      53     7.7070E+02  4.003E+13  9.195E-01  1.190E+01
     445      1     83      1     76      1      53     7.1393E+02  3.155E+13  1.000E-30  6.322E+00
     447      1     83      1     80      1      53     2.8272E+02  3.206E+12  3.631E+00  1.169E+01
     448      1     83      1     81      1      53     2.3723E+02  7.145E+12  1.000E-30  7.689E+00
     451      1     84      1     75      1      53     7.7945E+02  1.369E+14  1.000E-30  3.049E+01
     452      1     84      1     79      1      53     3.0001E+02  4.698E+13  1.000E-30  1.810E+01
     455      1     84      1     83      1      53     1.0851E+01  1.370E+09  1.000E-30  1.253E+01
     457      1     85      1     75      1      53     8.2063E+02  1.615E+14  2.830E-01  2.764E+01
     459      1     85      1     77      1      53     6.6185E+02  7.633E+12  1.000E-30  2.654E+00
     460      1     85      1     79      1      53     3.4119E+02  1.898E+13  2.181E+00  1.532E+01
     463      1     85      1     82      1      53     1.8630E+02  1.185E+12  1.000E-30  2.199E+00
     464      1     85      1     83      1      53     5.2031E+01  6.474E+10  7.690E+00  9.430E+00
     467      1     86      1     77      1      53     6.7729E+02  1.496E+14  1.319E+01  3.560E+00
     470      1     86      1     82      1      53     2.0174E+02  3.708E+12  1.820E+01  1.771E+00
     473      1     87      1     78      1      53     5.1236E+02  6.598E+13  1.959E+01  2.118E+00
     475      1     87      1     86      1      53     4.5782E+01  2.087E+10  4.091E+00  1.061E+00
     477      1     88      1     76      1      53     8.6948E+02  2.105E+14  9.124E-01  8.562E+00
     479      1     88      1     78      1      53     5.5466E+02  8.925E+11  1.000E-30  1.985E+00
     481      1     88      1     81      1      53     3.9278E+02  2.727E+13  8.084E+00  4.790E+00
     484      1     88      1     85      1      53     1.0351E+02  1.065E+12  2.665E+01  3.106E+00
     485      1     88      1     86      1      53     8.8076E+01  3.712E+10  1.000E-30  1.277E+00
     487      1     89      1     74      1      53     9.5869E+02  4.413E+13  5.308E-01  9.133E+00
     488      1     89      1     76      1      53     9.0192E+02  2.524E+13  1.000E-30  6.142E+00
     490      1     89      1     80      1      53     4.7071E+02  8.001E+12  1.337E+00  8.795E+00
     491      1     89      1     81      1      53     4.2522E+02  9.399E+12  1.000E-30  5.229E+00
     494      1     89      1     84      1      53     1.7714E+02  7.577E+11  5.000E+00  8.926E+00
     495      1     89      1     85      1      53     1.3596E+02  1.572E+12  1.000E-30  6.338E+00
     497      1     90      1     75      1      53     9.7022E+02  1.074E+14  1.000E-30  3.099E+01
     498      1     90      1     79      1      53     4.9078E+02  4.476E+13  1.000E-30  1.860E+01
     501      1     90      1     83      1      53     2.0163E+02  1.814E+13  1.000E-30  1.252E+01
     504      1     90      1     89      1      53     1.3639E+01  2.340E+09  1.000E-30  6.105E+00
     505      1     91      1     75      1      53     1.0099E+03  1.546E+14  1.135E-01  2.903E+01
     506      1     91      1     77      1      53     8.5110E+02  6.147E+12  1.000E-30  3.909E+00
     507      1     91      1     79      1      53     5.3043E+02  4.030E+13  4.950E-01  1.671E+01
     510      1     91      1     82      1      53     3.7555E+02  2.321E+12  1.000E-30  2.357E+00
     511      1     91      1     83      1      53     2.4127E+02  5.706E+12  3.510E+00  1.063E+01
     515      1     91      1     88      1      53     8.5729E+01  1.215E+11  1.000E-30  2.573E+00
     516      1     91      1     89      1      53     5.3287E+01  1.142E+11  1.685E+01  7.622E+00
     518      1     92      1     74      1      53     1.0879E+03  4.172E+13  3.220E-01  8.072E+00
     519      1     92      1     76      1      53     1.0312E+03  1.940E+13  1.000E-30  7.626E+00
     520      1     92      1     80      1      53     5.9995E+02  1.069E+13  6.814E-01  7.504E+00
     521      1     92      1     81      1      53     5.5446E+02  8.420E+12  1.000E-30  4.956E+00
     523      1     92      1     84      1      53     3.0638E+02  2.331E+12  1.603E+00  7.571E+00
     524      1     92      1     85      1      53     2.6520E+02  2.863E+12  1.000E-30  5.194E+00
     527      1     92      1     90      1      53     1.1560E+02  3.355E+11  5.603E+00  7.936E+00
     528      1     92      1     91      1      53     7.5952E+01  2.803E+11  1.000E-30  6.180E+00
     529      1     93      1     75      1      53     1.1014E+03  8.255E+13  1.000E-30  3.169E+01
     530      1     93      1     79      1      53     6.2192E+02  3.724E+13  1.000E-30  1.931E+01
     531      1     93      1     83      1      53     3.3276E+02  1.758E+13  1.000E-30  1.322E+01
     534      1     93      1     89      1      53     1.4478E+02  8.347E+12  1.000E-30  1.014E+01
     537      1     93      1     92      1      53     1.5538E+01  9.791E+09  1.000E-30  8.851E+00
     538      1     94      1     76      1      53     1.0597E+03  2.309E+14  3.165E-01  9.552E+00
     539      1     94      1     78      1      53     7.4491E+02  7.773E+11  1.000E-30  2.943E+00
     541      1     94      1     81      1      53     5.8303E+02  5.492E+13  1.445E+00  5.755E+00
     544      1     94      1     85      1      53     2.9377E+02  2.032E+13  1.049E+01  4.045E+00
     545      1     94      1     86      1      53     2.7833E+02  2.624E+11  1.000E-30  1.908E+00
     549      1     94      1     91      1      53     1.0453E+02  1.622E+12  4.061E+01  3.397E+00
     552      1     95      1     77      1      53     9.6122E+02  2.716E+14  1.783E+00  4.413E+00
     555      1     95      1     82      1      53     4.8567E+02  8.058E+13  1.938E+01  2.592E+00
     558      1     95      1     87      1      53     2.3815E+02  3.992E+11  1.000E-30  9.822E-01
     559      1     95      1     88      1      53     1.9586E+02  7.374E+12  3.370E+01  1.885E+00
     561      1     95      1     94      1      53     5.5996E+00  7.953E+06  2.012E-01  1.854E+00
     562      1     96      1     75      1      53     1.1409E+03  1.303E+14  5.489E-02  3.031E+01
     563      1     96      1     77      1      53     9.8211E+02  4.717E+12  1.000E-30  5.174E+00
     564      1     96      1     79      1      53     6.6145E+02  4.392E+13  1.877E-01  1.792E+01
     565      1     96      1     82      1      53     5.0657E+02  2.274E+12  1.000E-30  3.411E+00
     566      1     96      1     83      1      53     3.7229E+02  1.319E+13  7.255E-01  1.184E+01
     569      1     96      1     88      1      53     2.1675E+02  5.933E+11  1.000E-30  2.946E+00
     570      1     96      1     89      1      53     1.8430E+02  3.278E+12  4.662E+00  8.791E+00
     573      1     96      1     92      1      53     5.5065E+01  2.420E+11  2.830E+01  7.365E+00
     575      1     96      1     94      1      53     2.6491E+01  2.131E+09  1.000E-30  3.464E+00
     578      1     97      1     78      1      53     7.9354E+02  1.234E+14  1.673E+00  2.770E+00
     580      1     97      1     86      1      53     3.2696E+02  3.061E+13  2.175E+01  1.690E+00
     584      1     97      1     95      1      53     4.3029E+01  3.584E+10  7.920E+00  1.346E+00
     585      1     98      1     74      1      53     1.1808E+03  4.036E+13  1.840E-01  8.083E+00
     586      1     98      1     76      1      53     1.1240E+03  1.494E+13  1.000E-30  9.444E+00
     587      1     98      1     80      1      53     6.9278E+02  1.279E+13  3.568E-01  7.278E+00
     588      1     98      1     81      1      53     6.4729E+02  6.978E+12  1.000E-30  6.063E+00
     589      1     98      1     84      1      53     3.9921E+02  3.961E+12  6.868E-01  7.255E+00
     590      1     98      1     85      1      53     3.5803E+02  2.923E+12  1.000E-30  5.314E+00
     592      1     98      1     90      1      53     2.0843E+02  9.866E+11  1.522E+00  7.607E+00
     593      1     98      1     91      1      53     1.6878E+02  8.510E+11  1.000E-30  5.947E+00
     595      1     98      1     93      1      53     7.7294E+01  1.070E+11  4.986E+00  8.223E+00
     597      1     98      1     96      1      53     3.7767E+01  2.891E+10  1.000E-30  6.968E+00
     598      1     99      1     75      1      53     1.1956E+03  6.384E+13  1.000E-30  3.267E+01
     599      1     99      1     79      1      53     7.1611E+02  2.988E+13  1.000E-30  2.028E+01
     600      1     99      1     83      1      53     4.2696E+02  1.504E+13  1.000E-30  1.420E+01
     601      1     99      1     89      1      53     2.3897E+02  7.961E+12  1.000E-30  1.112E+01
     604      1     99      1     92      1      53     1.0973E+02  4.462E+12  1.000E-30  9.634E+00
     607      1     99      1     98      1      53     1.6897E+01  2.592E+10  1.000E-30  9.412E+00
     608      1    100      1     75      1      53     1.2357E+03  1.062E+14  2.529E-02  3.166E+01
     609      1    100      1     77      1      53     1.0769E+03  3.616E+12  1.000E-30  6.523E+00
     610      1    100      1     79      1      53     7.5626E+02  4.079E+13  7.514E-02  1.928E+01
     611      1    100      1     82      1      53     6.0138E+02  1.948E+12  1.000E-30  4.715E+00
     612      1    100      1     83      1      53     4.6710E+02  1.651E+13  2.225E-01  1.320E+01
     613      1    100      1     88      1      53     3.1156E+02  7.457E+11  1.000E-30  4.053E+00
     614      1    100      1     89      1      53     2.7912E+02  7.242E+12  7.681E-01  1.010E+01
     617      1    100      1     92      1      53     1.4988E+02  2.704E+12  4.700E+00  8.643E+00
     619      1    100      1     94      1      53     1.2130E+02  1.151E+11  1.000E-30  4.167E+00
     621      1    100      1     98      1      53     5.7044E+01  3.784E+11  3.732E+01  8.255E+00
     623      1    101      1     76      1      53     1.1918E+03  2.044E+14  1.315E-01  1.049E+01
     624      1    101      1     78      1      53     8.7698E+02  6.065E+11  1.000E-30  3.935E+00
     625      1    101      1     81      1      53     7.1510E+02  7.273E+13  4.431E-01  6.740E+00
     627      1    101      1     85      1      53     4.2583E+02  3.074E+13  1.614E+00  5.023E+00
     628      1    101      1     86      1      53     4.1039E+02  3.384E+11  1.000E-30  2.861E+00
     631      1    101      1     91      1      53     2.3659E+02  1.299E+13  9.834E+00  4.356E+00
     634      1    101      1     95      1      53     1.2646E+02  4.014E+10  1.000E-30  2.551E+00
     635      1    101      1     96      1      53     1.0557E+02  2.585E+12  4.793E+01  4.371E+00
     638      1    101      1    100      1      53     1.0760E+01  7.665E+07  1.587E-01  4.914E+00
     639      1    102      1     77      1      53     1.1469E+03  3.166E+14  5.017E-01  5.180E+00
     641      1    102      1     82      1      53     6.7131E+02  1.346E+14  2.592E+00  3.353E+00
     644      1    102      1     87      1      53     4.2378E+02  3.479E+11  1.000E-30  1.640E+00
     645      1    102      1     88      1      53     3.8149E+02  6.030E+13  1.930E+01  2.627E+00
     647      1    102      1     94      1      53     1.9123E+02  1.135E+13  4.094E+01  2.513E+00
     650      1    102      1     97      1      53     1.4260E+02  2.131E+11  1.000E-30  1.551E+00
     652      1    102      1    101      1      53     5.9168E+01  1.181E+10  1.561E-01  2.878E+00
     653      1    103      1     76      1      53     1.2875E+03  1.727E+14  4.283E-02  1.170E+01
     654      1    103      1     78      1      53     9.7272E+02  4.653E+11  1.000E-30  5.085E+00
     655      1    103      1     81      1      53     8.1083E+02  7.884E+13  1.208E-01  7.890E+00
     656      1    103      1     85      1      53     5.2157E+02  3.866E+13  3.301E-01  6.167E+00
     657      1    103      1     86      1      53     5.0613E+02  3.199E+11  1.000E-30  4.005E+00
     659      1    103      1     91      1      53     3.3233E+02  1.978E+13  1.060E+00  5.500E+00
     662      1    103      1     95      1      53     2.2220E+02  8.722E+10  1.000E-30  3.659E+00
     663      1    103      1     96      1      53     2.0131E+02  1.159E+13  6.808E+00  5.496E+00
     665      1    103      1    100      1      53     1.0650E+02  4.095E+12  5.024E+01  6.022E+00
     667      1    103      1    102      1      53     3.6571E+01  1.260E+09  1.000E-30  3.776E+00
     668      1    104      1     78      1      53     9.7661E+02  1.373E+14  3.615E-01  3.405E+00
     670      1    104      1     86      1      53     5.1003E+02  5.300E+13  2.414E+00  2.319E+00
     674      1    104      1     95      1      53     2.2610E+02  1.167E+13  1.571E+01  1.966E+00
     677      1    104      1    102      1      53     4.0464E+01  5.572E+10  9.135E+00  2.046E+00
     679      1    105      1     77      1      53     1.2750E+03  2.757E+14  1.691E-01  6.026E+00
     680      1    105      1     82      1      53     7.9944E+02  1.446E+14  6.300E-01  4.199E+00
     682      1    105      1     87      1      53     5.5191E+02  2.445E+11  1.000E-30  2.480E+00
     683      1    105      1     88      1      53     5.0962E+02  7.292E+13  2.323E+00  3.466E+00
     685      1    105      1     94      1      53     3.1936E+02  4.699E+13  1.387E+01  3.342E+00
     688      1    105      1     97      1      53     2.7073E+02  2.617E+11  1.000E-30  2.301E+00
     690      1    105      1    101      1      53     1.8730E+02  1.733E+13  4.224E+01  3.669E+00
     692      1    105      1    103      1      53     9.1560E+01  2.079E+10  5.104E-02  4.405E+00
     693      1    105      1    104      1      53     8.7667E+01  8.112E+10  1.000E-30  2.541E+00
     694      1    106      1     78      1      53     1.1024E+03  1.139E+14  9.603E-02  4.159E+00
     695      1    106      1     86      1      53     6.3583E+02  6.326E+13  4.697E-01  3.073E+00
     698      1    106      1     95      1      53     3.5190E+02  2.295E+13  1.684E+00  2.719E+00
     701      1    106      1    102      1      53     1.6626E+02  6.248E+12  8.828E+00  2.790E+00
     704      1    106      1    105      1      53     3.8133E+01  7.916E+10  9.271E+00  3.219E+00
     705      1    107      1     77      1      53     1.3672E+03  2.302E+14  3.185E-02  7.072E+00
     706      1    107      1     82      1      53     8.9170E+02  1.394E+14  9.821E-02  5.245E+00
     707      1    107      1     87      1      53     6.4417E+02  1.728E+11  1.000E-30  3.525E+00
     708      1    107      1     88      1      53     6.0188E+02  9.036E+13  2.822E-01  4.512E+00
     710      1    107      1     94      1      53     4.1162E+02  6.262E+13  1.003E+00  4.388E+00
     712      1    107      1     97      1      53     3.6299E+02  2.136E+11  1.000E-30  3.336E+00
     714      1    107      1    101      1      53     2.7956E+02  4.981E+13  7.130E+00  4.703E+00
     716      1    107      1    103      1      53     1.8382E+02  2.553E+13  4.095E+01  5.422E+00
     717      1    107      1    104      1      53     1.7993E+02  1.427E+11  1.000E-30  3.500E+00
     719      1    107      1    106      1      53     5.4126E+01  2.537E+10  1.000E-30  4.031E+00
     720      1    108      1     78      1      53     1.1926E+03  8.240E+13  5.615E-03  5.124E+00
     721      1    108      1     86      1      53     7.2599E+02  6.073E+13  2.512E-02  4.044E+00
     723      1    108      1     95      1      53     4.4206E+02  3.387E+13  8.967E-02  3.684E+00
     725      1    108      1    102      1      53     2.5642E+02  1.570E+13  3.881E-01  3.757E+00
     728      1    108      1    105      1      53     1.2829E+02  4.733E+12  3.226E+00  4.183E+00
     730      1    108      1    107      1      53     3.6034E+01  1.052E+11  9.125E+00  4.957E+00
     731      1    110      1    109      1      53     1.0325E+02  3.706E+11  1.000E-30  3.596E+02
     732      1    111      1    109      1      53     6.2828E+02  9.297E+13  6.966E-03  4.026E+02
     733      1    114      1    113      1      54     7.1415E+00  1.131E+06  1.000E-30  7.947E-03
     735      1    115      1    114      1      54     4.2027E+02  3.394E+11  5.330E+01  7.009E-02
     736      1    117      1    116      1      54     8.2284E+01  4.917E+09  1.419E+02  5.126E-02
     737      1    118      1    117      1      54     6.5579E+01  2.582E+10  1.876E-02  9.903E+01
     739      1    120      1    119      1      54     2.7707E+01  3.513E+08  5.129E+01  1.329E-01
     740      1    121      1    120      1      54     3.4184E+01  7.187E+09  1.168E-01  3.539E+01
     743      1    122      1    121      1      54     1.1729E+01  6.792E+07  5.296E-02  1.014E+01
     745      1    124      1    119      1      54     9.4819E+02  2.231E+14  1.225E+00  3.163E+01
     746      1    124      1    121      1      54     8.8629E+02  1.776E+14  1.000E-30  1.795E+01
     747      1    123      1    120      1      54     9.0352E+02  6.483E+14  1.000E-30  5.177E+01
     749      1    124      1    123      1      54     1.6956E+01  1.597E+08  3.098E+01  3.343E-01
     750      1    125      1    120      1      54     9.3511E+02  6.511E+14  6.563E-01  4.327E+01
     753      1    125      1    122      1      54     8.8920E+02  4.328E+13  1.000E-30  3.660E+00
     754      1    125      1    124      1      54     1.4632E+01  5.959E+08  2.141E-01  2.263E+01
     757      1    126      1    121      1      54     9.0719E+02  5.738E+14  2.068E+00  1.522E+01
     759      1    126      1    125      1      54     6.2624E+00  1.685E+07  1.874E-01  5.438E+00
     761      1    127      1    122      1      54     9.0472E+02  4.896E+14  5.351E+00  7.055E+00
     763      1    127      1    126      1      54     9.2648E+00  2.172E+07  1.198E-01  2.250E+00
     765      1    129      1    121      1      54     1.3816E+03  1.377E+14  1.000E-30  1.045E+01
     767      1    129      1    123      1      54     5.1224E+02  2.617E+13  2.293E+00  1.864E+01
     768      1    129      1    125      1      54     4.8065E+02  4.772E+13  1.000E-30  1.133E+01
     770      1    128      1    120      1      54     1.4063E+03  5.432E+14  1.000E-30  5.187E+01
     772      1    128      1    124      1      54     4.8585E+02  1.393E+14  1.000E-30  3.230E+01
     775      1    129      1    128      1      54     9.4325E+00  4.254E+07  1.789E+01  6.854E-01
     777      1    130      1    120      1      54     1.4246E+03  2.899E+14  1.142E+00  4.109E+00
     779      1    130      1    122      1      54     1.3787E+03  2.881E+13  1.000E-30  5.119E+00
     780      1    130      1    124      1      54     5.0408E+02  8.124E+13  1.037E+00  2.737E+01
     783      1    130      1    126      1      54     4.8319E+02  1.777E+13  1.000E-30  2.526E+00
     785      1    130      1    129      1      54     8.7978E+00  1.384E+08  4.688E-01  1.361E+01
     788      1    131      1    121      1      54     1.3942E+03  1.020E+15  3.809E-01  1.733E+01
     790      1    131      1    125      1      54     4.9329E+02  5.761E+13  3.747E+00  7.856E+00
     791      1    131      1    127      1      54     4.7777E+02  4.779E+12  1.000E-30  1.212E+00
     793      1    131      1    130      1      54     3.8408E+00  4.724E+06  4.197E-01  3.597E+00
     795      1    132      1    122      1      54     1.3904E+03  9.307E+14  5.979E-01  8.426E+00
     797      1    132      1    126      1      54     4.9497E+02  5.193E+13  8.723E+00  3.750E+00
     799      1    132      1    131      1      54     7.9348E+00  2.135E+07  2.883E-01  1.699E+00
     800      1    133      1    127      1      54     4.8686E+02  5.281E+13  1.709E+01  2.218E+00
     801      1    133      1    132      1      54     1.1594E+00  2.385E+04  1.039E-01  1.017E+00
     802      1    134      1    124      1      54     7.8763E+02  1.329E+14  1.000E-30  3.254E+01
     804      1    134      1    129      1      54     2.9235E+02  3.910E+13  1.000E-30  1.933E+01
     808      1    135      1    123      1      54     8.1021E+02  4.837E+13  9.293E-01  1.233E+01
     809      1    135      1    125      1      54     7.7862E+02  4.261E+13  1.000E-30  1.085E+01
     811      1    135      1    128      1      54     3.0740E+02  4.396E+12  3.763E+00  1.237E+01
     812      1    135      1    130      1      54     2.8917E+02  1.497E+13  1.000E-30  6.743E+00
     814      1    135      1    134      1      54     5.6221E+00  1.395E+07  5.150E+00  4.302E+00
     815      1    136      1    124      1      54     7.9909E+02  1.477E+14  2.267E-01  3.249E+01
     818      1    136      1    126      1      54     7.7820E+02  1.408E+13  1.000E-30  5.758E+00
     819      1    136      1    129      1      54     3.0380E+02  1.473E+13  1.510E+00  1.926E+01
     822      1    136      1    131      1      54     2.9116E+02  6.817E+12  1.000E-30  3.778E+00
     825      1    136      1    135      1      54     5.8334E+00  3.954E+07  8.481E-01  9.440E+00
     827      1    137      1    125      1      54     7.8707E+02  1.620E+14  6.351E-01  1.078E+01
     828      1    137      1    127      1      54     7.7154E+02  3.223E+12  1.000E-30  3.712E+00
     830      1    137      1    130      1      54     2.9761E+02  1.159E+13  4.270E+00  6.685E+00
     831      1    137      1    132      1      54     2.8584E+02  2.689E+12  1.000E-30  2.545E+00
     833      1    137      1    136      1      54     2.6080E+00  1.952E+06  6.389E-01  3.036E+00
     835      1    138      1    126      1      54     7.8806E+02  1.583E+14  1.103E+00  5.653E+00
     837      1    138      1    131      1      54     3.0103E+02  1.404E+13  8.308E+00  3.672E+00
     838      1    138      1    133      1      54     2.9194E+02  8.702E+11  1.000E-30  1.861E+00
     840      1    138      1    137      1      54     7.2571E+00  2.413E+07  3.563E-01  1.789E+00
     841      1    139      1    127      1      54     7.7953E+02  1.319E+14  1.236E+00  3.579E+00
     842      1    139      1    132      1      54     2.9383E+02  1.628E+13  1.351E+01  2.412E+00
     843      1    139      1    138      1      54     7.3047E-01  1.086E+04  1.361E-01  1.282E+00
     844      1    140      1    133      1      54     2.9317E+02  1.935E+13  2.163E+01  1.705E+00
     845      1    140      1    139      1      54     5.0455E-01  1.459E+03  5.359E-02  9.705E-01
     846      1    141      1    124      1      54     9.8280E+02  1.059E+14  1.000E-30  3.299E+01
     847      1    141      1    129      1      54     4.8751E+02  4.076E+13  1.000E-30  1.975E+01
     851      1    141      1    135      1      54     1.8954E+02  1.307E+13  1.000E-30  1.322E+01
     853      1    142      1    123      1      54     1.0032E+03  5.142E+13  5.557E-01  9.030E+00
     854      1    142      1    125      1      54     9.7165E+02  3.236E+13  1.000E-30  1.133E+01
     856      1    142      1    128      1      54     5.0043E+02  1.003E+13  1.366E+00  9.133E+00
     857      1    142      1    130      1      54     4.8220E+02  1.474E+13  1.000E-30  7.233E+00
     859      1    142      1    134      1      54     1.9865E+02  1.126E+12  5.414E+00  9.316E+00
     861      1    142      1    136      1      54     1.8719E+02  5.362E+12  1.000E-30  6.558E+00
     863      1    142      1    141      1      54     3.4847E+00  4.846E+06  5.634E+00  4.070E+00
     864      1    143      1    124      1      54     9.9046E+02  1.414E+14  9.528E-02  3.294E+01
     865      1    143      1    126      1      54     9.6956E+02  1.001E+13  1.000E-30  6.233E+00
     866      1    143      1    129      1      54     4.9517E+02  3.220E+13  3.820E-01  1.971E+01
     869      1    143      1    131      1      54     4.8253E+02  6.111E+12  1.000E-30  4.254E+00
     872      1    143      1    135      1      54     1.9720E+02  2.908E+12  2.684E+00  1.113E+01
     874      1    143      1    137      1      54     1.8876E+02  2.758E+12  1.000E-30  2.595E+00
     877      1    143      1    142      1      54     4.1712E+00  1.429E+07  1.236E+00  7.586E+00
     878      1    144      1    125      1      54     9.7774E+02  1.726E+14  2.389E-01  1.124E+01
     879      1    144      1    127      1      54     9.6221E+02  2.088E+12  1.000E-30  4.172E+00
     881      1    144      1    130      1      54     4.8829E+02  3.280E+13  9.500E-01  7.141E+00
     882      1    144      1    132      1      54     4.7651E+02  2.177E+12  1.000E-30  3.004E+00
     884      1    144      1    136      1      54     1.9328E+02  4.550E+12  6.518E+00  4.149E+00
     885      1    144      1    138      1      54     1.8342E+02  1.259E+12  1.000E-30  1.830E+00
     887      1    144      1    143      1      54     1.9160E+00  9.497E+05  6.798E-01  3.292E+00
     888      1    145      1    126      1      54     9.7835E+02  1.797E+14  3.540E-01  6.090E+00
     890      1    145      1    131      1      54     4.9132E+02  3.595E+13  1.528E+00  4.110E+00
     891      1    145      1    133      1      54     4.8223E+02  5.631E+11  1.000E-30  2.299E+00
     893      1    145      1    137      1      54     1.9755E+02  5.818E+12  1.015E+01  2.605E+00
     894      1    145      1    139      1      54     1.8956E+02  6.426E+11  1.000E-30  1.504E+00
     896      1    145      1    144      1      54     6.8766E+00  2.710E+07  3.026E-01  2.386E+00
     897      1    146      1    127      1      54     9.6958E+02  1.350E+14  3.009E-01  3.989E+00
     898      1    146      1    132      1      54     4.8388E+02  4.586E+13  1.878E+00  2.822E+00
     899      1    146      1    138      1      54     1.9078E+02  6.188E+12  1.314E+01  1.942E+00
     900      1    146      1    140      1      54     1.8955E+02  1.970E+11  1.000E-30  1.264E+00
     901      1    146      1    145      1      54     4.8959E-01  4.742E+03  1.111E-01  1.955E+00
     902      1    147      1    133      1      54     4.8306E+02  4.008E+13  1.695E+00  2.084E+00
     903      1    147      1    139      1      54     1.9039E+02  7.261E+12  1.745E+01  1.524E+00
     904      1    147      1    146      1      54     3.3818E-01  8.297E+02  5.324E-02  1.636E+00
     905      1    148      1    140      1      54     1.9013E+02  8.237E+12  2.425E+01  1.195E+00
     906      1    148      1    147      1      54     2.4746E-01  1.328E+02  2.111E-02  1.346E+00
     907      1    149      1    124      1      54     1.1162E+03  8.166E+13  1.000E-30  3.365E+01
     908      1    149      1    129      1      54     6.2092E+02  3.461E+13  1.000E-30  2.041E+01
     910      1    149      1    135      1      54     3.2295E+02  1.456E+13  1.000E-30  1.391E+01
     913      1    149      1    142      1      54     1.2992E+02  4.994E+12  1.000E-30  1.055E+01
     915      1    150      1    123      1      54     1.1354E+03  4.725E+13  3.600E-01  7.432E+00
     916      1    150      1    125      1      54     1.1038E+03  2.432E+13  1.000E-30  1.202E+01
     917      1    150      1    128      1      54     6.3256E+02  1.281E+13  7.103E-01  7.534E+00
     918      1    150      1    130      1      54     6.1433E+02  1.209E+13  1.000E-30  7.916E+00
     919      1    150      1    134      1      54     3.3078E+02  3.007E+12  1.685E+00  7.775E+00
     921      1    150      1    136      1      54     3.1933E+02  5.739E+12  1.000E-30  5.267E+00
     923      1    150      1    141      1      54     1.3562E+02  4.769E+11  6.469E+00  8.181E+00
     925      1    150      1    143      1      54     1.2796E+02  2.144E+12  1.000E-30  6.287E+00
     927      1    150      1    149      1      54     2.2069E+00  1.428E+06  4.642E+00  4.665E+00
     928      1    151      1    124      1      54     1.1216E+03  1.188E+14  4.768E-02  3.359E+01
     929      1    151      1    126      1      54     1.1007E+03  7.196E+12  1.000E-30  6.908E+00
     930      1    151      1    129      1      54     6.2630E+02  3.549E+13  1.523E-01  2.035E+01
     931      1    151      1    131      1      54     6.1366E+02  4.718E+12  1.000E-30  4.928E+00
     933      1    151      1    135      1      54     3.2833E+02  8.423E+12  6.010E-01  1.238E+01
     935      1    151      1    137      1      54     3.1989E+02  2.716E+12  1.000E-30  2.912E+00
     937      1    151      1    142      1      54     1.3530E+02  1.057E+12  3.273E+00  9.062E+00
     939      1    151      1    144      1      54     1.2921E+02  1.196E+12  1.000E-30  3.415E+00
     941      1    151      1    150      1      54     3.1681E+00  8.749E+06  1.456E+00  7.251E+00
     942      1    152      1    125      1      54     1.1084E+03  1.516E+14  1.065E-01  1.190E+01
     943      1    152      1    127      1      54     1.0929E+03  1.410E+12  1.000E-30  4.830E+00
     944      1    152      1    130      1      54     6.1900E+02  4.310E+13  3.281E-01  7.800E+00
     945      1    152      1    132      1      54     6.0722E+02  1.571E+12  1.000E-30  3.663E+00
     947      1    152      1    136      1      54     3.2399E+02  1.117E+13  1.189E+00  5.128E+00
     948      1    152      1    138      1      54     3.1413E+02  1.173E+12  1.000E-30  2.503E+00
     950      1    152      1    143      1      54     1.3263E+02  1.616E+12  5.472E+00  4.361E+00
     951      1    152      1    145      1      54     1.2383E+02  5.778E+11  1.000E-30  2.788E+00
     953      1    152      1    151      1      54     1.4980E+00  5.610E+05  5.601E-01  4.215E+00
     954      1    153      1    126      1      54     1.1088E+03  1.580E+14  1.316E-01  6.725E+00
     955      1    153      1    131      1      54     6.2180E+02  5.638E+13  4.359E-01  4.746E+00
     956      1    153      1    133      1      54     6.1271E+02  3.578E+11  1.000E-30  2.934E+00
     958      1    153      1    137      1      54     3.2803E+02  1.435E+13  1.514E+00  3.439E+00
     959      1    153      1    139      1      54     3.2004E+02  4.938E+11  1.000E-30  2.235E+00
     961      1    153      1    144      1      54     1.3736E+02  2.382E+12  6.601E+00  3.258E+00
     962      1    153      1    146      1      54     1.2999E+02  3.789E+11  1.000E-30  2.451E+00
     963      1    153      1    152      1      54     6.6466E+00  3.101E+07  2.273E-01  3.495E+00
     964      1    154      1    127      1      54     1.0999E+03  1.054E+14  8.842E-02  4.593E+00
     965      1    154      1    132      1      54     6.1421E+02  5.455E+13  4.198E-01  3.425E+00
     966      1    154      1    138      1      54     3.2112E+02  1.569E+13  1.586E+00  2.680E+00
     967      1    154      1    140      1      54     3.1988E+02  1.234E+11  1.000E-30  1.964E+00
     968      1    154      1    145      1      54     1.3082E+02  2.547E+12  7.152E+00  2.710E+00
     969      1    154      1    147      1      54     1.3000E+02  1.749E+11  1.000E-30  2.158E+00
     970      1    154      1    153      1      54     3.4390E-01  2.154E+03  8.440E-02  3.082E+00
     971      1    155      1    133      1      54     6.1329E+02  3.976E+13  2.632E-01  2.650E+00
     972      1    155      1    139      1      54     3.2062E+02  1.692E+13  1.498E+00  2.186E+00
     973      1    155      1    146      1      54     1.3057E+02  3.115E+12  8.157E+00  2.308E+00
     974      1    155      1    148      1      54     1.2999E+02  5.425E+10  1.000E-30  1.865E+00
     975      1    155      1    154      1      54     2.3759E-01  4.144E+02  4.307E-02  2.725E+00
     976      1    156      1    124      1      54     1.2114E+03  6.300E+13  1.000E-30  3.457E+01
     977      1    156      1    129      1      54     7.1613E+02  2.802E+13  1.000E-30  2.134E+01
     978      1    156      1    135      1      54     4.1816E+02  1.300E+13  1.000E-30  1.485E+01
     980      1    156      1    142      1      54     2.2513E+02  5.868E+12  1.000E-30  1.149E+01
     983      1    156      1    150      1      54     9.3002E+01  2.130E+12  1.000E-30  9.841E+00
     985      1    157      1    123      1      54     1.2298E+03  4.547E+13  2.209E-01  6.921E+00
     986      1    157      1    125      1      54     1.1982E+03  1.839E+13  1.000E-30  1.296E+01
     987      1    157      1    128      1      54     7.2695E+02  1.499E+13  3.869E-01  7.023E+00
     988      1    157      1    130      1      54     7.0872E+02  9.564E+12  1.000E-30  8.859E+00
     989      1    157      1    134      1      54     4.2517E+02  4.933E+12  7.345E-01  7.270E+00
     990      1    157      1    136      1      54     4.1371E+02  4.967E+12  1.000E-30  5.313E+00
     991      1    157      1    141      1      54     2.3000E+02  1.399E+12  1.687E+00  7.689E+00
     993      1    157      1    143      1      54     2.2235E+02  2.438E+12  1.000E-30  5.930E+00
     995      1    157      1    149      1      54     9.6594E+01  2.365E+11  6.304E+00  8.319E+00
     997      1    157      1    151      1      54     9.1219E+01  9.333E+11  1.000E-30  6.963E+00
     999      1    157      1    156      1      54     1.3856E+00  4.221E+05  3.303E+00  6.047E+00
    1000      1    158      1    124      1      54     1.2153E+03  9.627E+13  2.319E-02  3.452E+01
    1001      1    158      1    126      1      54     1.1944E+03  5.284E+12  1.000E-30  7.843E+00
    1002      1    158      1    129      1      54     7.2004E+02  3.281E+13  6.573E-02  2.128E+01
    1003      1    158      1    131      1      54     7.0740E+02  3.593E+12  1.000E-30  5.863E+00
    1004      1    158      1    135      1      54     4.2207E+02  1.093E+13  1.969E-01  1.370E+01
    1005      1    158      1    137      1      54     4.1363E+02  2.239E+12  1.000E-30  3.993E+00
    1007      1    158      1    142      1      54     2.2904E+02  2.968E+12  6.253E-01  1.035E+01
    1009      1    158      1    144      1      54     2.2296E+02  1.270E+12  1.000E-30  4.067E+00
    1011      1    158      1    150      1      54     9.6914E+01  5.579E+11  3.041E+00  8.737E+00
    1012      1    158      1    152      1      54     9.2248E+01  5.530E+11  1.000E-30  4.800E+00
    1014      1    158      1    157      1      54     2.5273E+00  5.238E+06  1.401E+00  8.050E+00
    1015      1    159      1    125      1      54     1.2019E+03  1.265E+14  3.929E-02  1.282E+01
    1016      1    159      1    127      1      54     1.1864E+03  9.929E+11  1.000E-30  5.749E+00
    1017      1    159      1    130      1      54     7.1248E+02  4.393E+13  1.042E-01  8.717E+00
    1018      1    159      1    132      1      54     7.0070E+02  1.136E+12  1.000E-30  4.580E+00
    1019      1    159      1    136      1      54     4.1747E+02  1.576E+13  2.799E-01  6.251E+00
    1020      1    159      1    138      1      54     4.0761E+02  9.208E+11  1.000E-30  3.589E+00
    1022      1    159      1    143      1      54     2.2610E+02  4.572E+12  7.628E-01  5.477E+00
    1023      1    159      1    145      1      54     2.1731E+02  6.077E+11  1.000E-30  3.668E+00
    1025      1    159      1    151      1      54     9.4977E+01  7.549E+11  3.357E+00  5.401E+00
    1026      1    159      1    153      1      54     8.6832E+01  2.685E+11  1.000E-30  4.247E+00
    1028      1    159      1    158      1      54     1.2307E+00  3.821E+05  4.230E-01  5.798E+00
    1029      1    160      1    126      1      54     1.2022E+03  1.307E+14  3.219E-02  7.614E+00
    1030      1    160      1    131      1      54     7.1513E+02  5.587E+13  9.067E-02  5.634E+00
    1031      1    160      1    133      1      54     7.0604E+02  2.403E+11  1.000E-30  3.823E+00
    1032      1    160      1    137      1      54     4.2136E+02  2.157E+13  2.388E-01  4.455E+00
    1033      1    160      1    139      1      54     4.1337E+02  3.468E+11  1.000E-30  3.242E+00
    1035      1    160      1    144      1      54     2.3069E+02  6.904E+12  6.669E-01  4.268E+00
    1036      1    160      1    146      1      54     2.2332E+02  3.268E+11  1.000E-30  3.376E+00
    1037      1    160      1    152      1      54     9.9979E+01  1.293E+12  3.179E+00  4.537E+00
    1038      1    160      1    154      1      54     9.2988E+01  2.129E+11  1.000E-30  3.879E+00
    1039      1    160      1    159      1      54     6.4994E+00  3.532E+07  1.660E-01  5.181E+00
    1040      1    161      1    127      1      54     1.1932E+03  7.917E+13  1.080E-02  5.448E+00
    1041      1    161      1    132      1      54     7.0745E+02  5.168E+13  4.478E-02  4.281E+00
    1042      1    161      1    138      1      54     4.1436E+02  2.434E+13  1.404E-01  3.619E+00
    1043      1    161      1    140      1      54     4.1312E+02  7.675E+10  1.000E-30  2.904E+00
    1044      1    161      1    145      1      54     2.2406E+02  8.391E+12  4.720E-01  3.651E+00
    1045      1    161      1    147      1      54     2.2323E+02  1.295E+11  1.000E-30  3.064E+00
    1046      1    161      1    153      1      54     9.3583E+01  1.392E+12  2.690E+00  4.037E+00
    1047      1    161      1    155      1      54     9.3001E+01  1.180E+11  1.000E-30  3.525E+00
    1048      1    161      1    160      1      54     2.5061E-01  1.019E+03  6.374E-02  4.753E+00
    1049      1    162      1    133      1      54     7.0646E+02  3.078E+13  4.603E-03  3.464E+00
    1050      1    162      1    139      1      54     4.1380E+02  2.419E+13  3.893E-02  3.064E+00
    1051      1    162      1    146      1      54     2.2375E+02  1.079E+13  2.670E-01  3.184E+00
    1052      1    162      1    148      1      54     2.2316E+02  3.276E+10  1.000E-30  2.727E+00
    1053      1    162      1    154      1      54     9.3412E+01  1.837E+12  2.479E+00  3.608E+00
    1054      1    162      1    161      1      54     1.7317E-01  2.068E+02  3.395E-02  4.341E+00
