#  File format type:   4
#
#  SPECT3D transition powers file.
#  RUN NAME:  xe_750-1300_4mm
#  Total number of transitions   =     1380
#  Number of written transitions =      624
#  Plasma temperature (eV)       =     5.0000E+02
#  Mass density (g/cm3)          =     2.1803E-02
#  Cell areal density (g/cm2)    =     8.7214E-03
#  Material mass fractions       =     1.0000E+00
#  DCA material number fractions =     1.0000E+00
# -----------------------------------------------------
#
#
#   Trans.  Trans  Upper  Upper  Lower  Lower   Ioniz   Energy     Line Power Line Center Line Width
#   Index   Model  Level  Model  Level  Model   Stage   (eV)       (W/cm2)    Opt. Depth      eV
# --------------------------------------------------------------------------------------------------
       1      1      3      1      2      1      52     1.1982E+02  1.335E+10  1.413E-06  1.944E-02
       2      1      4      1      2      1      52     4.9234E+02  2.935E+11  1.249E+01  7.559E-02
       4      1      6      1      5      1      52     1.0651E+02  4.858E+10  3.165E-02  7.873E+01
       6      1      7      1      6      1      52     6.8034E+01  6.632E+09  4.413E-03  9.467E+01
       7      1      9      1      8      1      52     3.8672E+01  2.578E+09  1.055E-01  2.874E+01
       9      1     10      1      9      1      52     3.4641E+01  1.829E+09  2.887E-02  3.136E+01
      11      1     11      1     10      1      52     9.4480E+00  6.524E+06  1.090E-02  8.544E+00
      13      1     12      1      9      1      52     8.3242E+02  1.097E+14  1.000E-30  4.484E+01
      14      1     13      1      8      1      52     8.9349E+02  6.449E+13  2.648E-01  2.736E+01
      16      1     13      1     10      1      52     8.2018E+02  2.902E+13  1.000E-30  1.555E+01
      17      1     13      1     12      1      52     2.2396E+01  6.201E+08  2.667E-01  1.661E+01
      19      1     14      1      9      1      52     8.6975E+02  1.545E+14  1.486E-01  3.760E+01
      21      1     14      1     11      1      52     8.2566E+02  6.922E+12  1.000E-30  3.029E+00
      23      1     14      1     13      1      52     1.4925E+01  1.662E+08  5.238E-02  2.026E+01
      25      1     15      1     10      1      52     8.3968E+02  1.953E+14  4.876E-01  1.293E+01
      28      1     15      1     14      1      52     4.5752E+00  1.241E+06  3.653E-02  4.429E+00
      30      1     16      1     11      1      52     8.3260E+02  2.021E+14  1.259E+00  5.979E+00
      32      1     16      1     15      1      52     2.3647E+00  5.296E+04  1.954E-02  1.784E+00
      34      1     17      1      9      1      52     1.3019E+03  9.203E+13  1.000E-30  4.482E+01
      36      1     17      1     13      1      52     4.4709E+02  2.332E+13  1.000E-30  2.774E+01
      38      1     18      1      8      1      52     1.3534E+03  7.040E+13  1.227E-01  1.606E+01
      40      1     18      1     10      1      52     1.2800E+03  2.248E+13  1.000E-30  8.738E+00
      41      1     18      1     12      1      52     4.8226E+02  9.254E+12  5.004E-01  1.589E+01
      43      1     18      1     14      1      52     4.4493E+02  7.788E+12  1.000E-30  9.601E+00
      45      1     18      1     17      1      52     1.2770E+01  1.107E+08  5.615E-01  9.511E+00
      47      1     19      1      9      1      52     1.3234E+03  1.592E+14  3.507E-02  4.059E+01
      49      1     19      1     11      1      52     1.2793E+03  4.575E+12  1.000E-30  4.197E+00
      51      1     19      1     13      1      52     4.6860E+02  2.208E+13  2.375E-01  2.351E+01
      53      1     19      1     15      1      52     4.4910E+02  2.844E+12  1.000E-30  1.885E+00
      56      1     19      1     18      1      52     8.7378E+00  3.993E+07  1.164E-01  1.181E+01
      58      1     20      1     10      1      52     1.2912E+03  2.139E+14  9.065E-02  1.463E+01
      61      1     20      1     14      1      52     4.5609E+02  2.231E+13  9.174E-01  6.451E+00
      63      1     20      1     16      1      52     4.4915E+02  8.008E+11  1.000E-30  8.075E-01
      65      1     20      1     19      1      52     2.4178E+00  2.238E+05  7.896E-02  2.638E+00
      67      1     21      1     11      1      52     1.2829E+03  2.115E+14  1.437E-01  7.056E+00
      69      1     21      1     15      1      52     4.5271E+02  2.006E+13  2.211E+00  2.989E+00
      72      1     21      1     20      1      52     1.2002E+00  1.119E+04  5.282E-02  1.114E+00
      75      1     22      1     16      1      52     4.5135E+02  1.821E+13  4.426E+00  1.726E+00
      77      1     22      1     21      1      52     1.0028E+00  3.017E+03  3.421E-02  6.007E-01
      79      1     23      1     13      1      52     7.2854E+02  2.236E+13  1.000E-30  2.778E+01
      81      1     23      1     18      1      52     2.6868E+02  6.550E+12  1.000E-30  1.615E+01
      83      1     24      1     12      1      52     7.5883E+02  1.251E+13  2.154E-01  1.016E+01
      85      1     24      1     14      1      52     7.2151E+02  6.941E+12  1.000E-30  5.263E+00
      86      1     24      1     17      1      52     2.8935E+02  1.733E+12  8.612E-01  1.013E+01
      88      1     24      1     19      1      52     2.6784E+02  2.450E+12  1.000E-30  6.410E+00
      90      1     24      1     23      1      52     7.9016E+00  2.285E+07  1.021E+00  6.050E+00
      92      1     25      1     13      1      52     7.4204E+02  2.816E+13  5.865E-02  2.508E+01
      94      1     25      1     15      1      52     7.2254E+02  2.243E+12  1.000E-30  1.933E+00
      96      1     25      1     18      1      52     2.8218E+02  4.250E+12  4.254E-01  1.352E+01
      98      1     25      1     20      1      52     2.7102E+02  1.098E+12  1.000E-30  1.390E+00
     101      1     25      1     24      1      52     5.5989E+00  1.148E+07  2.214E-01  7.576E+00
     103      1     26      1     14      1      52     7.2843E+02  3.634E+13  1.887E-01  7.384E+00
     105      1     26      1     16      1      52     7.2149E+02  5.272E+11  1.000E-30  1.361E+00
     107      1     26      1     19      1      52     2.7476E+02  3.547E+12  1.537E+00  3.757E+00
     109      1     26      1     21      1      52     2.7114E+02  4.678E+11  1.000E-30  6.126E-01
     112      1     26      1     25      1      52     1.3194E+00  4.085E+04  1.358E-01  1.838E+00
     114      1     27      1     15      1      52     7.2446E+02  3.928E+13  3.528E-01  3.584E+00
     117      1     27      1     20      1      52     2.7295E+02  3.042E+12  3.367E+00  1.792E+00
     119      1     27      1     22      1      52     2.7075E+02  1.382E+11  1.000E-30  3.974E-01
     121      1     27      1     26      1      52     6.0740E-01  1.869E+03  9.153E-02  8.569E-01
     123      1     28      1     16      1      52     7.2273E+02  3.442E+13  4.223E-01  2.160E+00
     125      1     28      1     21      1      52     2.7238E+02  3.001E+12  6.341E+00  1.071E+00
     128      1     28      1     27      1      52     6.3240E-01  1.390E+03  7.236E-02  5.144E-01
     129      1     29      1     13      1      52     9.1039E+02  1.778E+13  1.000E-30  2.784E+01
     131      1     29      1     18      1      52     4.5053E+02  6.809E+12  1.000E-30  1.621E+01
     134      1     29      1     24      1      52     1.7396E+02  2.168E+12  1.000E-30  1.040E+01
     136      1     30      1     12      1      52     9.3797E+02  1.139E+13  1.386E-01  7.015E+00
     137      1     30      1     14      1      52     9.0065E+02  5.276E+12  1.000E-30  4.747E+00
     138      1     30      1     17      1      52     4.6848E+02  2.874E+12  3.414E-01  6.983E+00
     140      1     30      1     19      1      52     4.4698E+02  2.412E+12  1.000E-30  3.799E+00
     142      1     30      1     23      1      52     1.8704E+02  3.963E+11  1.355E+00  7.002E+00
     144      1     30      1     25      1      52     1.7354E+02  8.766E+11  1.000E-30  4.629E+00
     146      1     30      1     29      1      52     5.1810E+00  5.474E+06  1.647E+00  4.226E+00
     147      1     31      1     13      1      52     9.1941E+02  2.457E+13  2.464E-02  2.604E+01
     148      1     31      1     15      1      52     8.9991E+02  1.592E+12  1.000E-30  2.760E+00
     150      1     31      1     18      1      52     4.5956E+02  6.614E+12  1.061E-01  1.447E+01
     152      1     31      1     20      1      52     4.4840E+02  9.785E+11  1.000E-30  1.212E+00
     155      1     31      1     24      1      52     1.8298E+02  1.004E+12  6.930E-01  8.595E+00
     157      1     31      1     26      1      52     1.7606E+02  4.483E+11  1.000E-30  1.192E+00
     160      1     31      1     30      1      52     3.8407E+00  3.884E+06  3.700E-01  5.373E+00
     161      1     32      1     14      1      52     9.0519E+02  3.280E+13  7.159E-02  7.951E+00
     162      1     32      1     16      1      52     8.9825E+02  3.402E+11  1.000E-30  1.929E+00
     164      1     32      1     19      1      52     4.5152E+02  7.850E+12  3.282E-01  4.331E+00
     166      1     32      1     21      1      52     4.4790E+02  3.646E+11  1.000E-30  8.764E-01
     169      1     32      1     25      1      52     1.7808E+02  7.527E+11  2.266E+00  2.534E+00
     171      1     32      1     27      1      52     1.7615E+02  2.302E+11  1.000E-30  6.220E-01
     174      1     32      1     31      1      52     7.0280E-01  6.761E+03  1.889E-01  1.508E+00
     175      1     33      1     15      1      52     9.0089E+02  3.504E+13  1.154E-01  3.993E+00
     177      1     33      1     20      1      52     4.4938E+02  8.361E+12  6.135E-01  2.188E+00
     179      1     33      1     22      1      52     4.4717E+02  8.939E+10  1.000E-30  7.038E-01
     181      1     33      1     26      1      52     1.7704E+02  7.951E+11  4.455E+00  1.303E+00
     183      1     33      1     28      1      52     1.7580E+02  1.025E+11  1.000E-30  4.438E-01
     185      1     33      1     32      1      52     2.7490E-01  2.250E+02  1.145E-01  8.313E-01
     186      1     34      1     16      1      52     8.9895E+02  2.613E+13  1.072E-01  2.460E+00
     188      1     34      1     21      1      52     4.4860E+02  8.098E+12  8.639E-01  1.371E+00
     191      1     34      1     27      1      52     1.7685E+02  1.021E+12  7.264E+00  8.368E-01
     194      1     34      1     33      1      52     4.2420E-01  5.922E+02  8.294E-02  5.808E-01
     195      1     35      1     13      1      52     1.0346E+03  1.372E+13  1.000E-30  2.800E+01
     196      1     35      1     18      1      52     5.7478E+02  5.782E+12  1.000E-30  1.637E+01
     198      1     35      1     24      1      52     2.9820E+02  2.429E+12  1.000E-30  1.049E+01
     201      1     35      1     30      1      52     1.1906E+02  8.292E+11  1.000E-30  7.295E+00
     203      1     36      1     12      1      52     1.0606E+03  9.491E+12  1.020E-01  5.222E+00
     204      1     36      1     14      1      52     1.0233E+03  3.960E+12  1.000E-30  5.632E+00
     205      1     36      1     17      1      52     5.9109E+02  2.929E+12  2.041E-01  5.189E+00
     206      1     36      1     19      1      52     5.6958E+02  1.970E+12  1.000E-30  3.037E+00
     207      1     36      1     23      1      52     3.0964E+02  8.076E+11  4.945E-01  5.202E+00
     209      1     36      1     25      1      52     2.9614E+02  9.377E+11  1.000E-30  3.060E+00
     211      1     36      1     29      1      52     1.2779E+02  1.090E+11  1.950E+00  5.253E+00
     213      1     36      1     31      1      52     1.1877E+02  3.524E+11  1.000E-30  3.655E+00
     215      1     36      1     35      1      52     3.5433E+00  1.635E+06  2.295E+00  3.326E+00
     216      1     37      1     13      1      52     1.0410E+03  1.983E+13  1.298E-02  2.671E+01
     217      1     37      1     15      1      52     1.0215E+03  1.144E+12  1.000E-30  3.439E+00
     218      1     37      1     18      1      52     5.8110E+02  6.390E+12  4.431E-02  1.514E+01
     219      1     37      1     20      1      52     5.6995E+02  7.538E+11  1.000E-30  1.698E+00
     221      1     37      1     24      1      52     3.0452E+02  1.873E+12  1.712E-01  9.268E+00
     223      1     37      1     26      1      52     2.9760E+02  4.375E+11  1.000E-30  1.051E+00
     226      1     37      1     30      1      52     1.2539E+02  2.794E+11  1.012E+00  6.070E+00
     228      1     37      1     32      1      52     1.2084E+02  1.966E+11  1.000E-30  1.201E+00
     231      1     37      1     36      1      52     2.7803E+00  1.515E+06  5.575E-01  4.196E+00
     232      1     38      1     14      1      52     1.0264E+03  2.633E+13  3.499E-02  8.363E+00
     233      1     38      1     16      1      52     1.0194E+03  2.289E+11  1.000E-30  2.367E+00
     234      1     38      1     19      1      52     5.7269E+02  8.304E+12  1.238E-01  4.769E+00
     235      1     38      1     21      1      52     5.6908E+02  2.587E+11  1.000E-30  1.283E+00
     237      1     38      1     25      1      52     2.9925E+02  2.089E+12  4.855E-01  2.966E+00
     239      1     38      1     27      1      52     2.9733E+02  2.023E+11  1.000E-30  7.932E-01
     242      1     38      1     31      1      52     1.2188E+02  2.466E+11  2.817E+00  2.016E+00
     244      1     38      1     33      1      52     1.2090E+02  1.128E+11  1.000E-30  7.698E-01
     247      1     38      1     37      1      52     3.3030E-01  8.571E+02  2.152E-01  1.473E+00
     248      1     39      1     15      1      52     1.0219E+03  2.712E+13  5.063E-02  4.316E+00
     249      1     39      1     20      1      52     5.7035E+02  9.312E+12  2.063E-01  2.511E+00
     250      1     39      1     22      1      52     5.6815E+02  5.678E+10  1.000E-30  1.020E+00
     252      1     39      1     26      1      52     2.9801E+02  2.198E+12  8.246E-01  1.620E+00
     254      1     39      1     28      1      52     2.9677E+02  7.819E+10  1.000E-30  6.784E-01
     256      1     39      1     32      1      52     1.2125E+02  3.697E+11  4.542E+00  1.184E+00
     258      1     39      1     34      1      52     1.2055E+02  6.026E+10  1.000E-30  6.121E-01
     260      1     39      1     38      1      52     7.3900E-02  5.263E+00  1.095E-01  9.117E-01
     261      1     40      1     16      1      52     1.0198E+03  1.790E+13  4.041E-02  2.725E+00
     262      1     40      1     21      1      52     5.6945E+02  8.992E+12  2.443E-01  1.629E+00
     264      1     40      1     27      1      52     2.9770E+02  2.862E+12  1.115E+00  1.096E+00
     267      1     40      1     33      1      52     1.2127E+02  4.314E+11  6.248E+00  8.563E-01
     270      1     40      1     39      1      52     2.9800E-01  2.645E+02  7.098E-02  7.765E-01
     271      1     41      1     13      1      52     1.1233E+03  1.059E+13  1.000E-30  2.821E+01
     272      1     41      1     18      1      52     6.6340E+02  4.691E+12  1.000E-30  1.658E+01
     273      1     41      1     24      1      52     3.8682E+02  2.162E+12  1.000E-30  1.070E+01
     275      1     41      1     30      1      52     2.0768E+02  9.718E+11  1.000E-30  7.507E+00
     278      1     41      1     36      1      52     8.5076E+01  3.498E+11  1.000E-30  5.652E+00
     280      1     42      1     12      1      52     1.1482E+03  7.700E+12  7.895E-02  4.173E+00
     281      1     42      1     14      1      52     1.1108E+03  3.001E+12  1.000E-30  6.621E+00
     282      1     42      1     17      1      52     6.7867E+02  2.630E+12  1.416E-01  4.140E+00
     283      1     42      1     19      1      52     6.5716E+02  1.557E+12  1.000E-30  3.372E+00
     284      1     42      1     23      1      52     3.9722E+02  9.065E+11  2.761E-01  4.159E+00
     285      1     42      1     25      1      52     3.8372E+02  8.111E+11  1.000E-30  2.472E+00
     286      1     42      1     29      1      52     2.1536E+02  2.638E+11  6.568E-01  4.223E+00
     288      1     42      1     31      1      52     2.0634E+02  3.996E+11  1.000E-30  2.734E+00
     290      1     42      1     35      1      52     9.1119E+01  3.789E+10  2.528E+00  4.333E+00
     292      1     42      1     37      1      52     8.4795E+01  1.551E+11  1.000E-30  3.203E+00
     294      1     42      1     41      1      52     2.4992E+00  8.382E+05  2.669E+00  3.039E+00
     295      1     43      1     13      1      52     1.1279E+03  1.568E+13  7.634E-03  2.730E+01
     296      1     43      1     15      1      52     1.1084E+03  8.405E+11  1.000E-30  4.003E+00
     297      1     43      1     18      1      52     6.6800E+02  5.506E+12  2.297E-02  1.568E+01
     298      1     43      1     20      1      52     6.5684E+02  5.719E+11  1.000E-30  2.217E+00
     299      1     43      1     24      1      52     3.9142E+02  1.987E+12  7.007E-02  9.799E+00
     300      1     43      1     26      1      52     3.8450E+02  3.591E+11  1.000E-30  1.390E+00
     302      1     43      1     30      1      52     2.1228E+02  6.151E+11  2.460E-01  6.589E+00
     304      1     43      1     32      1      52     2.0774E+02  2.055E+11  1.000E-30  1.171E+00
     307      1     43      1     36      1      52     8.9678E+01  9.118E+10  1.340E+00  4.747E+00
     309      1     43      1     38      1      52     8.6568E+01  9.218E+10  1.000E-30  1.386E+00
     312      1     43      1     42      1      52     2.1031E+00  6.777E+05  7.314E-01  3.658E+00
     313      1     44      1     15      1      52     1.1084E+03  2.064E+13  2.560E-02  4.632E+00
     314      1     44      1     20      1      52     6.5688E+02  8.296E+12  8.776E-02  2.821E+00
     315      1     44      1     22      1      52     6.5468E+02  3.802E+10  1.000E-30  1.331E+00
     316      1     44      1     26      1      52     3.8454E+02  2.899E+12  2.656E-01  1.936E+00
     317      1     44      1     28      1      52     3.8330E+02  5.512E+10  1.000E-30  9.824E-01
     319      1     44      1     32      1      52     2.0778E+02  9.114E+11  8.274E-01  1.496E+00
     321      1     44      1     34      1      52     2.0708E+02  5.193E+10  1.000E-30  8.462E-01
     323      1     44      1     38      1      52     8.6605E+01  1.484E+11  3.647E+00  1.310E+00
     325      1     44      1     40      1      52     8.6233E+01  3.382E+10  1.000E-30  8.997E-01
     327      1     45      1     14      1      52     1.1130E+03  2.067E+13  1.920E-02  8.763E+00
     328      1     45      1     16      1      52     1.1061E+03  1.603E+11  1.000E-30  2.760E+00
     329      1     45      1     19      1      52     6.5935E+02  7.358E+12  5.908E-02  5.156E+00
     330      1     45      1     21      1      52     6.5574E+02  1.871E+11  1.000E-30  1.670E+00
     331      1     45      1     25      1      52     3.8591E+02  2.509E+12  1.767E-01  3.352E+00
     332      1     45      1     27      1      52     3.8399E+02  1.552E+11  1.000E-30  1.146E+00
     334      1     45      1     31      1      52     2.0854E+02  6.771E+11  5.839E-01  2.397E+00
     336      1     45      1     33      1      52     2.0756E+02  1.088E+11  1.000E-30  9.465E-01
     339      1     45      1     37      1      52     8.6990E+01  1.233E+11  2.846E+00  1.911E+00
     341      1     45      1     39      1      52     8.6586E+01  5.709E+10  1.000E-30  1.044E+00
     344      1     45      1     43      1      52     9.2200E-02  2.121E+01  2.139E-01  1.469E+00
     345      1     45      1     44      1      52     5.4600E-02  3.516E+00  1.000E-30  1.154E+00
     346      1     46      1     16      1      52     1.1062E+03  1.243E+13  1.778E-02  2.996E+00
     347      1     46      1     21      1      52     6.5590E+02  7.634E+12  8.998E-02  1.900E+00
     348      1     46      1     27      1      52     3.8415E+02  3.429E+12  3.108E-01  1.369E+00
     350      1     46      1     33      1      52     2.0772E+02  1.059E+12  9.859E-01  1.124E+00
     353      1     46      1     39      1      52     8.6749E+01  1.829E+11  4.272E+00  1.056E+00
     355      1     46      1     44      1      52     2.1720E-01  1.248E+02  5.598E-02  1.107E+00
     357      1     48      1     47      1      52     3.1750E+02  3.793E+11  2.165E-02  1.840E+02
     358      1     49      1     48      1      52     3.6284E+02  2.119E+12  1.191E-03  2.763E+02
     359      1     51      1     50      1      52     7.7750E-01  5.483E+03  1.014E-02  1.384E+02
     360      1     52      1     51      1      52     6.6689E+02  3.294E+13  1.000E-30  4.205E+02
     361      1     54      1     53      1      52     3.0082E+01  1.972E+09  1.000E-30  1.846E+02
     362      1     55      1     53      1      52     1.0120E+02  3.904E+10  2.878E-02  8.076E+01
     363      1     56      1     54      1      52     1.0442E+02  4.362E+10  3.195E-02  7.435E+01
     364      1     56      1     55      1      52     3.3297E+01  2.656E+09  1.000E-30  1.922E+02
     365      1     57      1     55      1      52     9.2670E+01  2.261E+10  5.087E-03  1.109E+02
     367      1     58      1     56      1      52     9.3608E+01  2.336E+10  5.330E-03  1.064E+02
     368      1     58      1     57      1      52     3.4235E+01  2.883E+09  1.000E-30  1.948E+02
     369      1     61      1     60      1      53     7.7081E+01  1.578E+09  3.485E-07  1.298E-02
     370      1     62      1     60      1      53     8.3045E+01  2.374E+09  1.000E-30  1.388E-02
     373      1     63      1     61      1      53     8.0094E+00  4.115E+03  1.000E-30  2.617E-03
     375      1     64      1     60      1      53     4.6515E+02  3.181E+11  8.039E+00  7.142E-02
     378      1     65      1     60      1      53     5.0090E+02  1.115E+12  1.520E-07  7.676E-02
     380      1     65      1     63      1      53     4.1581E+02  8.011E+10  1.740E+01  6.400E-02
     381      1     67      1     66      1      53     9.2071E+01  2.594E+10  3.615E-02  5.731E+01
     383      1     68      1     67      1      53     2.1266E+02  3.540E+11  6.890E-03  3.997E+01
     385      1     69      1     67      1      53     2.3259E+02  2.756E+11  1.000E-30  2.164E+01
     386      1     71      1     70      1      53     1.8245E+01  1.522E+08  1.377E-01  1.285E+01
     388      1     72      1     71      1      53     7.1086E+01  3.010E+10  5.203E-02  3.419E+01
     390      1     73      1     72      1      53     1.1156E+02  1.083E+11  1.051E-01  1.010E+01
     392      1     74      1     71      1      53     8.8734E+02  1.305E+14  1.000E-30  4.818E+01
     393      1     75      1     70      1      53     9.0769E+02  7.004E+13  2.488E-01  2.973E+01
     395      1     75      1     72      1      53     8.1835E+02  2.727E+13  1.000E-30  1.683E+01
     396      1     75      1     74      1      53     2.1014E+00  2.339E+05  5.084E-01  4.805E+00
     398      1     76      1     71      1      53     9.4411E+02  2.094E+14  1.453E-01  4.063E+01
     400      1     76      1     73      1      53     7.6146E+02  4.819E+12  1.000E-30  3.256E+00
     402      1     76      1     75      1      53     5.4666E+01  2.467E+10  1.598E-01  2.277E+01
     404      1     77      1     72      1      53     9.7713E+02  3.404E+14  5.046E-01  1.398E+01
     407      1     77      1     76      1      53     1.0411E+02  1.838E+11  6.704E-01  5.257E+00
     409      1     78      1     73      1      53     1.0763E+03  5.015E+14  1.442E+00  6.505E+00
     411      1     78      1     77      1      53     2.1071E+02  1.088E+12  1.017E+00  2.176E+00
     412      1     79      1     70      1      53     1.3871E+03  7.817E+13  1.107E-01  1.811E+01
     414      1     79      1     72      1      53     1.2978E+03  2.256E+13  1.000E-30  9.507E+00
     415      1     79      1     74      1      53     4.8154E+02  9.496E+12  4.660E-01  1.717E+01
     417      1     79      1     76      1      53     4.2478E+02  6.134E+12  1.000E-30  1.037E+01
     420      1     80      1     71      1      53     1.3753E+03  1.065E+14  1.000E-30  4.823E+01
     422      1     80      1     75      1      53     4.8588E+02  3.023E+13  1.000E-30  2.979E+01
     424      1     80      1     79      1      53     6.4349E+00  3.900E+07  1.000E-30  1.662E+01
     426      1     81      1     71      1      53     1.4208E+03  2.043E+14  3.360E-02  4.387E+01
     428      1     81      1     73      1      53     1.2382E+03  3.876E+12  1.000E-30  4.497E+00
     430      1     81      1     75      1      53     5.3137E+02  3.534E+13  2.428E-01  2.537E+01
     432      1     81      1     77      1      53     3.7259E+02  1.303E+12  1.000E-30  2.026E+00
     434      1     81      1     79      1      53     5.1923E+01  3.137E+10  5.760E-01  1.316E+01
     438      1     82      1     76      1      53     5.7966E+02  5.234E+13  1.032E+00  6.984E+00
     440      1     82      1     78      1      53     2.6484E+02  9.350E+10  1.000E-30  8.468E-01
     442      1     82      1     81      1      53     1.0296E+02  1.881E+11  2.693E+00  3.134E+00
     443      1     83      1     74      1      53     7.7070E+02  1.346E+13  1.961E-01  1.124E+01
     445      1     83      1     76      1      53     7.1393E+02  6.311E+12  1.000E-30  5.680E+00
     447      1     83      1     80      1      53     2.8272E+02  1.662E+12  7.871E-01  1.089E+01
     448      1     83      1     81      1      53     2.3723E+02  1.429E+12  1.000E-30  6.906E+00
     451      1     84      1     75      1      53     7.7945E+02  2.738E+13  1.000E-30  2.983E+01
     452      1     84      1     79      1      53     3.0001E+02  9.396E+12  1.000E-30  1.730E+01
     455      1     84      1     83      1      53     1.0851E+01  2.739E+08  1.000E-30  1.148E+01
     457      1     85      1     75      1      53     8.2063E+02  4.096E+13  5.858E-02  2.701E+01
     459      1     85      1     77      1      53     6.6185E+02  1.527E+12  1.000E-30  2.053E+00
     460      1     85      1     79      1      53     3.4119E+02  8.583E+12  4.648E-01  1.454E+01
     463      1     85      1     82      1      53     1.8630E+02  2.370E+11  1.000E-30  1.465E+00
     464      1     85      1     83      1      53     5.2031E+01  3.363E+10  1.731E+00  8.406E+00
     467      1     86      1     77      1      53     6.7729E+02  7.997E+13  2.902E+00  3.263E+00
     470      1     86      1     82      1      53     2.0174E+02  1.021E+12  4.855E+00  1.342E+00
     473      1     87      1     78      1      53     5.1236E+02  2.915E+13  4.436E+00  1.887E+00
     475      1     87      1     86      1      53     4.5782E+01  5.174E+09  1.279E+00  7.097E-01
     477      1     88      1     76      1      53     8.6948E+02  7.018E+13  2.007E-01  7.981E+00
     479      1     88      1     78      1      53     5.5466E+02  1.785E+11  1.000E-30  1.447E+00
     481      1     88      1     81      1      53     3.9278E+02  1.221E+13  1.944E+00  4.068E+00
     484      1     88      1     85      1      53     1.0351E+02  1.896E+11  7.993E+00  2.144E+00
     485      1     88      1     86      1      53     8.8076E+01  7.425E+09  1.000E-30  6.203E-01
     487      1     89      1     74      1      53     9.5869E+02  1.253E+13  1.213E-01  8.098E+00
     488      1     89      1     76      1      53     9.0192E+02  5.048E+12  1.000E-30  5.123E+00
     490      1     89      1     80      1      53     4.7071E+02  2.984E+12  3.133E-01  7.613E+00
     491      1     89      1     81      1      53     4.2522E+02  1.880E+12  1.000E-30  4.068E+00
     494      1     89      1     84      1      53     1.7714E+02  3.438E+11  1.207E+00  7.500E+00
     495      1     89      1     85      1      53     1.3596E+02  3.144E+11  1.000E-30  4.938E+00
     497      1     90      1     75      1      53     9.7022E+02  2.148E+13  1.000E-30  2.995E+01
     498      1     90      1     79      1      53     4.9078E+02  8.953E+12  1.000E-30  1.742E+01
     501      1     90      1     83      1      53     2.0163E+02  3.628E+12  1.000E-30  1.109E+01
     504      1     90      1     89      1      53     1.3639E+01  4.680E+08  1.000E-30  4.301E+00
     505      1     91      1     75      1      53     1.0099E+03  3.461E+13  2.433E-02  2.803E+01
     506      1     91      1     77      1      53     8.5110E+02  1.229E+12  1.000E-30  2.937E+00
     507      1     91      1     79      1      53     5.3043E+02  1.131E+13  1.103E-01  1.556E+01
     510      1     91      1     82      1      53     3.7555E+02  4.642E+11  1.000E-30  1.253E+00
     511      1     91      1     83      1      53     2.4127E+02  2.710E+12  8.286E-01  9.232E+00
     515      1     91      1     88      1      53     8.5729E+01  2.430E+10  1.000E-30  1.241E+00
     516      1     91      1     89      1      53     5.3287E+01  3.394E+10  4.453E+00  5.851E+00
     518      1     92      1     74      1      53     1.0879E+03  1.061E+13  8.341E-02  6.487E+00
     519      1     92      1     76      1      53     1.0312E+03  3.881E+12  1.000E-30  6.055E+00
     520      1     92      1     80      1      53     5.9995E+02  3.138E+12  1.849E-01  5.771E+00
     521      1     92      1     81      1      53     5.5446E+02  1.684E+12  1.000E-30  3.244E+00
     523      1     92      1     84      1      53     3.0638E+02  7.903E+11  4.523E-01  5.593E+00
     524      1     92      1     85      1      53     2.6520E+02  5.727E+11  1.000E-30  3.243E+00
     527      1     92      1     90      1      53     1.1560E+02  8.103E+10  1.676E+00  5.582E+00
     528      1     92      1     91      1      53     7.5952E+01  5.605E+10  1.000E-30  3.858E+00
     529      1     93      1     75      1      53     1.1014E+03  1.651E+13  1.000E-30  3.011E+01
     530      1     93      1     79      1      53     6.2192E+02  7.447E+12  1.000E-30  1.758E+01
     531      1     93      1     83      1      53     3.3276E+02  3.517E+12  1.000E-30  1.125E+01
     534      1     93      1     89      1      53     1.4478E+02  1.669E+12  1.000E-30  7.790E+00
     537      1     93      1     92      1      53     1.5538E+01  1.958E+09  1.000E-30  5.947E+00
     538      1     94      1     76      1      53     1.0597E+03  5.906E+13  7.454E-02  8.612E+00
     539      1     94      1     78      1      53     7.4491E+02  1.555E+11  1.000E-30  2.046E+00
     541      1     94      1     81      1      53     5.8303E+02  2.013E+13  3.779E-01  4.673E+00
     544      1     94      1     85      1      53     2.9377E+02  4.125E+12  3.355E+00  2.724E+00
     545      1     94      1     86      1      53     2.7833E+02  5.249E+10  1.000E-30  8.915E-01
     549      1     94      1     91      1      53     1.0453E+02  3.031E+11  1.800E+01  1.705E+00
     552      1     95      1     77      1      53     9.6122E+02  1.117E+14  4.141E-01  3.903E+00
     555      1     95      1     82      1      53     4.8567E+02  2.133E+13  5.318E+00  1.950E+00
     558      1     95      1     87      1      53     2.3815E+02  7.983E+10  1.000E-30  4.185E-01
     559      1     95      1     88      1      53     1.9586E+02  1.398E+12  1.368E+01  1.015E+00
     561      1     95      1     94      1      53     5.5996E+00  1.672E+06  1.363E-01  6.247E-01
     562      1     96      1     75      1      53     1.1409E+03  2.760E+13  1.276E-02  2.876E+01
     563      1     96      1     77      1      53     9.8211E+02  9.433E+11  1.000E-30  3.656E+00
     564      1     96      1     79      1      53     6.6145E+02  1.035E+13  4.558E-02  1.623E+01
     565      1     96      1     82      1      53     5.0657E+02  4.548E+11  1.000E-30  1.761E+00
     566      1     96      1     83      1      53     3.7229E+02  3.966E+12  1.897E-01  9.900E+00
     569      1     96      1     88      1      53     2.1675E+02  1.187E+11  1.000E-30  1.068E+00
     570      1     96      1     89      1      53     1.8430E+02  1.070E+12  1.363E+00  6.474E+00
     573      1     96      1     92      1      53     5.5065E+01  4.241E+10  9.858E+00  4.497E+00
     575      1     96      1     94      1      53     2.6491E+01  4.262E+08  1.000E-30  1.227E+00
     578      1     97      1     78      1      53     7.9354E+02  4.848E+13  4.106E-01  2.346E+00
     580      1     97      1     86      1      53     3.2696E+02  5.660E+12  6.838E+00  1.146E+00
     584      1     97      1     95      1      53     4.3029E+01  9.564E+09  4.169E+00  5.894E-01
     585      1     98      1     74      1      53     1.1808E+03  8.722E+12  5.860E-02  5.726E+00
     586      1     98      1     76      1      53     1.1240E+03  2.987E+12  1.000E-30  7.102E+00
     587      1     98      1     80      1      53     6.9278E+02  2.877E+12  1.239E-01  4.773E+00
     588      1     98      1     81      1      53     6.4729E+02  1.396E+12  1.000E-30  3.579E+00
     589      1     98      1     84      1      53     3.9921E+02  9.328E+11  2.547E-01  4.505E+00
     590      1     98      1     85      1      53     3.5803E+02  5.845E+11  1.000E-30  2.591E+00
     592      1     98      1     90      1      53     2.0843E+02  2.389E+11  5.951E-01  4.481E+00
     593      1     98      1     91      1      53     1.6878E+02  1.702E+11  1.000E-30  2.853E+00
     595      1     98      1     93      1      53     7.7294E+01  2.188E+10  2.060E+00  4.547E+00
     597      1     98      1     96      1      53     3.7767E+01  5.781E+09  1.000E-30  3.329E+00
     598      1     99      1     75      1      53     1.1956E+03  1.277E+13  1.000E-30  3.031E+01
     599      1     99      1     79      1      53     7.1611E+02  5.976E+12  1.000E-30  1.778E+01
     600      1     99      1     83      1      53     4.2696E+02  3.007E+12  1.000E-30  1.145E+01
     601      1     99      1     89      1      53     2.3897E+02  1.592E+12  1.000E-30  7.996E+00
     604      1     99      1     92      1      53     1.0973E+02  8.925E+11  1.000E-30  5.961E+00
     607      1     99      1     98      1      53     1.6897E+01  5.185E+09  1.000E-30  4.967E+00
     608      1    100      1     75      1      53     1.2357E+03  2.177E+13  7.529E-03  2.935E+01
     609      1    100      1     77      1      53     1.0769E+03  7.233E+11  1.000E-30  4.240E+00
     610      1    100      1     79      1      53     7.5626E+02  8.732E+12  2.352E-02  1.682E+01
     611      1    100      1     82      1      53     6.0138E+02  3.895E+11  1.000E-30  2.299E+00
     612      1    100      1     83      1      53     4.6710E+02  3.874E+12  7.603E-02  1.049E+01
     613      1    100      1     88      1      53     3.1156E+02  1.491E+11  1.000E-30  1.410E+00
     614      1    100      1     89      1      53     2.7912E+02  1.705E+12  2.962E-01  7.013E+00
     617      1    100      1     92      1      53     1.4988E+02  5.305E+11  2.075E+00  5.010E+00
     619      1    100      1     94      1      53     1.2130E+02  2.302E+10  1.000E-30  1.164E+00
     621      1    100      1     98      1      53     5.7044E+01  7.291E+10  1.822E+01  3.849E+00
     623      1    101      1     76      1      53     1.1918E+03  4.595E+13  3.635E-02  9.021E+00
     624      1    101      1     78      1      53     8.7698E+02  1.213E+11  1.000E-30  2.506E+00
     625      1    101      1     81      1      53     7.1510E+02  1.906E+13  1.387E-01  5.127E+00
     627      1    101      1     85      1      53     4.2583E+02  7.482E+12  6.219E-01  3.171E+00
     628      1    101      1     86      1      53     4.1039E+02  6.768E+10  1.000E-30  1.313E+00
     631      1    101      1     91      1      53     2.3659E+02  2.436E+12  4.975E+00  2.133E+00
     634      1    101      1     95      1      53     1.2646E+02  8.029E+09  1.000E-30  7.896E-01
     635      1    101      1     96      1      53     1.0557E+02  6.374E+11  3.103E+01  1.602E+00
     638      1    101      1    100      1      53     1.0760E+01  1.595E+07  1.098E-01  1.380E+00
     639      1    102      1     77      1      53     1.1469E+03  8.719E+13  1.309E-01  4.330E+00
     641      1    102      1     82      1      53     6.7131E+02  3.510E+13  8.146E-01  2.370E+00
     644      1    102      1     87      1      53     4.2378E+02  6.958E+10  1.000E-30  7.358E-01
     645      1    102      1     88      1      53     3.8149E+02  1.121E+13  8.241E+00  1.416E+00
     647      1    102      1     94      1      53     1.9123E+02  2.833E+12  2.580E+01  9.420E-01
     650      1    102      1     97      1      53     1.4260E+02  4.262E+10  1.000E-30  4.536E-01
     652      1    102      1    101      1      53     5.9168E+01  2.422E+09  1.244E-01  7.755E-01
     653      1    103      1     76      1      53     1.2875E+03  3.563E+13  1.995E-02  9.479E+00
     654      1    103      1     78      1      53     9.7272E+02  9.305E+10  1.000E-30  2.907E+00
     655      1    103      1     81      1      53     8.1083E+02  1.606E+13  6.581E-02  5.527E+00
     656      1    103      1     85      1      53     5.2157E+02  7.745E+12  2.183E-01  3.565E+00
     657      1    103      1     86      1      53     5.0613E+02  6.398E+10  1.000E-30  1.708E+00
     659      1    103      1     91      1      53     3.3233E+02  3.541E+12  8.581E-01  2.527E+00
     662      1    103      1     95      1      53     2.2220E+02  1.744E+10  1.000E-30  1.149E+00
     663      1    103      1     96      1      53     2.0131E+02  2.416E+12  6.211E+00  1.977E+00
     665      1    103      1    100      1      53     1.0650E+02  8.921E+11  4.210E+01  1.738E+00
     667      1    103      1    102      1      53     3.6571E+01  2.521E+08  1.000E-30  9.246E-01
     668      1    104      1     78      1      53     9.7661E+02  3.516E+13  1.039E-01  2.662E+00
     670      1    104      1     86      1      53     5.1003E+02  1.280E+13  8.936E-01  1.456E+00
     674      1    104      1     95      1      53     2.2610E+02  2.365E+12  8.461E+00  8.905E-01
     677      1    104      1    102      1      53     4.0464E+01  1.239E+10  7.249E+00  6.292E-01
     679      1    105      1     77      1      53     1.2750E+03  6.282E+13  5.663E-02  4.663E+00
     680      1    105      1     82      1      53     7.9944E+02  3.296E+13  2.604E-01  2.703E+00
     682      1    105      1     87      1      53     5.5191E+02  4.889E+10  1.000E-30  1.063E+00
     683      1    105      1     88      1      53     5.0962E+02  1.446E+13  1.267E+00  1.743E+00
     685      1    105      1     94      1      53     3.1936E+02  1.094E+13  1.001E+01  1.259E+00
     688      1    105      1     97      1      53     2.7073E+02  5.233E+10  1.000E-30  6.908E-01
     690      1    105      1    101      1      53     1.8730E+02  3.798E+12  3.495E+01  1.054E+00
     692      1    105      1    103      1      53     9.1560E+01  4.210E+09  3.766E-02  1.041E+00
     693      1    105      1    104      1      53     8.7667E+01  1.622E+10  1.000E-30  6.121E-01
     694      1    106      1     78      1      53     1.1024E+03  2.353E+13  3.932E-02  2.929E+00
     695      1    106      1     86      1      53     6.3583E+02  1.339E+13  2.493E-01  1.724E+00
     698      1    106      1     95      1      53     3.5190E+02  4.383E+12  1.214E+00  1.157E+00
     701      1    106      1    102      1      53     1.6626E+02  1.304E+12  8.049E+00  8.863E-01
     704      1    106      1    105      1      53     3.8133E+01  1.626E+10  8.753E+00  8.038E-01
     705      1    107      1     77      1      53     1.3672E+03  4.559E+13  2.847E-02  4.982E+00
     706      1    107      1     82      1      53     8.9170E+02  2.646E+13  1.083E-01  3.022E+00
     707      1    107      1     87      1      53     6.4417E+02  3.455E+10  1.000E-30  1.380E+00
     708      1    107      1     88      1      53     6.0188E+02  1.522E+13  3.823E-01  2.062E+00
     710      1    107      1     94      1      53     4.1162E+02  1.073E+13  1.511E+00  1.578E+00
     712      1    107      1     97      1      53     3.6299E+02  4.273E+10  1.000E-30  9.989E-01
     714      1    107      1    101      1      53     2.7956E+02  8.666E+12  9.662E+00  1.362E+00
     716      1    107      1    103      1      53     1.8382E+02  5.212E+12  3.925E+01  1.331E+00
     717      1    107      1    104      1      53     1.7993E+02  2.854E+10  1.000E-30  8.439E-01
     719      1    107      1    106      1      53     5.4126E+01  5.075E+09  1.000E-30  8.883E-01
     720      1    108      1     78      1      53     1.1926E+03  1.616E+13  1.759E-02  3.194E+00
     721      1    108      1     86      1      53     7.2599E+02  1.100E+13  9.291E-02  1.995E+00
     723      1    108      1     95      1      53     4.4206E+02  5.652E+12  3.352E-01  1.422E+00
     725      1    108      1    102      1      53     2.5642E+02  2.224E+12  1.170E+00  1.153E+00
     728      1    108      1    105      1      53     1.2829E+02  7.165E+11  6.060E+00  1.067E+00
     730      1    108      1    107      1      53     3.6034E+01  2.129E+10  8.901E+00  1.114E+00
     731      1    110      1    109      1      53     1.0325E+02  7.412E+10  1.000E-30  3.596E+02
     732      1    111      1    109      1      53     6.2828E+02  1.876E+13  1.393E-03  4.026E+02
     733      1    114      1    113      1      54     7.1415E+00  2.261E+05  1.000E-30  2.447E-03
     735      1    115      1    114      1      54     4.2027E+02  1.538E+11  1.168E+01  6.459E-02
     736      1    117      1    116      1      54     8.2284E+01  1.263E+09  8.508E+01  2.013E-02
     737      1    118      1    117      1      54     6.5579E+01  5.286E+09  3.753E-03  9.901E+01
     739      1    120      1    119      1      54     2.7707E+01  7.005E+07  5.161E+01  2.990E-02
     740      1    121      1    120      1      54     3.4184E+01  1.617E+09  2.342E-02  3.530E+01
     743      1    122      1    121      1      54     1.1729E+01  1.439E+07  1.067E-02  1.006E+01
     745      1    124      1    119      1      54     9.4819E+02  8.385E+13  2.464E-01  3.145E+01
     746      1    124      1    121      1      54     8.8629E+02  3.552E+13  1.000E-30  1.778E+01
     747      1    123      1    120      1      54     9.0352E+02  1.297E+14  1.000E-30  5.159E+01
     749      1    124      1    123      1      54     1.6956E+01  3.367E+07  2.773E+01  7.696E-02
     750      1    125      1    120      1      54     9.3511E+02  1.989E+14  1.319E-01  4.311E+01
     753      1    125      1    122      1      54     8.8920E+02  8.655E+12  1.000E-30  3.513E+00
     754      1    125      1    124      1      54     1.4632E+01  1.446E+08  4.328E-02  2.239E+01
     757      1    126      1    121      1      54     9.0719E+02  2.592E+14  4.183E-01  1.508E+01
     759      1    126      1    125      1      54     6.2624E+00  4.005E+06  3.907E-02  5.226E+00
     761      1    127      1    122      1      54     9.0472E+02  2.835E+14  1.090E+00  6.950E+00
     763      1    127      1    126      1      54     9.2648E+00  4.885E+06  2.595E-02  2.079E+00
     765      1    129      1    121      1      54     1.3816E+03  2.754E+13  1.000E-30  1.014E+01
     767      1    129      1    123      1      54     5.1224E+02  1.220E+13  4.691E-01  1.824E+01
     768      1    129      1    125      1      54     4.8065E+02  9.543E+12  1.000E-30  1.094E+01
     770      1    128      1    120      1      54     1.4063E+03  1.086E+14  1.000E-30  5.154E+01
     772      1    128      1    124      1      54     4.8585E+02  2.786E+13  1.000E-30  3.190E+01
     775      1    129      1    128      1      54     9.4325E+00  8.666E+06  1.720E+01  1.439E-01
     777      1    130      1    120      1      54     1.4246E+03  1.043E+14  2.493E-01  3.807E+00
     779      1    130      1    122      1      54     1.3787E+03  5.761E+12  1.000E-30  4.836E+00
     780      1    130      1    124      1      54     5.0408E+02  2.873E+13  2.108E-01  2.699E+01
     783      1    130      1    126      1      54     4.8319E+02  3.555E+12  1.000E-30  2.177E+00
     785      1    130      1    129      1      54     8.7978E+00  3.872E+07  9.763E-02  1.309E+01
     788      1    131      1    121      1      54     1.3942E+03  2.739E+14  7.785E-02  1.706E+01
     790      1    131      1    125      1      54     4.9329E+02  3.052E+13  7.883E-01  7.517E+00
     791      1    131      1    127      1      54     4.7777E+02  9.559E+11  1.000E-30  9.142E-01
     793      1    131      1    130      1      54     3.8408E+00  1.276E+06  9.714E-02  3.121E+00
     795      1    132      1    122      1      54     1.3904E+03  2.759E+14  1.239E-01  8.205E+00
     797      1    132      1    126      1      54     4.9497E+02  2.893E+13  1.918E+00  3.465E+00
     799      1    132      1    131      1      54     7.9348E+00  5.313E+06  7.704E-02  1.285E+00
     800      1    133      1    127      1      54     4.8686E+02  2.536E+13  3.834E+00  1.995E+00
     801      1    133      1    132      1      54     1.1594E+00  5.005E+03  3.259E-02  6.787E-01
     802      1    134      1    124      1      54     7.8763E+02  2.659E+13  1.000E-30  3.191E+01
     804      1    134      1    129      1      54     2.9235E+02  7.821E+12  1.000E-30  1.855E+01
     808      1    135      1    123      1      54     8.1021E+02  1.634E+13  1.972E-01  1.169E+01
     809      1    135      1    125      1      54     7.7862E+02  8.522E+12  1.000E-30  1.023E+01
     811      1    135      1    128      1      54     3.0740E+02  2.306E+12  8.093E-01  1.159E+01
     812      1    135      1    130      1      54     2.8917E+02  2.994E+12  1.000E-30  5.987E+00
     814      1    135      1    134      1      54     5.6221E+00  5.081E+06  1.366E+00  3.289E+00
     815      1    136      1    124      1      54     7.9909E+02  3.613E+13  4.669E-02  3.188E+01
     818      1    136      1    126      1      54     7.7820E+02  2.816E+12  1.000E-30  5.179E+00
     819      1    136      1    129      1      54     3.0380E+02  5.897E+12  3.170E-01  1.851E+01
     822      1    136      1    131      1      54     2.9116E+02  1.363E+12  1.000E-30  3.071E+00
     825      1    136      1    135      1      54     5.8334E+00  1.283E+07  1.900E-01  8.454E+00
     827      1    137      1    125      1      54     7.8707E+02  4.853E+13  1.367E-01  1.022E+01
     828      1    137      1    127      1      54     7.7154E+02  6.446E+11  1.000E-30  3.194E+00
     830      1    137      1    130      1      54     2.9761E+02  5.912E+12  9.685E-01  5.989E+00
     831      1    137      1    132      1      54     2.8584E+02  5.378E+11  1.000E-30  1.911E+00
     833      1    137      1    136      1      54     2.6080E+00  4.781E+05  1.902E-01  2.110E+00
     835      1    138      1    126      1      54     7.8806E+02  5.594E+13  2.480E-01  5.162E+00
     837      1    138      1    131      1      54     3.0103E+02  5.892E+12  2.047E+00  3.054E+00
     838      1    138      1    133      1      54     2.9194E+02  1.740E+11  1.000E-30  1.318E+00
     840      1    138      1    137      1      54     7.2571E+00  5.289E+06  1.470E-01  9.506E-01
     841      1    139      1    127      1      54     7.7953E+02  4.800E+13  2.880E-01  3.171E+00
     842      1    139      1    132      1      54     2.9383E+02  5.209E+12  3.576E+00  1.888E+00
     843      1    139      1    138      1      54     7.3047E-01  2.221E+03  7.280E-02  5.531E-01
     844      1    140      1    133      1      54     2.9317E+02  5.032E+12  5.963E+00  1.286E+00
     845      1    140      1    139      1      54     5.0455E-01  2.971E+02  3.356E-02  3.657E-01
     846      1    141      1    124      1      54     9.8280E+02  2.117E+13  1.000E-30  3.199E+01
     847      1    141      1    129      1      54     4.8751E+02  8.153E+12  1.000E-30  1.860E+01
     851      1    141      1    135      1      54     1.8954E+02  2.614E+12  1.000E-30  1.185E+01
     853      1    142      1    123      1      54     1.0032E+03  1.476E+13  1.266E-01  8.032E+00
     854      1    142      1    125      1      54     9.7165E+02  6.473E+12  1.000E-30  1.035E+01
     856      1    142      1    128      1      54     5.0043E+02  3.781E+12  3.154E-01  7.992E+00
     857      1    142      1    130      1      54     4.8220E+02  2.948E+12  1.000E-30  6.113E+00
     859      1    142      1    134      1      54     1.9865E+02  5.268E+11  1.287E+00  7.939E+00
     861      1    142      1    136      1      54     1.8719E+02  1.072E+12  1.000E-30  5.208E+00
     863      1    142      1    141      1      54     3.4847E+00  1.022E+06  2.117E+00  2.329E+00
     864      1    143      1    124      1      54     9.9046E+02  3.115E+13  2.025E-02  3.197E+01
     865      1    143      1    126      1      54     9.6956E+02  2.002E+12  1.000E-30  5.296E+00
     866      1    143      1    129      1      54     4.9517E+02  8.592E+12  8.355E-02  1.860E+01
     869      1    143      1    131      1      54     4.8253E+02  1.222E+12  1.000E-30  3.189E+00
     872      1    143      1    135      1      54     1.9720E+02  1.347E+12  6.237E-01  9.790E+00
     874      1    143      1    137      1      54     1.8876E+02  5.517E+11  1.000E-30  1.310E+00
     877      1    143      1    142      1      54     4.1712E+00  4.932E+06  3.236E-01  5.878E+00
     878      1    144      1    125      1      54     9.7774E+02  4.223E+13  5.524E-02  1.034E+01
     879      1    144      1    127      1      54     9.6221E+02  4.176E+11  1.000E-30  3.309E+00
     881      1    144      1    130      1      54     4.8829E+02  1.081E+13  2.345E-01  6.099E+00
     882      1    144      1    132      1      54     4.7651E+02  4.354E+11  1.000E-30  2.026E+00
     884      1    144      1    136      1      54     1.9328E+02  1.047E+12  2.010E+00  2.878E+00
     885      1    144      1    138      1      54     1.8342E+02  2.517E+11  1.000E-30  6.462E-01
     887      1    144      1    143      1      54     1.9160E+00  2.143E+05  2.987E-01  1.663E+00
     888      1    145      1    126      1      54     9.7835E+02  4.662E+13  8.838E-02  5.271E+00
     890      1    145      1    131      1      54     4.9132E+02  1.256E+13  4.299E-01  3.163E+00
     891      1    145      1    133      1      54     4.8223E+02  1.126E+11  1.000E-30  1.428E+00
     893      1    145      1    137      1      54     1.9755E+02  1.109E+12  4.178E+00  1.438E+00
     894      1    145      1    139      1      54     1.8956E+02  1.285E+11  1.000E-30  4.463E-01
     896      1    145      1    144      1      54     6.8766E+00  5.841E+06  1.960E-01  8.734E-01
     897      1    146      1    127      1      54     9.6958E+02  3.379E+13  8.117E-02  3.273E+00
     898      1    146      1    132      1      54     4.8388E+02  1.204E+13  5.991E-01  1.990E+00
     899      1    146      1    138      1      54     1.9078E+02  1.206E+12  6.787E+00  9.052E-01
     900      1    146      1    140      1      54     1.8955E+02  3.940E+10  1.000E-30  3.517E-01
     901      1    146      1    145      1      54     4.8959E-01  9.653E+02  9.012E-02  5.902E-01
     902      1    147      1    133      1      54     4.8306E+02  1.015E+13  5.914E-01  1.384E+00
     903      1    147      1    139      1      54     1.9039E+02  1.499E+12  1.048E+01  6.374E-01
     904      1    147      1    146      1      54     3.3818E-01  1.668E+02  4.728E-02  4.423E-01
     905      1    148      1    140      1      54     1.9013E+02  2.019E+12  1.578E+01  4.719E-01
     906      1    148      1    147      1      54     2.4746E-01  2.660E+01  1.959E-02  3.413E-01
     907      1    149      1    124      1      54     1.1162E+03  1.633E+13  1.000E-30  3.212E+01
     908      1    149      1    129      1      54     6.2092E+02  6.921E+12  1.000E-30  1.874E+01
     910      1    149      1    135      1      54     3.2295E+02  2.913E+12  1.000E-30  1.200E+01
     913      1    149      1    142      1      54     1.2992E+02  9.988E+11  1.000E-30  8.280E+00
     915      1    150      1    123      1      54     1.1354E+03  1.223E+13  9.420E-02  5.903E+00
     916      1    150      1    125      1      54     1.1038E+03  4.863E+12  1.000E-30  1.050E+01
     917      1    150      1    128      1      54     6.3256E+02  3.813E+12  1.899E-01  5.863E+00
     918      1    150      1    130      1      54     6.1433E+02  2.417E+12  1.000E-30  6.266E+00
     919      1    150      1    134      1      54     3.3078E+02  1.058E+12  4.631E-01  5.868E+00
     921      1    150      1    136      1      54     3.1933E+02  1.148E+12  1.000E-30  3.387E+00
     923      1    150      1    141      1      54     1.3562E+02  1.448E+11  1.856E+00  5.910E+00
     925      1    150      1    143      1      54     1.2796E+02  4.289E+11  1.000E-30  4.049E+00
     927      1    150      1    149      1      54     2.2069E+00  3.591E+05  2.742E+00  1.863E+00
     928      1    151      1    124      1      54     1.1216E+03  2.499E+13  1.089E-02  3.210E+01
     929      1    151      1    126      1      54     1.1007E+03  1.439E+12  1.000E-30  5.447E+00
     930      1    151      1    129      1      54     6.2630E+02  8.162E+12  3.630E-02  1.872E+01
     931      1    151      1    131      1      54     6.1366E+02  9.437E+11  1.000E-30  3.340E+00
     933      1    151      1    135      1      54     3.2833E+02  2.422E+12  1.533E-01  1.052E+01
     935      1    151      1    137      1      54     3.1989E+02  5.433E+11  1.000E-30  1.103E+00
     937      1    151      1    142      1      54     1.3530E+02  3.770E+11  9.266E-01  6.830E+00
     939      1    151      1    144      1      54     1.2921E+02  2.393E+11  1.000E-30  1.261E+00
     941      1    151      1    150      1      54     3.1681E+00  2.223E+06  4.991E-01  4.488E+00
     942      1    152      1    125      1      54     1.1084E+03  3.350E+13  2.811E-02  1.048E+01
     943      1    152      1    127      1      54     1.0929E+03  2.820E+11  1.000E-30  3.455E+00
     944      1    152      1    130      1      54     6.1900E+02  1.085E+13  9.560E-02  6.247E+00
     945      1    152      1    132      1      54     6.0722E+02  3.143E+11  1.000E-30  2.172E+00
     947      1    152      1    136      1      54     3.2399E+02  2.753E+12  4.326E-01  3.345E+00
     948      1    152      1    138      1      54     3.1413E+02  2.345E+11  1.000E-30  8.077E-01
     950      1    152      1    143      1      54     1.3263E+02  3.143E+11  2.598E+00  2.220E+00
     951      1    152      1    145      1      54     1.2383E+02  1.156E+11  1.000E-30  7.644E-01
     953      1    152      1    151      1      54     1.4980E+00  1.257E+05  3.613E-01  1.549E+00
     954      1    153      1    126      1      54     1.1088E+03  3.530E+13  4.108E-02  5.413E+00
     955      1    153      1    131      1      54     6.2180E+02  1.279E+13  1.596E-01  3.306E+00
     956      1    153      1    133      1      54     6.1271E+02  7.156E+10  1.000E-30  1.570E+00
     958      1    153      1    137      1      54     3.2803E+02  3.080E+12  7.761E-01  1.779E+00
     959      1    153      1    139      1      54     3.2004E+02  9.876E+10  1.000E-30  6.837E-01
     961      1    153      1    144      1      54     1.3736E+02  5.608E+11  4.589E+00  1.252E+00
     962      1    153      1    146      1      54     1.2999E+02  7.579E+10  1.000E-30  5.929E-01
     963      1    153      1    152      1      54     6.6466E+00  6.361E+06  1.927E-01  9.781E-01
     964      1    154      1    127      1      54     1.0999E+03  2.266E+13  3.242E-02  3.409E+00
     965      1    154      1    132      1      54     6.1421E+02  1.188E+13  1.898E-01  2.126E+00
     966      1    154      1    138      1      54     3.2112E+02  3.018E+12  1.061E+00  1.176E+00
     967      1    154      1    140      1      54     3.1988E+02  2.468E+10  1.000E-30  5.844E-01
     968      1    154      1    145      1      54     1.3082E+02  5.415E+11  6.252E+00  8.781E-01
     969      1    154      1    147      1      54     1.3000E+02  3.499E+10  1.000E-30  4.968E-01
     970      1    154      1    153      1      54     3.4390E-01  4.319E+02  8.111E-02  7.565E-01
     971      1    155      1    133      1      54     6.1329E+02  8.239E+12  1.423E-01  1.512E+00
     972      1    155      1    139      1      54     3.2062E+02  3.658E+12  1.223E+00  8.624E-01
     973      1    155      1    146      1      54     1.3057E+02  6.171E+11  8.329E+00  6.768E-01
     974      1    155      1    148      1      54     1.2999E+02  1.085E+10  1.000E-30  4.228E-01
     975      1    155      1    154      1      54     2.3759E-01  8.291E+01  4.280E-02  6.257E-01
     976      1    156      1    124      1      54     1.2114E+03  1.260E+13  1.000E-30  3.230E+01
     977      1    156      1    129      1      54     7.1613E+02  5.604E+12  1.000E-30  1.892E+01
     978      1    156      1    135      1      54     4.1816E+02  2.600E+12  1.000E-30  1.220E+01
     980      1    156      1    142      1      54     2.2513E+02  1.174E+12  1.000E-30  8.479E+00
     983      1    156      1    150      1      54     9.3002E+01  4.260E+11  1.000E-30  6.298E+00
     985      1    157      1    123      1      54     1.2298E+03  9.904E+12  7.385E-02  4.648E+00
     986      1    157      1    125      1      54     1.1982E+03  3.677E+12  1.000E-30  1.070E+01
     987      1    157      1    128      1      54     7.2695E+02  3.402E+12  1.328E-01  4.608E+00
     988      1    157      1    130      1      54     7.0872E+02  1.913E+12  1.000E-30  6.465E+00
     989      1    157      1    134      1      54     4.2517E+02  1.180E+12  2.617E-01  4.619E+00
     990      1    157      1    136      1      54     4.1371E+02  9.935E+11  1.000E-30  2.689E+00
     991      1    157      1    141      1      54     2.3000E+02  3.448E+11  6.295E-01  4.674E+00
     993      1    157      1    143      1      54     2.2235E+02  4.875E+11  1.000E-30  2.948E+00
     995      1    157      1    149      1      54     9.6594E+01  4.775E+10  2.473E+00  4.774E+00
     997      1    157      1    151      1      54     9.1219E+01  1.867E+11  1.000E-30  3.456E+00
     999      1    157      1    156      1      54     1.3856E+00  9.106E+04  2.767E+00  1.760E+00
    1000      1    158      1    124      1      54     1.2153E+03  1.971E+13  6.526E-03  3.230E+01
    1001      1    158      1    126      1      54     1.1944E+03  1.057E+12  1.000E-30  5.645E+00
    1002      1    158      1    129      1      54     7.2004E+02  6.980E+12  1.933E-02  1.891E+01
    1003      1    158      1    131      1      54     7.0740E+02  7.186E+11  1.000E-30  3.538E+00
    1004      1    158      1    135      1      54     4.2207E+02  2.541E+12  6.313E-02  1.110E+01
    1005      1    158      1    137      1      54     4.1363E+02  4.479E+11  1.000E-30  1.447E+00
    1007      1    158      1    142      1      54     2.2904E+02  8.034E+11  2.236E-01  7.380E+00
    1009      1    158      1    144      1      54     2.2296E+02  2.541E+11  1.000E-30  1.176E+00
    1011      1    158      1    150      1      54     9.6914E+01  1.228E+11  1.259E+00  5.237E+00
    1012      1    158      1    152      1      54     9.2248E+01  1.106E+11  1.000E-30  1.397E+00
    1014      1    158      1    157      1      54     2.5273E+00  1.166E+06  6.727E-01  3.806E+00
    1015      1    159      1    125      1      54     1.2019E+03  2.613E+13  1.599E-02  1.068E+01
    1016      1    159      1    127      1      54     1.1864E+03  1.986E+11  1.000E-30  3.651E+00
    1017      1    159      1    130      1      54     7.1248E+02  9.426E+12  4.776E-02  6.441E+00
    1018      1    159      1    132      1      54     7.0070E+02  2.273E+11  1.000E-30  2.367E+00
    1019      1    159      1    136      1      54     4.1747E+02  3.236E+12  1.612E-01  3.744E+00
    1020      1    159      1    138      1      54     4.0761E+02  1.842E+11  1.000E-30  1.171E+00
    1022      1    159      1    143      1      54     2.2610E+02  8.895E+11  5.466E-01  2.613E+00
    1023      1    159      1    145      1      54     2.1731E+02  1.215E+11  1.000E-30  9.209E-01
    1025      1    159      1    151      1      54     9.4977E+01  1.633E+11  2.797E+00  2.012E+00
    1026      1    159      1    153      1      54     8.6832E+01  5.370E+10  1.000E-30  1.007E+00
    1028      1    159      1    158      1      54     1.2307E+00  7.963E+04  3.552E-01  1.672E+00
    1029      1    160      1    126      1      54     1.2022E+03  2.653E+13  2.154E-02  5.602E+00
    1030      1    160      1    131      1      54     7.1513E+02  1.099E+13  7.338E-02  3.494E+00
    1031      1    160      1    133      1      54     7.0604E+02  4.806E+10  1.000E-30  1.758E+00
    1032      1    160      1    137      1      54     4.2136E+02  3.920E+12  2.563E-01  2.095E+00
    1033      1    160      1    139      1      54     4.1337E+02  6.936E+10  1.000E-30  9.905E-01
    1035      1    160      1    144      1      54     2.3069E+02  1.277E+12  8.439E-01  1.563E+00
    1036      1    160      1    146      1      54     2.2332E+02  6.536E+10  1.000E-30  8.172E-01
    1037      1    160      1    152      1      54     9.9979E+01  2.335E+11  4.019E+00  1.320E+00
    1038      1    160      1    154      1      54     9.2988E+01  4.258E+10  1.000E-30  8.531E-01
    1039      1    160      1    159      1      54     6.4994E+00  7.083E+06  1.625E-01  1.240E+00
    1040      1    161      1    127      1      54     1.1932E+03  1.565E+13  1.527E-02  3.590E+00
    1041      1    161      1    132      1      54     7.0745E+02  9.724E+12  7.670E-02  2.308E+00
    1042      1    161      1    138      1      54     4.1436E+02  4.317E+12  3.058E-01  1.441E+00
    1043      1    161      1    140      1      54     4.1312E+02  1.535E+10  1.000E-30  8.501E-01
    1044      1    161      1    145      1      54     2.2406E+02  1.317E+12  1.011E+00  1.145E+00
    1045      1    161      1    147      1      54     2.2323E+02  2.590E+10  1.000E-30  7.291E-01
    1046      1    161      1    153      1      54     9.3583E+01  2.231E+11  4.483E+00  1.037E+00
    1047      1    161      1    155      1      54     9.3001E+01  2.359E+10  1.000E-30  7.518E-01
    1048      1    161      1    160      1      54     2.5061E-01  2.040E+02  6.316E-02  1.052E+00
    1049      1    162      1    133      1      54     7.0646E+02  5.786E+12  4.774E-02  1.685E+00
    1050      1    162      1    139      1      54     4.1380E+02  3.982E+12  2.878E-01  1.099E+00
    1051      1    162      1    146      1      54     2.2375E+02  1.439E+12  1.113E+00  9.120E-01
    1052      1    162      1    148      1      54     2.2316E+02  6.551E+09  1.000E-30  6.437E-01
    1053      1    162      1    154      1      54     9.3412E+01  2.634E+11  5.333E+00  8.685E-01
    1054      1    162      1    161      1      54     1.7317E-01  4.137E+01  3.375E-02  9.268E-01
