#  File format type:   4
#
#  SPECT3D transition powers file.
#  RUN NAME:  xe_750-1300_4mm
#  Total number of transitions   =     1380
#  Number of written transitions =      624
#  Plasma temperature (eV)       =     2.0000E+02
#  Mass density (g/cm3)          =     2.1803E-04
#  Cell areal density (g/cm2)    =     8.7214E-05
#  Material mass fractions       =     1.0000E+00
#  DCA material number fractions =     1.0000E+00
# -----------------------------------------------------
#
#
#   Trans.  Trans  Upper  Upper  Lower  Lower   Ioniz   Energy     Line Power Line Center Line Width
#   Index   Model  Level  Model  Level  Model   Stage   (eV)       (W/cm2)    Opt. Depth      eV
# --------------------------------------------------------------------------------------------------
       1      1      3      1      2      1      52     1.1982E+02  1.335E+08  2.421E-10  1.140E-02
       2      1      4      1      2      1      52     4.9234E+02  2.987E+10  2.008E-01  4.700E-02
       4      1      6      1      5      1      52     1.0651E+02  5.081E+08  3.165E-04  7.871E+01
       6      1      7      1      6      1      52     6.8034E+01  6.661E+07  4.413E-05  9.466E+01
       7      1      9      1      8      1      52     3.8672E+01  2.956E+07  1.056E-03  2.871E+01
       9      1     10      1      9      1      52     3.4641E+01  1.906E+07  2.890E-04  3.134E+01
      11      1     11      1     10      1      52     9.4480E+00  6.628E+04  1.093E-04  8.524E+00
      13      1     12      1      9      1      52     8.3242E+02  1.097E+12  1.000E-30  4.475E+01
      14      1     13      1      8      1      52     8.9349E+02  8.697E+11  2.657E-03  2.726E+01
      16      1     13      1     10      1      52     8.2018E+02  2.902E+11  1.000E-30  1.546E+01
      17      1     13      1     12      1      52     2.2396E+01  8.378E+06  2.678E-03  1.654E+01
      19      1     14      1      9      1      52     8.6975E+02  1.859E+12  1.490E-03  3.751E+01
      21      1     14      1     11      1      52     8.2566E+02  6.922E+10  1.000E-30  2.944E+00
      23      1     14      1     13      1      52     1.4925E+01  1.786E+06  5.254E-04  2.020E+01
      25      1     15      1     10      1      52     8.3968E+02  3.133E+12  4.907E-03  1.284E+01
      28      1     15      1     14      1      52     4.5752E+00  1.307E+04  3.700E-04  4.372E+00
      30      1     16      1     11      1      52     8.3260E+02  5.037E+12  1.274E-02  5.906E+00
      32      1     16      1     15      1      52     2.3647E+00  5.447E+02  2.007E-04  1.739E+00
      34      1     17      1      9      1      52     1.3019E+03  9.203E+11  1.000E-30  4.466E+01
      36      1     17      1     13      1      52     4.4709E+02  2.332E+11  1.000E-30  2.761E+01
      38      1     18      1      8      1      52     1.3534E+03  8.235E+11  1.240E-03  1.590E+01
      40      1     18      1     10      1      52     1.2800E+03  2.248E+11  1.000E-30  8.585E+00
      41      1     18      1     12      1      52     4.8226E+02  1.498E+11  5.047E-03  1.576E+01
      43      1     18      1     14      1      52     4.4493E+02  7.788E+10  1.000E-30  9.475E+00
      45      1     18      1     17      1      52     1.2770E+01  1.861E+06  5.701E-03  9.367E+00
      47      1     19      1      9      1      52     1.3234E+03  1.672E+12  3.524E-04  4.044E+01
      49      1     19      1     11      1      52     1.2793E+03  4.575E+10  1.000E-30  4.051E+00
      51      1     19      1     13      1      52     4.6860E+02  2.905E+11  2.390E-03  2.338E+01
      53      1     19      1     15      1      52     4.4910E+02  2.844E+10  1.000E-30  1.768E+00
      56      1     19      1     18      1      52     8.7378E+00  4.638E+05  1.177E-03  1.168E+01
      58      1     20      1     10      1      52     1.2912E+03  2.411E+12  9.170E-04  1.449E+01
      61      1     20      1     14      1      52     4.5609E+02  4.681E+11  9.357E-03  6.335E+00
      63      1     20      1     16      1      52     4.4915E+02  8.008E+09  1.000E-30  7.036E-01
      65      1     20      1     19      1      52     2.4178E+00  2.486E+03  8.311E-04  2.511E+00
      67      1     21      1     11      1      52     1.2829E+03  2.532E+12  1.467E-03  6.927E+00
      69      1     21      1     15      1      52     4.5271E+02  7.028E+11  2.295E-02  2.888E+00
      72      1     21      1     20      1      52     1.2002E+00  1.203E+02  5.877E-04  1.004E+00
      75      1     22      1     16      1      52     4.5135E+02  1.004E+12  4.675E-02  1.642E+00
      77      1     22      1     21      1      52     1.0028E+00  3.167E+01  4.049E-04  5.110E-01
      79      1     23      1     13      1      52     7.2854E+02  2.236E+11  1.000E-30  2.757E+01
      81      1     23      1     18      1      52     2.6868E+02  6.550E+10  1.000E-30  1.593E+01
      83      1     24      1     12      1      52     7.5883E+02  1.611E+11  2.201E-03  9.949E+00
      85      1     24      1     14      1      52     7.2151E+02  6.941E+10  1.000E-30  5.059E+00
      86      1     24      1     17      1      52     2.8935E+02  3.522E+10  8.810E-03  9.905E+00
      88      1     24      1     19      1      52     2.6784E+02  2.450E+10  1.000E-30  6.195E+00
      90      1     24      1     23      1      52     7.9016E+00  5.068E+05  1.069E-02  5.782E+00
      92      1     25      1     13      1      52     7.4204E+02  3.051E+11  5.932E-04  2.488E+01
      94      1     25      1     15      1      52     7.2254E+02  2.243E+10  1.000E-30  1.739E+00
      96      1     25      1     18      1      52     2.8218E+02  6.526E+10  4.331E-03  1.330E+01
      98      1     25      1     20      1      52     2.7102E+02  1.098E+10  1.000E-30  1.188E+00
     101      1     25      1     24      1      52     5.5989E+00  1.488E+05  2.294E-03  7.314E+00
     103      1     26      1     14      1      52     7.2843E+02  4.559E+11  1.947E-03  7.195E+00
     105      1     26      1     16      1      52     7.2149E+02  5.272E+09  1.000E-30  1.184E+00
     107      1     26      1     19      1      52     2.7476E+02  9.923E+10  1.632E-02  3.557E+00
     109      1     26      1     21      1      52     2.7114E+02  4.678E+09  1.000E-30  4.296E-01
     112      1     26      1     25      1      52     1.3194E+00  4.848E+02  1.573E-03  1.593E+00
     114      1     27      1     15      1      52     7.2446E+02  5.705E+11  3.735E-03  3.414E+00
     117      1     27      1     20      1      52     2.7295E+02  1.394E+11  3.797E-02  1.613E+00
     119      1     27      1     22      1      52     2.7075E+02  1.382E+09  1.000E-30  2.384E-01
     121      1     27      1     26      1      52     6.0740E-01  2.108E+01  1.258E-03  6.344E-01
     123      1     28      1     16      1      52     7.2273E+02  5.271E+11  4.593E-03  2.012E+00
     125      1     28      1     21      1      52     2.7238E+02  1.899E+11  7.474E-02  9.166E-01
     128      1     28      1     27      1      52     6.3240E-01  1.484E+01  1.206E-03  3.209E-01
     129      1     29      1     13      1      52     9.1039E+02  1.778E+11  1.000E-30  2.752E+01
     131      1     29      1     18      1      52     4.5053E+02  6.809E+10  1.000E-30  1.588E+01
     134      1     29      1     24      1      52     1.7396E+02  2.168E+10  1.000E-30  1.002E+01
     136      1     30      1     12      1      52     9.3797E+02  1.356E+11  1.456E-03  6.699E+00
     137      1     30      1     14      1      52     9.0065E+02  5.276E+10  1.000E-30  4.437E+00
     138      1     30      1     17      1      52     4.6848E+02  4.136E+10  3.595E-03  6.655E+00
     140      1     30      1     19      1      52     4.4698E+02  2.412E+10  1.000E-30  3.477E+00
     142      1     30      1     23      1      52     1.8704E+02  1.029E+10  1.436E-02  6.627E+00
     144      1     30      1     25      1      52     1.7354E+02  8.766E+09  1.000E-30  4.262E+00
     146      1     30      1     29      1      52     5.1810E+00  1.594E+05  1.852E-02  3.766E+00
     147      1     31      1     13      1      52     9.1941E+02  2.545E+11  2.514E-04  2.573E+01
     148      1     31      1     15      1      52     8.9991E+02  1.592E+10  1.000E-30  2.462E+00
     150      1     31      1     18      1      52     4.5956E+02  7.591E+10  1.093E-03  1.415E+01
     152      1     31      1     20      1      52     4.4840E+02  9.785E+09  1.000E-30  9.048E-01
     155      1     31      1     24      1      52     1.8298E+02  1.839E+10  7.284E-03  8.229E+00
     157      1     31      1     26      1      52     1.7606E+02  4.483E+09  1.000E-30  8.414E-01
     160      1     31      1     30      1      52     3.8407E+00  5.717E+04  4.068E-03  4.920E+00
     161      1     32      1     14      1      52     9.0519E+02  3.612E+11  7.539E-04  7.661E+00
     162      1     32      1     16      1      52     8.9825E+02  3.402E+09  1.000E-30  1.650E+00
     164      1     32      1     19      1      52     4.5152E+02  1.118E+11  3.584E-03  4.030E+00
     166      1     32      1     21      1      52     4.4790E+02  3.646E+09  1.000E-30  5.920E-01
     169      1     32      1     25      1      52     1.7808E+02  2.667E+10  2.658E-02  2.187E+00
     171      1     32      1     27      1      52     1.7615E+02  2.302E+09  1.000E-30  2.981E-01
     174      1     32      1     31      1      52     7.0280E-01  8.479E+01  2.699E-03  1.076E+00
     175      1     33      1     15      1      52     9.0089E+02  4.064E+11  1.265E-03  3.725E+00
     177      1     33      1     20      1      52     4.4938E+02  1.454E+11  7.169E-03  1.912E+00
     179      1     33      1     22      1      52     4.4717E+02  8.939E+08  1.000E-30  4.477E-01
     181      1     33      1     26      1      52     1.7704E+02  3.591E+10  6.055E-02  9.833E-01
     183      1     33      1     28      1      52     1.7580E+02  1.025E+09  1.000E-30  1.533E-01
     185      1     33      1     32      1      52     2.7490E-01  2.489E+00  2.366E-03  4.298E-01
     186      1     34      1     16      1      52     8.9895E+02  3.002E+11  1.228E-03  2.221E+00
     188      1     34      1     21      1      52     4.4860E+02  1.643E+11  1.083E-02  1.125E+00
     191      1     34      1     27      1      52     1.7685E+02  4.589E+10  1.149E-01  5.519E-01
     194      1     34      1     33      1      52     4.2420E-01  6.376E+00  2.523E-03  2.183E-01
     195      1     35      1     13      1      52     1.0346E+03  1.372E+11  1.000E-30  2.754E+01
     196      1     35      1     18      1      52     5.7478E+02  5.782E+10  1.000E-30  1.589E+01
     198      1     35      1     24      1      52     2.9820E+02  2.429E+10  1.000E-30  9.972E+00
     201      1     35      1     30      1      52     1.1906E+02  8.292E+09  1.000E-30  6.688E+00
     203      1     36      1     12      1      52     1.0606E+03  1.084E+11  1.133E-03  4.758E+00
     204      1     36      1     14      1      52     1.0233E+03  3.960E+10  1.000E-30  5.174E+00
     205      1     36      1     17      1      52     5.9109E+02  3.732E+10  2.276E-03  4.714E+00
     206      1     36      1     19      1      52     5.6958E+02  1.970E+10  1.000E-30  2.568E+00
     207      1     36      1     23      1      52     3.0964E+02  1.298E+10  5.580E-03  4.680E+00
     209      1     36      1     25      1      52     2.9614E+02  9.377E+09  1.000E-30  2.545E+00
     211      1     36      1     29      1      52     1.2779E+02  3.517E+09  2.220E-02  4.645E+00
     213      1     36      1     31      1      52     1.1877E+02  3.524E+09  1.000E-30  3.055E+00
     215      1     36      1     35      1      52     3.5433E+00  5.540E+04  2.979E-02  2.584E+00
     216      1     37      1     13      1      52     1.0410E+03  2.020E+11  1.347E-04  2.626E+01
     217      1     37      1     15      1      52     1.0215E+03  1.144E+10  1.000E-30  2.994E+00
     218      1     37      1     18      1      52     5.8110E+02  6.798E+10  4.662E-04  1.468E+01
     219      1     37      1     20      1      52     5.6995E+02  7.538E+09  1.000E-30  1.245E+00
     221      1     37      1     24      1      52     3.0452E+02  2.308E+10  1.847E-03  8.755E+00
     223      1     37      1     26      1      52     2.9760E+02  4.375E+09  1.000E-30  5.543E-01
     226      1     37      1     30      1      52     1.2539E+02  6.161E+09  1.147E-02  5.471E+00
     228      1     37      1     32      1      52     1.2084E+02  1.966E+09  1.000E-30  6.223E-01
     231      1     37      1     36      1      52     2.7803E+00  2.537E+04  6.802E-03  3.462E+00
     232      1     38      1     14      1      52     1.0264E+03  2.766E+11  3.824E-04  7.931E+00
     233      1     38      1     16      1      52     1.0194E+03  2.289E+09  1.000E-30  1.945E+00
     234      1     38      1     19      1      52     5.7269E+02  9.724E+10  1.421E-03  4.325E+00
     235      1     38      1     21      1      52     5.6908E+02  2.587E+09  1.000E-30  8.563E-01
     237      1     38      1     25      1      52     2.9925E+02  3.334E+10  6.008E-03  2.476E+00
     239      1     38      1     27      1      52     2.9733E+02  2.023E+09  1.000E-30  3.266E-01
     242      1     38      1     31      1      52     1.2188E+02  8.508E+09  4.094E-02  1.441E+00
     244      1     38      1     33      1      52     1.2090E+02  1.128E+09  1.000E-30  2.256E-01
     247      1     38      1     37      1      52     3.3030E-01  1.023E+01  4.418E-03  7.649E-01
     248      1     39      1     15      1      52     1.0219E+03  2.907E+11  5.902E-04  3.911E+00
     249      1     39      1     20      1      52     5.7035E+02  1.188E+11  2.592E-03  2.097E+00
     250      1     39      1     22      1      52     5.6815E+02  5.678E+08  1.000E-30  6.270E-01
     252      1     39      1     26      1      52     2.9801E+02  4.347E+10  1.217E-02  1.163E+00
     254      1     39      1     28      1      52     2.9677E+02  7.819E+08  1.000E-30  2.506E-01
     256      1     39      1     32      1      52     1.2125E+02  1.090E+10  9.048E-02  6.456E-01
     258      1     39      1     34      1      52     1.2055E+02  6.026E+08  1.000E-30  1.124E-01
     260      1     39      1     38      1      52     7.3900E-02  5.781E-02  4.993E-03  2.435E-01
     261      1     40      1     16      1      52     1.0198E+03  1.895E+11  4.997E-04  2.355E+00
     262      1     40      1     21      1      52     5.6945E+02  1.189E+11  3.397E-03  1.253E+00
     264      1     40      1     27      1      52     2.9770E+02  5.191E+10  1.959E-02  6.804E-01
     267      1     40      1     33      1      52     1.2127E+02  1.344E+10  1.684E-01  3.628E-01
     270      1     40      1     39      1      52     2.9800E-01  2.813E+00  4.392E-03  1.590E-01
     271      1     41      1     13      1      52     1.1233E+03  1.059E+11  1.000E-30  2.755E+01
     272      1     41      1     18      1      52     6.6340E+02  4.691E+10  1.000E-30  1.591E+01
     273      1     41      1     24      1      52     3.8682E+02  2.162E+10  1.000E-30  9.983E+00
     275      1     41      1     30      1      52     2.0768E+02  9.718E+09  1.000E-30  6.699E+00
     278      1     41      1     36      1      52     8.5076E+01  3.498E+09  1.000E-30  4.710E+00
     280      1     42      1     12      1      52     1.1482E+03  8.555E+10  9.559E-04  3.507E+00
     281      1     42      1     14      1      52     1.1108E+03  3.001E+10  1.000E-30  5.961E+00
     282      1     42      1     17      1      52     6.7867E+02  3.141E+10  1.722E-03  3.463E+00
     283      1     42      1     19      1      52     6.5716E+02  1.557E+10  1.000E-30  2.701E+00
     284      1     42      1     23      1      52     3.9722E+02  1.234E+10  3.408E-03  3.435E+00
     285      1     42      1     25      1      52     3.8372E+02  8.111E+09  1.000E-30  1.755E+00
     286      1     42      1     29      1      52     2.1536E+02  4.713E+09  8.293E-03  3.413E+00
     288      1     42      1     31      1      52     2.0634E+02  3.996E+09  1.000E-30  1.932E+00
     290      1     42      1     35      1      52     9.1119E+01  1.357E+09  3.285E-02  3.390E+00
     292      1     42      1     37      1      52     8.4795E+01  1.551E+09  1.000E-30  2.268E+00
     294      1     42      1     41      1      52     2.4992E+00  2.082E+04  4.415E-02  1.904E+00
     295      1     43      1     13      1      52     1.1279E+03  1.586E+11  8.192E-05  2.665E+01
     296      1     43      1     15      1      52     1.1084E+03  8.405E+09  1.000E-30  3.358E+00
     297      1     43      1     18      1      52     6.6800E+02  5.690E+10  2.512E-04  1.501E+01
     298      1     43      1     20      1      52     6.5684E+02  5.719E+09  1.000E-30  1.564E+00
     299      1     43      1     24      1      52     3.9142E+02  2.183E+10  7.920E-04  9.086E+00
     300      1     43      1     26      1      52     3.8450E+02  3.591E+09  1.000E-30  6.929E-01
     302      1     43      1     30      1      52     2.1228E+02  8.152E+09  2.915E-03  5.790E+00
     304      1     43      1     32      1      52     2.0774E+02  2.055E+09  1.000E-30  3.918E-01
     307      1     43      1     36      1      52     8.9678E+01  2.344E+09  1.726E-02  3.813E+00
     309      1     43      1     38      1      52     8.6568E+01  9.218E+08  1.000E-30  4.773E-01
     312      1     43      1     42      1      52     2.1031E+00  1.265E+04  1.078E-02  2.532E+00
     313      1     44      1     15      1      52     1.1084E+03  2.141E+11  3.297E-04  4.037E+00
     314      1     44      1     20      1      52     6.5688E+02  9.314E+10  1.257E-03  2.217E+00
     315      1     44      1     22      1      52     6.5468E+02  3.802E+08  1.000E-30  7.472E-01
     316      1     44      1     26      1      52     3.8454E+02  3.905E+10  4.533E-03  1.289E+00
     317      1     44      1     28      1      52     3.8330E+02  5.512E+08  1.000E-30  3.637E-01
     319      1     44      1     32      1      52     2.0778E+02  1.488E+10  1.883E-02  7.664E-01
     321      1     44      1     34      1      52     2.0708E+02  5.193E+08  1.000E-30  1.557E-01
     323      1     44      1     38      1      52     8.6605E+01  3.797E+09  1.295E-01  4.509E-01
     325      1     44      1     40      1      52     8.6233E+01  3.382E+08  1.000E-30  9.138E-02
     327      1     45      1     14      1      52     1.1130E+03  2.125E+11  2.246E-04  8.134E+00
     328      1     45      1     16      1      52     1.1061E+03  1.603E+09  1.000E-30  2.142E+00
     329      1     45      1     19      1      52     6.5935E+02  7.975E+10  7.308E-04  4.515E+00
     330      1     45      1     21      1      52     6.5574E+02  1.871E+09  1.000E-30  1.047E+00
     331      1     45      1     25      1      52     3.8591E+02  3.109E+10  2.411E-03  2.666E+00
     332      1     45      1     27      1      52     3.8399E+02  1.552E+09  1.000E-30  4.829E-01
     334      1     45      1     31      1      52     2.0854E+02  1.150E+10  9.377E-03  1.625E+00
     336      1     45      1     33      1      52     2.0756E+02  1.088E+09  1.000E-30  2.056E-01
     339      1     45      1     37      1      52     8.6990E+01  3.084E+09  5.991E-02  1.006E+00
     341      1     45      1     39      1      52     8.6586E+01  5.709E+08  1.000E-30  1.794E-01
     344      1     45      1     43      1      52     9.2200E-02  2.503E-01  1.026E-02  3.737E-01
     345      1     45      1     44      1      52     5.4600E-02  3.516E-02  1.000E-30  1.082E-01
     346      1     46      1     16      1      52     1.1062E+03  1.275E+11  2.541E-04  2.442E+00
     347      1     46      1     21      1      52     6.5590E+02  8.592E+10  1.499E-03  1.340E+00
     348      1     46      1     27      1      52     3.8415E+02  4.349E+10  6.628E-03  7.696E-01
     350      1     46      1     33      1      52     2.0772E+02  1.807E+10  3.104E-02  4.469E-01
     353      1     46      1     39      1      52     8.6749E+01  4.509E+09  2.333E-01  2.553E-01
     355      1     46      1     44      1      52     2.1720E-01  1.303E+00  6.785E-03  1.245E-01
     357      1     48      1     47      1      52     3.1750E+02  3.913E+09  2.166E-04  1.840E+02
     358      1     49      1     48      1      52     3.6284E+02  2.122E+10  1.191E-05  2.763E+02
     359      1     51      1     50      1      52     7.7750E-01  5.564E+01  1.014E-04  1.384E+02
     360      1     52      1     51      1      52     6.6689E+02  3.294E+11  1.000E-30  4.204E+02
     361      1     54      1     53      1      52     3.0082E+01  1.972E+07  1.000E-30  1.845E+02
     362      1     55      1     53      1      52     1.0120E+02  4.067E+08  2.879E-04  8.075E+01
     363      1     56      1     54      1      52     1.0442E+02  4.564E+08  3.195E-04  7.434E+01
     364      1     56      1     55      1      52     3.3297E+01  2.656E+07  1.000E-30  1.922E+02
     365      1     57      1     55      1      52     9.2670E+01  2.272E+08  5.087E-05  1.109E+02
     367      1     58      1     56      1      52     9.3608E+01  2.355E+08  5.330E-05  1.064E+02
     368      1     58      1     57      1      52     3.4235E+01  2.883E+07  1.000E-30  1.948E+02
     369      1     61      1     60      1      53     7.7081E+01  1.578E+07  6.175E-11  7.338E-03
     370      1     62      1     60      1      53     8.3045E+01  2.374E+07  1.000E-30  7.904E-03
     373      1     63      1     61      1      53     8.0094E+00  4.115E+01  1.000E-30  7.831E-04
     375      1     64      1     60      1      53     4.6515E+02  2.479E+10  1.294E-01  4.437E-02
     378      1     65      1     60      1      53     5.0090E+02  1.115E+10  2.444E-11  4.774E-02
     380      1     65      1     63      1      53     4.1581E+02  9.849E+09  2.807E-01  3.968E-02
     381      1     67      1     66      1      53     9.2071E+01  2.729E+08  3.616E-04  5.730E+01
     383      1     68      1     67      1      53     2.1266E+02  3.576E+09  6.893E-05  3.996E+01
     385      1     69      1     67      1      53     2.3259E+02  2.756E+09  1.000E-30  2.162E+01
     386      1     71      1     70      1      53     1.8245E+01  1.810E+06  1.380E-03  1.282E+01
     388      1     72      1     71      1      53     7.1086E+01  3.234E+08  5.207E-04  3.416E+01
     390      1     73      1     72      1      53     1.1156E+02  1.242E+09  1.054E-03  1.007E+01
     392      1     74      1     71      1      53     8.8734E+02  1.305E+12  1.000E-30  4.808E+01
     393      1     75      1     70      1      53     9.0769E+02  9.311E+11  2.496E-03  2.963E+01
     395      1     75      1     72      1      53     8.1835E+02  2.727E+11  1.000E-30  1.674E+01
     396      1     75      1     74      1      53     2.1014E+00  3.797E+03  5.154E-03  4.740E+00
     398      1     76      1     71      1      53     9.4411E+02  2.511E+12  1.456E-03  4.053E+01
     400      1     76      1     73      1      53     7.6146E+02  4.819E+10  1.000E-30  3.177E+00
     402      1     76      1     75      1      53     5.4666E+01  3.005E+08  1.603E-03  2.270E+01
     404      1     77      1     72      1      53     9.7713E+02  5.525E+12  5.079E-03  1.389E+01
     407      1     77      1     76      1      53     1.0411E+02  3.322E+09  6.781E-03  5.197E+00
     409      1     78      1     73      1      53     1.0763E+03  1.352E+13  1.461E-02  6.419E+00
     411      1     78      1     77      1      53     2.1071E+02  2.408E+10  1.044E-02  2.121E+00
     412      1     79      1     70      1      53     1.3871E+03  9.020E+11  1.117E-03  1.795E+01
     414      1     79      1     72      1      53     1.2978E+03  2.256E+11  1.000E-30  9.356E+00
     415      1     79      1     74      1      53     4.8154E+02  1.501E+11  4.697E-03  1.704E+01
     417      1     79      1     76      1      53     4.2478E+02  6.134E+10  1.000E-30  1.024E+01
     420      1     80      1     71      1      53     1.3753E+03  1.065E+12  1.000E-30  4.807E+01
     422      1     80      1     75      1      53     4.8588E+02  3.023E+11  1.000E-30  2.966E+01
     424      1     80      1     79      1      53     6.4349E+00  3.900E+05  1.000E-30  1.648E+01
     426      1     81      1     71      1      53     1.4208E+03  2.143E+12  3.375E-04  4.372E+01
     428      1     81      1     73      1      53     1.2382E+03  3.876E+10  1.000E-30  4.356E+00
     430      1     81      1     75      1      53     5.3137E+02  4.672E+11  2.442E-03  2.525E+01
     432      1     81      1     77      1      53     3.7259E+02  1.303E+10  1.000E-30  1.916E+00
     434      1     81      1     79      1      53     5.1923E+01  5.327E+08  5.819E-03  1.303E+01
     438      1     82      1     76      1      53     5.7966E+02  1.169E+12  1.052E-02  6.865E+00
     440      1     82      1     78      1      53     2.6484E+02  9.350E+08  1.000E-30  7.560E-01
     442      1     82      1     81      1      53     1.0296E+02  7.474E+09  2.810E-02  3.007E+00
     443      1     83      1     74      1      53     7.7070E+02  1.702E+11  1.999E-03  1.104E+01
     445      1     83      1     76      1      53     7.1393E+02  6.311E+10  1.000E-30  5.483E+00
     447      1     83      1     80      1      53     2.8272E+02  3.232E+10  8.034E-03  1.067E+01
     448      1     83      1     81      1      53     2.3723E+02  1.429E+10  1.000E-30  6.700E+00
     451      1     84      1     75      1      53     7.7945E+02  2.738E+11  1.000E-30  2.962E+01
     452      1     84      1     79      1      53     3.0001E+02  9.396E+10  1.000E-30  1.708E+01
     455      1     84      1     83      1      53     1.0851E+01  2.739E+06  1.000E-30  1.122E+01
     457      1     85      1     75      1      53     8.2063E+02  4.437E+11  5.919E-04  2.681E+01
     459      1     85      1     77      1      53     6.6185E+02  1.527E+10  1.000E-30  1.869E+00
     460      1     85      1     79      1      53     3.4119E+02  1.355E+11  4.725E-03  1.433E+01
     463      1     85      1     82      1      53     1.8630E+02  2.370E+09  1.000E-30  1.274E+00
     464      1     85      1     83      1      53     5.2031E+01  1.012E+09  1.785E-02  8.152E+00
     467      1     86      1     77      1      53     6.7729E+02  3.337E+12  3.011E-02  3.153E+00
     470      1     86      1     82      1      53     2.0174E+02  5.917E+10  5.366E-02  1.225E+00
     473      1     87      1     78      1      53     5.1236E+02  1.609E+12  4.670E-02  1.802E+00
     475      1     87      1     86      1      53     4.5782E+01  1.298E+08  1.466E-02  6.209E-01
     477      1     88      1     76      1      53     8.6948E+02  8.912E+11  2.067E-03  7.791E+00
     479      1     88      1     78      1      53     5.5466E+02  1.785E+09  1.000E-30  1.285E+00
     481      1     88      1     81      1      53     3.9278E+02  3.943E+11  2.053E-02  3.868E+00
     484      1     88      1     85      1      53     1.0351E+02  1.426E+10  9.037E-02  1.902E+00
     485      1     88      1     86      1      53     8.8076E+01  7.425E+07  1.000E-30  4.538E-01
     487      1     89      1     74      1      53     9.5869E+02  1.464E+11  1.265E-03  7.791E+00
     488      1     89      1     76      1      53     9.0192E+02  5.048E+10  1.000E-30  4.823E+00
     490      1     89      1     80      1      53     4.7071E+02  4.197E+10  3.279E-03  7.296E+00
     491      1     89      1     81      1      53     4.2522E+02  1.880E+10  1.000E-30  3.758E+00
     494      1     89      1     84      1      53     1.7714E+02  8.361E+09  1.272E-02  7.139E+00
     495      1     89      1     85      1      53     1.3596E+02  3.144E+09  1.000E-30  4.586E+00
     497      1     90      1     75      1      53     9.7022E+02  2.148E+11  1.000E-30  2.964E+01
     498      1     90      1     79      1      53     4.9078E+02  8.953E+10  1.000E-30  1.710E+01
     501      1     90      1     83      1      53     2.0163E+02  3.628E+10  1.000E-30  1.073E+01
     504      1     90      1     89      1      53     1.3639E+01  4.680E+06  1.000E-30  3.856E+00
     505      1     91      1     75      1      53     1.0099E+03  3.584E+11  2.479E-04  2.773E+01
     506      1     91      1     77      1      53     8.5110E+02  1.229E+10  1.000E-30  2.651E+00
     507      1     91      1     79      1      53     5.3043E+02  1.304E+11  1.133E-03  1.525E+01
     510      1     91      1     82      1      53     3.7555E+02  4.642E+09  1.000E-30  9.600E-01
     511      1     91      1     83      1      53     2.4127E+02  5.401E+10  8.666E-03  8.876E+00
     515      1     91      1     88      1      53     8.5729E+01  2.430E+08  1.000E-30  9.081E-01
     516      1     91      1     89      1      53     5.3287E+01  1.875E+09  4.837E-02  5.412E+00
     518      1     92      1     74      1      53     1.0879E+03  1.185E+11  9.042E-04  6.036E+00
     519      1     92      1     76      1      53     1.0312E+03  3.881E+10  1.000E-30  5.612E+00
     520      1     92      1     80      1      53     5.9995E+02  3.921E+10  2.030E-03  5.311E+00
     521      1     92      1     81      1      53     5.5446E+02  1.684E+10  1.000E-30  2.792E+00
     523      1     92      1     84      1      53     3.0638E+02  1.237E+10  5.031E-03  5.090E+00
     524      1     92      1     85      1      53     2.6520E+02  5.727E+09  1.000E-30  2.748E+00
     527      1     92      1     90      1      53     1.1560E+02  2.385E+09  1.882E-02  4.996E+00
     528      1     92      1     91      1      53     7.5952E+01  5.605E+08  1.000E-30  3.282E+00
     529      1     93      1     75      1      53     1.1014E+03  1.651E+11  1.000E-30  2.966E+01
     530      1     93      1     79      1      53     6.2192E+02  7.447E+10  1.000E-30  1.712E+01
     531      1     93      1     83      1      53     3.3276E+02  3.517E+10  1.000E-30  1.074E+01
     534      1     93      1     89      1      53     1.4478E+02  1.669E+10  1.000E-30  7.203E+00
     537      1     93      1     92      1      53     1.5538E+01  1.958E+07  1.000E-30  5.232E+00
     538      1     94      1     76      1      53     1.0597E+03  6.527E+11  7.817E-04  8.322E+00
     539      1     94      1     78      1      53     7.4491E+02  1.555E+09  1.000E-30  1.784E+00
     541      1     94      1     81      1      53     5.8303E+02  2.982E+11  4.094E-03  4.375E+00
     544      1     94      1     85      1      53     2.9377E+02  1.872E+11  3.880E-02  2.382E+00
     545      1     94      1     86      1      53     2.7833E+02  5.249E+08  1.000E-30  6.260E-01
     549      1     94      1     91      1      53     1.0453E+02  2.263E+10  2.427E-01  1.283E+00
     552      1     95      1     77      1      53     9.6122E+02  1.701E+12  4.374E-03  3.725E+00
     555      1     95      1     82      1      53     4.8567E+02  1.310E+12  5.952E-02  1.765E+00
     558      1     95      1     87      1      53     2.3815E+02  7.983E+08  1.000E-30  2.667E-01
     559      1     95      1     88      1      53     1.9586E+02  1.002E+11  1.777E-01  7.906E-01
     561      1     95      1     94      1      53     5.5996E+00  1.882E+04  2.814E-03  3.218E-01
     562      1     96      1     75      1      53     1.1409E+03  2.812E+11  1.321E-04  2.832E+01
     563      1     96      1     77      1      53     9.8211E+02  9.433E+09  1.000E-30  3.229E+00
     564      1     96      1     79      1      53     6.6145E+02  1.103E+11  4.773E-04  1.578E+01
     565      1     96      1     82      1      53     5.0657E+02  4.548E+09  1.000E-30  1.327E+00
     566      1     96      1     83      1      53     3.7229E+02  4.981E+10  2.032E-03  9.403E+00
     569      1     96      1     88      1      53     2.1675E+02  1.187E+09  1.000E-30  5.936E-01
     570      1     96      1     89      1      53     1.8430E+02  2.786E+10  1.525E-02  5.894E+00
     573      1     96      1     92      1      53     5.5065E+01  3.229E+09  1.174E-01  3.788E+00
     575      1     96      1     94      1      53     2.6491E+01  4.262E+06  1.000E-30  6.746E-01
     578      1     97      1     78      1      53     7.9354E+02  7.360E+11  4.436E-03  2.197E+00
     580      1     97      1     86      1      53     3.2696E+02  3.770E+11  7.953E-02  9.944E-01
     584      1     97      1     95      1      53     4.3029E+01  2.810E+08  6.308E-02  4.008E-01
     585      1     98      1     74      1      53     1.1808E+03  9.447E+10  6.698E-04  5.080E+00
     586      1     98      1     76      1      53     1.1240E+03  2.987E+10  1.000E-30  6.463E+00
     587      1     98      1     80      1      53     6.9278E+02  3.370E+10  1.460E-03  4.118E+00
     588      1     98      1     81      1      53     6.4729E+02  1.396E+10  1.000E-30  2.932E+00
     589      1     98      1     84      1      53     3.9921E+02  1.246E+10  3.058E-03  3.807E+00
     590      1     98      1     85      1      53     3.5803E+02  5.845E+09  1.000E-30  1.901E+00
     592      1     98      1     90      1      53     2.0843E+02  4.101E+09  7.330E-03  3.700E+00
     593      1     98      1     91      1      53     1.6878E+02  1.702E+09  1.000E-30  2.083E+00
     595      1     98      1     93      1      53     7.7294E+01  7.146E+08  2.616E-02  3.638E+00
     597      1     98      1     96      1      53     3.7767E+01  5.781E+07  1.000E-30  2.431E+00
     598      1     99      1     75      1      53     1.1956E+03  1.277E+11  1.000E-30  2.967E+01
     599      1     99      1     79      1      53     7.1611E+02  5.976E+10  1.000E-30  1.713E+01
     600      1     99      1     83      1      53     4.2696E+02  3.007E+10  1.000E-30  1.076E+01
     601      1     99      1     89      1      53     2.3897E+02  1.592E+10  1.000E-30  7.215E+00
     604      1     99      1     92      1      53     1.0973E+02  8.925E+09  1.000E-30  5.051E+00
     607      1     99      1     98      1      53     1.6897E+01  5.185E+07  1.000E-30  3.873E+00
     608      1    100      1     75      1      53     1.2357E+03  2.201E+11  8.026E-05  2.871E+01
     609      1    100      1     77      1      53     1.0769E+03  7.233E+09  1.000E-30  3.619E+00
     610      1    100      1     79      1      53     7.5626E+02  9.030E+10  2.550E-04  1.617E+01
     611      1    100      1     82      1      53     6.0138E+02  3.895E+09  1.000E-30  1.672E+00
     612      1    100      1     83      1      53     4.6710E+02  4.289E+10  8.489E-04  9.799E+00
     613      1    100      1     88      1      53     3.1156E+02  1.491E+09  1.000E-30  7.419E-01
     614      1    100      1     89      1      53     2.7912E+02  2.362E+10  3.451E-03  6.239E+00
     617      1    100      1     92      1      53     1.4988E+02  1.760E+10  2.609E-02  4.108E+00
     619      1    100      1     94      1      53     1.2130E+02  2.302E+08  1.000E-30  4.186E-01
     621      1    100      1     98      1      53     5.7044E+01  4.994E+09  2.587E-01  2.762E+00
     623      1    101      1     76      1      53     1.1918E+03  4.837E+11  3.941E-04  8.593E+00
     624      1    101      1     78      1      53     8.7698E+02  1.213E+09  1.000E-30  2.106E+00
     625      1    101      1     81      1      53     7.1510E+02  2.269E+11  1.570E-03  4.690E+00
     627      1    101      1     85      1      53     4.2583E+02  1.307E+11  7.539E-03  2.692E+00
     628      1    101      1     86      1      53     4.1039E+02  6.768E+08  1.000E-30  9.096E-01
     631      1    101      1     91      1      53     2.3659E+02  1.115E+11  6.981E-02  1.573E+00
     634      1    101      1     95      1      53     1.2646E+02  8.029E+07  1.000E-30  3.493E-01
     635      1    101      1     96      1      53     1.0557E+02  3.035E+10  5.701E-01  9.148E-01
     638      1    101      1    100      1      53     1.0760E+01  1.755E+05  3.287E-03  5.094E-01
     639      1    102      1     77      1      53     1.1469E+03  1.029E+12  1.426E-03  4.057E+00
     641      1    102      1     82      1      53     6.7131E+02  6.928E+11  9.404E-03  2.091E+00
     644      1    102      1     87      1      53     4.2378E+02  6.958E+08  1.000E-30  4.899E-01
     645      1    102      1     88      1      53     3.8149E+02  6.776E+11  1.086E-01  1.097E+00
     647      1    102      1     94      1      53     1.9123E+02  1.325E+11  4.677E-01  5.450E-01
     650      1    102      1     97      1      53     1.4260E+02  4.262E+08  1.000E-30  1.756E-01
     652      1    102      1    101      1      53     5.9168E+01  2.695E+07  4.338E-03  2.551E-01
     653      1    103      1     76      1      53     1.2875E+03  3.667E+11  2.298E-04  8.862E+00
     654      1    103      1     78      1      53     9.7272E+02  9.305E+08  1.000E-30  2.317E+00
     655      1    103      1     81      1      53     8.1083E+02  1.756E+11  7.970E-04  4.901E+00
     656      1    103      1     85      1      53     5.2157E+02  9.998E+10  2.892E-03  2.896E+00
     657      1    103      1     86      1      53     5.0613E+02  6.398E+08  1.000E-30  1.114E+00
     659      1    103      1     91      1      53     3.3233E+02  7.108E+10  1.317E-02  1.777E+00
     662      1    103      1     95      1      53     2.2220E+02  1.744E+08  1.000E-30  5.188E-01
     663      1    103      1     96      1      53     2.0131E+02  7.899E+10  1.221E-01  1.100E+00
     665      1    103      1    100      1      53     1.0650E+02  3.374E+10  1.215E+00  6.775E-01
     667      1    103      1    102      1      53     3.6571E+01  2.521E+06  1.000E-30  2.210E-01
     668      1    104      1     78      1      53     9.7661E+02  4.025E+11  1.175E-03  2.425E+00
     670      1    104      1     86      1      53     5.1003E+02  2.642E+11  1.097E-02  1.216E+00
     674      1    104      1     95      1      53     2.2610E+02  1.164E+11  1.274E-01  6.133E-01
     677      1    104      1    102      1      53     4.0464E+01  4.080E+08  1.805E-01  2.784E-01
     679      1    105      1     77      1      53     1.2750E+03  6.788E+11  6.518E-04  4.257E+00
     680      1    105      1     82      1      53     7.9944E+02  4.426E+11  3.212E-03  2.291E+00
     682      1    105      1     87      1      53     5.5191E+02  4.889E+08  1.000E-30  6.837E-01
     683      1    105      1     88      1      53     5.0962E+02  3.542E+11  1.802E-02  1.291E+00
     685      1    105      1     94      1      53     3.1936E+02  4.155E+11  1.856E-01  7.293E-01
     688      1    105      1     97      1      53     2.7073E+02  5.233E+08  1.000E-30  2.798E-01
     690      1    105      1    101      1      53     1.8730E+02  1.430E+11  1.045E+00  4.009E-01
     692      1    105      1    103      1      53     9.1560E+01  4.354E+07  2.302E-03  2.087E-01
     693      1    105      1    104      1      53     8.7667E+01  1.622E+08  1.000E-30  1.327E-01
     694      1    106      1     78      1      53     1.1024E+03  2.487E+11  4.766E-04  2.566E+00
     695      1    106      1     86      1      53     6.3583E+02  1.779E+11  3.372E-03  1.357E+00
     698      1    106      1     95      1      53     3.5190E+02  9.749E+10  2.014E-02  7.533E-01
     701      1    106      1    102      1      53     1.6626E+02  4.430E+10  1.964E-01  4.088E-01
     704      1    106      1    105      1      53     3.8133E+01  4.747E+08  4.170E-01  2.074E-01
     705      1    107      1     77      1      53     1.3672E+03  4.747E+11  3.581E-04  4.392E+00
     706      1    107      1     82      1      53     8.9170E+02  3.043E+11  1.500E-03  2.426E+00
     707      1    107      1     87      1      53     6.4417E+02  3.455E+08  1.000E-30  8.174E-01
     708      1    107      1     88      1      53     6.0188E+02  2.250E+11  6.186E-03  1.426E+00
     710      1    107      1     94      1      53     4.1162E+02  2.150E+11  3.159E-02  8.642E-01
     712      1    107      1     97      1      53     3.6299E+02  4.273E+08  1.000E-30  4.039E-01
     714      1    107      1    101      1      53     2.7956E+02  2.911E+11  2.992E-01  5.243E-01
     716      1    107      1    103      1      53     1.8382E+02  1.374E+11  2.055E+00  3.141E-01
     717      1    107      1    104      1      53     1.7993E+02  2.854E+08  1.000E-30  1.805E-01
     719      1    107      1    106      1      53     5.4126E+01  5.075E+07  1.000E-30  1.121E-01
     720      1    108      1     78      1      53     1.1926E+03  1.657E+11  2.426E-04  2.653E+00
     721      1    108      1     86      1      53     7.2599E+02  1.242E+11  1.477E-03  1.450E+00
     723      1    108      1     95      1      53     4.4206E+02  7.283E+10  6.671E-03  8.407E-01
     725      1    108      1    102      1      53     2.5642E+02  4.031E+10  3.304E-02  4.987E-01
     728      1    108      1    105      1      53     1.2829E+02  1.963E+10  2.884E-01  2.934E-01
     730      1    108      1    107      1      53     3.6034E+01  4.817E+08  8.077E-01  1.667E-01
     731      1    110      1    109      1      53     1.0325E+02  7.412E+08  1.000E-30  3.596E+02
     732      1    111      1    109      1      53     6.2828E+02  1.878E+11  1.393E-05  4.026E+02
     733      1    114      1    113      1      54     7.1415E+00  2.261E+03  1.000E-30  6.995E-04
     735      1    115      1    114      1      54     4.2027E+02  1.504E+10  1.883E-01  4.005E-02
     736      1    117      1    116      1      54     8.2284E+01  4.577E+07  2.239E+00  7.938E-03
     737      1    118      1    117      1      54     6.5579E+01  5.306E+07  3.753E-05  9.900E+01
     739      1    120      1    119      1      54     2.7707E+01  9.887E+05  6.644E+00  3.037E-03
     740      1    121      1    120      1      54     3.4184E+01  1.672E+07  2.344E-04  3.528E+01
     743      1    122      1    121      1      54     1.1729E+01  1.462E+05  1.069E-04  1.004E+01
     745      1    124      1    119      1      54     9.4819E+02  1.112E+12  2.472E-03  3.135E+01
     746      1    124      1    121      1      54     8.8629E+02  3.552E+11  1.000E-30  1.769E+01
     747      1    123      1    120      1      54     9.0352E+02  1.297E+12  1.000E-30  5.149E+01
     749      1    124      1    123      1      54     1.6956E+01  1.124E+06  1.921E+00  1.270E-02
     750      1    125      1    120      1      54     9.3511E+02  2.351E+12  1.322E-03  4.301E+01
     753      1    125      1    122      1      54     8.8920E+02  8.655E+10  1.000E-30  3.428E+00
     754      1    125      1    124      1      54     1.4632E+01  1.537E+06  4.339E-04  2.233E+01
     757      1    126      1    121      1      54     9.0719E+02  3.959E+12  4.206E-03  1.500E+01
     759      1    126      1    125      1      54     6.2624E+00  4.231E+04  3.947E-04  5.174E+00
     761      1    127      1    122      1      54     9.0472E+02  6.519E+12  1.102E-02  6.874E+00
     763      1    127      1    126      1      54     9.2648E+00  5.070E+04  2.651E-04  2.037E+00
     765      1    129      1    121      1      54     1.3816E+03  2.754E+11  1.000E-30  9.988E+00
     767      1    129      1    123      1      54     5.1224E+02  1.932E+11  4.725E-03  1.811E+01
     768      1    129      1    125      1      54     4.8065E+02  9.543E+10  1.000E-30  1.082E+01
     770      1    128      1    120      1      54     1.4063E+03  1.086E+12  1.000E-30  5.139E+01
     772      1    128      1    124      1      54     4.8585E+02  2.786E+11  1.000E-30  3.178E+01
     775      1    129      1    128      1      54     9.4325E+00  1.980E+05  2.768E+00  1.014E-02
     777      1    130      1    120      1      54     1.4246E+03  1.387E+12  2.600E-03  3.654E+00
     779      1    130      1    122      1      54     1.3787E+03  5.761E+10  1.000E-30  4.690E+00
     780      1    130      1    124      1      54     5.0408E+02  3.684E+11  2.119E-03  2.687E+01
     783      1    130      1    126      1      54     4.8319E+02  3.555E+10  1.000E-30  2.065E+00
     785      1    130      1    129      1      54     8.7978E+00  4.401E+05  9.858E-04  1.296E+01
     788      1    131      1    121      1      54     1.3942E+03  3.039E+12  7.862E-04  1.692E+01
     790      1    131      1    125      1      54     4.9329E+02  5.940E+11  8.012E-03  7.406E+00
     791      1    131      1    127      1      54     4.7777E+02  9.559E+09  1.000E-30  8.145E-01
     793      1    131      1    130      1      54     3.8408E+00  1.449E+04  1.010E-03  3.003E+00
     795      1    132      1    122      1      54     1.3904E+03  3.231E+12  1.262E-03  8.074E+00
     797      1    132      1    126      1      54     4.9497E+02  9.272E+11  1.979E-02  3.367E+00
     799      1    132      1    131      1      54     7.9348E+00  5.890E+04  8.449E-04  1.183E+00
     800      1    133      1    127      1      54     4.8686E+02  1.271E+12  4.013E-02  1.913E+00
     801      1    133      1    132      1      54     1.1594E+00  5.241E+01  3.720E-04  5.955E-01
     802      1    134      1    124      1      54     7.8763E+02  2.659E+11  1.000E-30  3.171E+01
     804      1    134      1    129      1      54     2.9235E+02  7.821E+10  1.000E-30  1.835E+01
     808      1    135      1    123      1      54     8.1021E+02  2.067E+11  2.008E-03  1.149E+01
     809      1    135      1    125      1      54     7.7862E+02  8.522E+10  1.000E-30  1.003E+01
     811      1    135      1    128      1      54     3.0740E+02  4.545E+10  8.245E-03  1.138E+01
     812      1    135      1    130      1      54     2.8917E+02  2.994E+10  1.000E-30  5.785E+00
     814      1    135      1    134      1      54     5.6221E+00  1.325E+05  1.485E-02  3.040E+00
     815      1    136      1    124      1      54     7.9909E+02  3.856E+11  4.710E-04  3.169E+01
     818      1    136      1    126      1      54     7.7820E+02  2.816E+10  1.000E-30  4.994E+00
     819      1    136      1    129      1      54     3.0380E+02  8.320E+10  3.210E-03  1.831E+01
     822      1    136      1    131      1      54     2.9116E+02  1.363E+10  1.000E-30  2.881E+00
     825      1    136      1    135      1      54     5.8334E+00  1.612E+05  1.957E-03  8.211E+00
     827      1    137      1    125      1      54     7.8707E+02  5.766E+11  1.398E-03  1.004E+01
     828      1    137      1    127      1      54     7.7154E+02  6.446E+09  1.000E-30  3.024E+00
     830      1    137      1    130      1      54     2.9761E+02  1.276E+11  1.003E-02  5.801E+00
     831      1    137      1    132      1      54     2.8584E+02  5.378E+09  1.000E-30  1.740E+00
     833      1    137      1    136      1      54     2.6080E+00  6.007E+03  2.137E-03  1.882E+00
     835      1    138      1    126      1      54     7.8806E+02  7.430E+11  2.578E-03  4.998E+00
     837      1    138      1    131      1      54     3.0103E+02  1.964E+11  2.181E-02  2.885E+00
     838      1    138      1    133      1      54     2.9194E+02  1.740E+09  1.000E-30  1.169E+00
     840      1    138      1    137      1      54     7.2571E+00  6.352E+04  1.896E-03  7.439E-01
     841      1    139      1    127      1      54     7.7953E+02  6.606E+11  3.044E-03  3.027E+00
     842      1    139      1    132      1      54     2.9383E+02  2.487E+11  3.916E-02  1.743E+00
     843      1    139      1    138      1      54     7.3047E-01  2.448E+01  1.108E-03  3.737E-01
     844      1    140      1    133      1      54     2.9317E+02  3.321E+11  6.666E-02  1.167E+00
     845      1    140      1    139      1      54     5.0455E-01  3.066E+00  5.933E-04  2.168E-01
     846      1    141      1    124      1      54     9.8280E+02  2.117E+11  1.000E-30  3.169E+01
     847      1    141      1    129      1      54     4.8751E+02  8.153E+10  1.000E-30  1.830E+01
     851      1    141      1    135      1      54     1.8954E+02  2.614E+10  1.000E-30  1.150E+01
     853      1    142      1    123      1      54     1.0032E+03  1.735E+11  1.318E-03  7.731E+00
     854      1    142      1    125      1      54     9.7165E+02  6.473E+10  1.000E-30  1.005E+01
     856      1    142      1    128      1      54     5.0043E+02  5.327E+10  3.289E-03  7.684E+00
     857      1    142      1    130      1      54     4.8220E+02  2.948E+10  1.000E-30  5.811E+00
     859      1    142      1    134      1      54     1.9865E+02  1.329E+10  1.350E-02  7.589E+00
     861      1    142      1    136      1      54     1.8719E+02  1.072E+10  1.000E-30  4.866E+00
     863      1    142      1    141      1      54     3.4847E+00  3.419E+04  2.614E-02  1.901E+00
     864      1    143      1    124      1      54     9.9046E+02  3.207E+11  2.058E-04  3.168E+01
     865      1    143      1    126      1      54     9.6956E+02  2.002E+10  1.000E-30  5.012E+00
     866      1    143      1    129      1      54     4.9517E+02  9.601E+10  8.544E-04  1.830E+01
     869      1    143      1    131      1      54     4.8253E+02  1.222E+10  1.000E-30  2.901E+00
     872      1    143      1    135      1      54     1.9720E+02  2.360E+10  6.494E-03  9.448E+00
     874      1    143      1    137      1      54     1.8876E+02  5.517E+09  1.000E-30  9.841E-01
     877      1    143      1    142      1      54     4.1712E+00  6.995E+04  3.500E-03  5.458E+00
     878      1    144      1    125      1      54     9.7774E+02  4.555E+11  5.744E-04  1.006E+01
     879      1    144      1    127      1      54     9.6221E+02  4.176E+09  1.000E-30  3.043E+00
     881      1    144      1    130      1      54     4.8829E+02  1.418E+11  2.488E-03  5.816E+00
     882      1    144      1    132      1      54     4.7651E+02  4.354E+09  1.000E-30  1.758E+00
     884      1    144      1    136      1      54     1.9328E+02  3.444E+10  2.287E-02  2.554E+00
     885      1    144      1    138      1      54     1.8342E+02  2.517E+09  1.000E-30  3.447E-01
     887      1    144      1    143      1      54     1.9160E+00  2.975E+03  3.989E-03  1.262E+00
     888      1    145      1    126      1      54     9.7835E+02  5.240E+11  9.454E-04  5.016E+00
     890      1    145      1    131      1      54     4.9132E+02  1.934E+11  4.779E-03  2.903E+00
     891      1    145      1    133      1      54     4.8223E+02  1.126E+09  1.000E-30  1.187E+00
     893      1    145      1    137      1      54     1.9755E+02  5.176E+10  5.371E-02  1.140E+00
     894      1    145      1    139      1      54     1.8956E+02  1.285E+09  1.000E-30  1.756E-01
     896      1    145      1    144      1      54     6.8766E+00  6.878E+04  3.589E-03  5.010E-01
     897      1    146      1    127      1      54     9.6958E+02  3.765E+11  8.946E-04  3.044E+00
     898      1    146      1    132      1      54     4.8388E+02  2.074E+11  6.924E-03  1.759E+00
     899      1    146      1    138      1      54     1.9078E+02  5.868E+10  9.917E-02  6.397E-01
     900      1    146      1    140      1      54     1.8955E+02  3.940E+08  1.000E-30  1.168E-01
     901      1    146      1    145      1      54     4.8959E-01  1.046E+01  2.311E-03  2.544E-01
     902      1    147      1    133      1      54     4.8306E+02  1.739E+11  7.091E-03  1.185E+00
     903      1    147      1    139      1      54     1.9039E+02  7.261E+10  1.712E-01  4.089E-01
     904      1    147      1    146      1      54     3.3818E-01  1.742E+00  1.630E-03  1.486E-01
     905      1    148      1    140      1      54     1.9013E+02  8.686E+10  2.783E-01  2.835E-01
     906      1    148      1    147      1      54     2.4746E-01  2.708E-01  8.614E-04  9.410E-02
     907      1    149      1    124      1      54     1.1162E+03  1.633E+11  1.000E-30  3.168E+01
     908      1    149      1    129      1      54     6.2092E+02  6.921E+10  1.000E-30  1.829E+01
     910      1    149      1    135      1      54     3.2295E+02  2.913E+10  1.000E-30  1.151E+01
     913      1    149      1    142      1      54     1.2992E+02  9.988E+09  1.000E-30  7.714E+00
     915      1    150      1    123      1      54     1.1354E+03  1.384E+11  1.027E-03  5.464E+00
     916      1    150      1    125      1      54     1.1038E+03  4.863E+10  1.000E-30  1.007E+01
     917      1    150      1    128      1      54     6.3256E+02  4.790E+10  2.074E-03  5.417E+00
     918      1    150      1    130      1      54     6.1433E+02  2.417E+10  1.000E-30  5.826E+00
     919      1    150      1    134      1      54     3.3078E+02  1.665E+10  5.104E-03  5.380E+00
     921      1    150      1    136      1      54     3.1933E+02  1.148E+10  1.000E-30  2.906E+00
     923      1    150      1    141      1      54     1.3562E+02  4.536E+09  2.078E-02  5.344E+00
     925      1    150      1    143      1      54     1.2796E+02  4.289E+09  1.000E-30  3.491E+00
     927      1    150      1    149      1      54     2.2069E+00  9.010E+03  4.507E-02  1.174E+00
     928      1    151      1    124      1      54     1.1216E+03  2.539E+11  1.122E-04  3.167E+01
     929      1    151      1    126      1      54     1.1007E+03  1.439E+10  1.000E-30  5.027E+00
     930      1    151      1    129      1      54     6.2630E+02  8.590E+10  3.777E-04  1.829E+01
     931      1    151      1    131      1      54     6.1366E+02  9.437E+09  1.000E-30  2.915E+00
     933      1    151      1    135      1      54     3.2833E+02  2.929E+10  1.631E-03  1.004E+01
     935      1    151      1    137      1      54     3.1989E+02  5.433E+09  1.000E-30  6.406E-01
     937      1    151      1    142      1      54     1.3530E+02  7.942E+09  1.025E-02  6.273E+00
     939      1    151      1    144      1      54     1.2921E+02  2.393E+09  1.000E-30  7.244E-01
     941      1    151      1    150      1      54     3.1681E+00  3.581E+04  5.893E-03  3.808E+00
     942      1    152      1    125      1      54     1.1084E+03  3.486E+11  3.012E-04  1.007E+01
     943      1    152      1    127      1      54     1.0929E+03  2.820E+09  1.000E-30  3.056E+00
     944      1    152      1    130      1      54     6.1900E+02  1.230E+11  1.055E-03  5.831E+00
     945      1    152      1    132      1      54     6.0722E+02  3.143E+09  1.000E-30  1.772E+00
     947      1    152      1    136      1      54     3.2399E+02  4.236E+10  5.150E-03  2.888E+00
     948      1    152      1    138      1      54     3.1413E+02  2.345E+09  1.000E-30  3.732E-01
     950      1    152      1    143      1      54     1.3263E+02  1.112E+10  3.521E-02  1.686E+00
     951      1    152      1    145      1      54     1.2383E+02  1.156E+09  1.000E-30  2.596E-01
     953      1    152      1    151      1      54     1.4980E+00  1.647E+03  6.566E-03  8.930E-01
     954      1    153      1    126      1      54     1.1088E+03  3.739E+11  4.617E-04  5.029E+00
     955      1    153      1    131      1      54     6.2180E+02  1.557E+11  1.884E-03  2.917E+00
     956      1    153      1    133      1      54     6.1271E+02  7.156E+08  1.000E-30  1.200E+00
     958      1    153      1    137      1      54     3.2803E+02  5.925E+10  1.068E-02  1.352E+00
     959      1    153      1    139      1      54     3.2004E+02  9.876E+08  1.000E-30  2.844E-01
     961      1    153      1    144      1      54     1.3736E+02  1.680E+10  8.149E-02  7.514E-01
     962      1    153      1    146      1      54     1.2999E+02  7.579E+08  1.000E-30  1.286E-01
     963      1    153      1    152      1      54     6.6466E+00  7.433E+04  6.031E-03  3.584E-01
     964      1    154      1    127      1      54     1.0999E+03  2.372E+11  3.840E-04  3.057E+00
     965      1    154      1    132      1      54     6.1421E+02  1.492E+11  2.398E-03  1.772E+00
     966      1    154      1    138      1      54     3.2112E+02  6.539E+10  1.692E-02  7.879E-01
     967      1    154      1    140      1      54     3.1988E+02  2.468E+08  1.000E-30  2.273E-01
     968      1    154      1    145      1      54     1.3082E+02  1.730E+10  1.455E-01  4.200E-01
     969      1    154      1    147      1      54     1.3000E+02  3.499E+08  1.000E-30  8.093E-02
     970      1    154      1    153      1      54     3.4390E-01  4.636E+00  4.072E-03  1.842E-01
     971      1    155      1    133      1      54     6.1329E+02  9.844E+10  1.923E-03  1.198E+00
     972      1    155      1    139      1      54     3.2062E+02  6.843E+10  2.226E-02  5.189E-01
     973      1    155      1    146      1      54     1.3057E+02  2.036E+10  2.434E-01  2.682E-01
     974      1    155      1    148      1      54     1.2999E+02  1.085E+08  1.000E-30  6.061E-02
     975      1    155      1    154      1      54     2.3759E-01  8.607E-01  3.172E-03  1.092E-01
     976      1    156      1    124      1      54     1.2114E+03  1.260E+11  1.000E-30  3.167E+01
     977      1    156      1    129      1      54     7.1613E+02  5.604E+10  1.000E-30  1.829E+01
     978      1    156      1    135      1      54     4.1816E+02  2.600E+10  1.000E-30  1.152E+01
     980      1    156      1    142      1      54     2.2513E+02  1.174E+10  1.000E-30  7.726E+00
     983      1    156      1    150      1      54     9.3002E+01  4.260E+09  1.000E-30  5.421E+00
     985      1    157      1    123      1      54     1.2298E+03  1.094E+11  8.672E-04  4.021E+00
     986      1    157      1    125      1      54     1.1982E+03  3.677E+10  1.000E-30  1.008E+01
     987      1    157      1    128      1      54     7.2695E+02  4.024E+10  1.564E-03  3.974E+00
     988      1    157      1    130      1      54     7.0872E+02  1.913E+10  1.000E-30  5.837E+00
     989      1    157      1    134      1      54     4.2517E+02  1.586E+10  3.110E-03  3.944E+00
     990      1    157      1    136      1      54     4.1371E+02  9.935E+09  1.000E-30  2.021E+00
     991      1    157      1    141      1      54     2.3000E+02  6.055E+09  7.607E-03  3.920E+00
     993      1    157      1    143      1      54     2.2235E+02  4.875E+09  1.000E-30  2.202E+00
     995      1    157      1    149      1      54     9.6594E+01  1.744E+09  3.074E-02  3.896E+00
     997      1    157      1    151      1      54     9.1219E+01  1.867E+09  1.000E-30  2.589E+00
     999      1    157      1    156      1      54     1.3856E+00  2.202E+03  7.717E-02  7.050E-01
    1000      1    158      1    124      1      54     1.2153E+03  1.990E+11  6.913E-05  3.168E+01
    1001      1    158      1    126      1      54     1.1944E+03  1.057E+10  1.000E-30  5.038E+00
    1002      1    158      1    129      1      54     7.2004E+02  7.177E+10  2.076E-04  1.829E+01
    1003      1    158      1    131      1      54     7.0740E+02  7.186E+09  1.000E-30  2.926E+00
    1004      1    158      1    135      1      54     4.2207E+02  2.768E+10  6.974E-04  1.043E+01
    1005      1    158      1    137      1      54     4.1363E+02  4.479E+09  1.000E-30  7.982E-01
    1007      1    158      1    142      1      54     2.2904E+02  1.043E+10  2.589E-03  6.637E+00
    1009      1    158      1    144      1      54     2.2296E+02  2.541E+09  1.000E-30  4.526E-01
    1011      1    158      1    150      1      54     9.6914E+01  3.047E+09  1.547E-02  4.371E+00
    1012      1    158      1    152      1      54     9.2248E+01  1.106E+09  1.000E-30  5.549E-01
    1014      1    158      1    157      1      54     2.5273E+00  2.102E+04  9.442E-03  2.762E+00
    1015      1    159      1    125      1      54     1.2019E+03  2.674E+11  1.810E-04  1.009E+01
    1016      1    159      1    127      1      54     1.1864E+03  1.986E+09  1.000E-30  3.069E+00
    1017      1    159      1    130      1      54     7.1248E+02  1.007E+11  5.651E-04  5.842E+00
    1018      1    159      1    132      1      54     7.0070E+02  2.273E+09  1.000E-30  1.783E+00
    1019      1    159      1    136      1      54     4.1747E+02  3.946E+10  2.075E-03  3.104E+00
    1020      1    159      1    138      1      54     4.0761E+02  1.842E+09  1.000E-30  5.529E-01
    1022      1    159      1    143      1      54     2.2610E+02  1.475E+10  8.076E-03  1.895E+00
    1023      1    159      1    145      1      54     2.1731E+02  1.215E+09  1.000E-30  2.330E-01
    1025      1    159      1    151      1      54     9.4977E+01  4.095E+09  5.188E-02  1.173E+00
    1026      1    159      1    153      1      54     8.6832E+01  5.370E+08  1.000E-30  2.049E-01
    1028      1    159      1    158      1      54     1.2307E+00  1.034E+03  1.016E-02  6.569E-01
    1029      1    160      1    126      1      54     1.2022E+03  2.736E+11  2.646E-04  5.040E+00
    1030      1    160      1    131      1      54     7.1513E+02  1.213E+11  9.600E-04  2.928E+00
    1031      1    160      1    133      1      54     7.0604E+02  4.806E+08  1.000E-30  1.211E+00
    1032      1    160      1    137      1      54     4.2136E+02  5.240E+10  3.993E-03  1.491E+00
    1033      1    160      1    139      1      54     4.1337E+02  6.936E+08  1.000E-30  4.139E-01
    1035      1    160      1    144      1      54     2.3069E+02  2.106E+10  1.684E-02  8.840E-01
    1036      1    160      1    146      1      54     2.2332E+02  6.536E+08  1.000E-30  1.753E-01
    1037      1    160      1    152      1      54     9.9979E+01  6.307E+09  1.193E-01  5.224E-01
    1038      1    160      1    154      1      54     9.2988E+01  4.258E+08  1.000E-30  1.034E-01
    1039      1    160      1    159      1      54     6.4994E+00  8.050E+04  9.291E-03  2.698E-01
    1040      1    161      1    127      1      54     1.1932E+03  1.600E+11  2.023E-04  3.067E+00
    1041      1    161      1    132      1      54     7.0745E+02  1.077E+11  1.125E-03  1.783E+00
    1042      1    161      1    138      1      54     4.1436E+02  5.464E+10  5.784E-03  8.820E-01
    1043      1    161      1    140      1      54     4.1312E+02  1.535E+08  1.000E-30  3.220E-01
    1044      1    161      1    145      1      54     2.2406E+02  2.281E+10  2.690E-02  5.160E-01
    1045      1    161      1    147      1      54     2.2323E+02  2.590E+08  1.000E-30  1.423E-01
    1046      1    161      1    153      1      54     9.3583E+01  5.794E+09  2.015E-01  2.937E-01
    1047      1    161      1    155      1      54     9.3001E+01  2.359E+08  1.000E-30  6.435E-02
    1048      1    161      1    160      1      54     2.5061E-01  2.144E+00  6.357E-03  1.421E-01
    1049      1    162      1    133      1      54     7.0646E+02  6.178E+10  7.818E-04  1.209E+00
    1050      1    162      1    139      1      54     4.1380E+02  4.974E+10  6.445E-03  5.926E-01
    1051      1    162      1    146      1      54     2.2375E+02  2.544E+10  3.788E-02  3.406E-01
    1052      1    162      1    148      1      54     2.2316E+02  6.551E+07  1.000E-30  1.188E-01
    1053      1    162      1    154      1      54     9.3412E+01  6.593E+09  3.273E-01  1.892E-01
    1054      1    162      1    161      1      54     1.7317E-01  4.251E-01  5.070E-03  8.683E-02
