#  File format type:   4
#
#  SPECT3D transition powers file.
#  RUN NAME:  xe_750-1300_4mm
#  Total number of transitions   =     1380
#  Number of written transitions =      624
#  Plasma temperature (eV)       =     2.5000E+02
#  Mass density (g/cm3)          =     1.0902E-02
#  Cell areal density (g/cm2)    =     4.3607E-03
#  Material mass fractions       =     1.0000E+00
#  DCA material number fractions =     1.0000E+00
# -----------------------------------------------------
#
#
#   Trans.  Trans  Upper  Upper  Lower  Lower   Ioniz   Energy     Line Power Line Center Line Width
#   Index   Model  Level  Model  Level  Model   Stage   (eV)       (W/cm2)    Opt. Depth      eV
# --------------------------------------------------------------------------------------------------
       1      1      3      1      2      1      52     1.1982E+02  6.676E+09  4.995E-07  1.375E-02
       2      1      4      1      2      1      52     4.9234E+02  1.925E+11  8.818E+00  5.352E-02
       4      1      6      1      5      1      52     1.0651E+02  2.483E+10  1.582E-02  7.872E+01
       6      1      7      1      6      1      52     6.8034E+01  3.323E+09  2.206E-03  9.467E+01
       7      1      9      1      8      1      52     3.8672E+01  1.376E+09  5.277E-02  2.873E+01
       9      1     10      1      9      1      52     3.4641E+01  9.333E+08  1.444E-02  3.136E+01
      11      1     11      1     10      1      52     9.4480E+00  3.288E+06  5.454E-03  8.538E+00
      13      1     12      1      9      1      52     8.3242E+02  5.483E+13  1.000E-30  4.479E+01
      14      1     13      1      8      1      52     8.9349E+02  3.681E+13  1.327E-01  2.730E+01
      16      1     13      1     10      1      52     8.2018E+02  1.451E+13  1.000E-30  1.550E+01
      17      1     13      1     12      1      52     2.2396E+01  3.543E+08  1.335E-01  1.659E+01
      19      1     14      1      9      1      52     8.6975E+02  8.418E+13  7.442E-02  3.755E+01
      21      1     14      1     11      1      52     8.2566E+02  3.461E+12  1.000E-30  2.981E+00
      23      1     14      1     13      1      52     1.4925E+01  8.605E+07  2.621E-02  2.024E+01
      25      1     15      1     10      1      52     8.3968E+02  1.186E+14  2.447E-01  1.288E+01
      28      1     15      1     14      1      52     4.5752E+00  6.364E+05  1.833E-02  4.412E+00
      30      1     16      1     11      1      52     8.3260E+02  1.440E+14  6.341E-01  5.935E+00
      32      1     16      1     15      1      52     2.3647E+00  2.685E+04  9.850E-03  1.770E+00
      34      1     17      1      9      1      52     1.3019E+03  4.602E+13  1.000E-30  4.474E+01
      36      1     17      1     13      1      52     4.4709E+02  1.166E+13  1.000E-30  2.769E+01
      38      1     18      1      8      1      52     1.3534E+03  3.788E+13  6.170E-02  1.597E+01
      40      1     18      1     10      1      52     1.2800E+03  1.124E+13  1.000E-30  8.658E+00
      41      1     18      1     12      1      52     4.8226E+02  5.635E+12  2.511E-01  1.583E+01
      43      1     18      1     14      1      52     4.4493E+02  3.894E+12  1.000E-30  9.551E+00
      45      1     18      1     17      1      52     1.2770E+01  6.832E+07  2.821E-01  9.468E+00
      47      1     19      1      9      1      52     1.3234E+03  8.153E+13  1.759E-02  4.051E+01
      49      1     19      1     11      1      52     1.2793E+03  2.288E+12  1.000E-30  4.118E+00
      51      1     19      1     13      1      52     4.6860E+02  1.248E+13  1.191E-01  2.346E+01
      53      1     19      1     15      1      52     4.4910E+02  1.422E+12  1.000E-30  1.838E+00
      56      1     19      1     18      1      52     8.7378E+00  2.142E+07  5.839E-02  1.177E+01
      58      1     20      1     10      1      52     1.2912E+03  1.132E+14  4.565E-02  1.455E+01
      61      1     20      1     14      1      52     4.5609E+02  1.497E+13  4.629E-01  6.404E+00
      63      1     20      1     16      1      52     4.4915E+02  4.004E+11  1.000E-30  7.642E-01
      65      1     20      1     19      1      52     2.4178E+00  1.176E+05  4.010E-02  2.600E+00
      67      1     21      1     11      1      52     1.2829E+03  1.149E+14  7.278E-02  6.982E+00
      69      1     21      1     15      1      52     4.5271E+02  1.527E+13  1.125E+00  2.946E+00
      72      1     21      1     20      1      52     1.2002E+00  5.793E+03  2.708E-02  1.081E+00
      75      1     22      1     16      1      52     4.5135E+02  1.454E+13  2.271E+00  1.689E+00
      77      1     22      1     21      1      52     1.0028E+00  1.543E+03  1.799E-02  5.740E-01
      79      1     23      1     13      1      52     7.2854E+02  1.118E+13  1.000E-30  2.769E+01
      81      1     23      1     18      1      52     2.6868E+02  3.275E+12  1.000E-30  1.607E+01
      83      1     24      1     12      1      52     7.5883E+02  7.007E+12  1.086E-01  1.008E+01
      85      1     24      1     14      1      52     7.2151E+02  3.470E+12  1.000E-30  5.183E+00
      86      1     24      1     17      1      52     2.8935E+02  1.150E+12  4.339E-01  1.005E+01
      88      1     24      1     19      1      52     2.6784E+02  1.225E+12  1.000E-30  6.339E+00
      90      1     24      1     23      1      52     7.9016E+00  1.564E+07  5.176E-01  5.970E+00
      92      1     25      1     13      1      52     7.4204E+02  1.464E+13  2.947E-02  2.500E+01
      94      1     25      1     15      1      52     7.2254E+02  1.121E+12  1.000E-30  1.855E+00
      96      1     25      1     18      1      52     2.8218E+02  2.542E+12  2.140E-01  1.344E+01
      98      1     25      1     20      1      52     2.7102E+02  5.491E+11  1.000E-30  1.323E+00
     101      1     25      1     24      1      52     5.5989E+00  6.445E+06  1.119E-01  7.498E+00
     103      1     26      1     14      1      52     7.2843E+02  2.013E+13  9.559E-02  7.307E+00
     105      1     26      1     16      1      52     7.2149E+02  2.636E+11  1.000E-30  1.289E+00
     107      1     26      1     19      1      52     2.7476E+02  2.587E+12  7.840E-01  3.690E+00
     109      1     26      1     21      1      52     2.7114E+02  2.339E+11  1.000E-30  5.507E-01
     112      1     26      1     25      1      52     1.3194E+00  2.207E+04  7.024E-02  1.765E+00
     114      1     27      1     15      1      52     7.2446E+02  2.296E+13  1.807E-01  3.513E+00
     117      1     27      1     20      1      52     2.7295E+02  2.362E+12  1.754E+00  1.731E+00
     119      1     27      1     22      1      52     2.7075E+02  6.910E+10  1.000E-30  3.426E-01
     121      1     27      1     26      1      52     6.0740E-01  9.847E+02  5.002E-02  7.906E-01
     123      1     28      1     16      1      52     7.2273E+02  2.044E+13  2.190E-01  2.096E+00
     125      1     28      1     21      1      52     2.7238E+02  2.189E+12  3.342E+00  1.017E+00
     128      1     28      1     27      1      52     6.3240E-01  7.011E+02  4.146E-02  4.568E-01
     129      1     29      1     13      1      52     9.1039E+02  8.891E+12  1.000E-30  2.772E+01
     131      1     29      1     18      1      52     4.5053E+02  3.405E+12  1.000E-30  1.610E+01
     134      1     29      1     24      1      52     1.7396E+02  1.084E+12  1.000E-30  1.028E+01
     136      1     30      1     12      1      52     9.3797E+02  6.171E+12  7.062E-02  6.895E+00
     137      1     30      1     14      1      52     9.0065E+02  2.638E+12  1.000E-30  4.630E+00
     138      1     30      1     17      1      52     4.6848E+02  1.676E+12  1.737E-01  6.872E+00
     140      1     30      1     19      1      52     4.4698E+02  1.206E+12  1.000E-30  3.691E+00
     142      1     30      1     23      1      52     1.8704E+02  2.842E+11  6.902E-01  6.885E+00
     144      1     30      1     25      1      52     1.7354E+02  4.383E+11  1.000E-30  4.515E+00
     146      1     30      1     29      1      52     5.1810E+00  4.008E+06  8.479E-01  4.089E+00
     147      1     31      1     13      1      52     9.1941E+02  1.250E+13  1.243E-02  2.592E+01
     148      1     31      1     15      1      52     8.9991E+02  7.962E+11  1.000E-30  2.647E+00
     150      1     31      1     18      1      52     4.5956E+02  3.528E+12  5.361E-02  1.436E+01
     152      1     31      1     20      1      52     4.4840E+02  4.893E+11  1.000E-30  1.108E+00
     155      1     31      1     24      1      52     1.8298E+02  6.379E+11  3.523E-01  8.481E+00
     157      1     31      1     26      1      52     1.7606E+02  2.242E+11  1.000E-30  1.083E+00
     160      1     31      1     30      1      52     3.8407E+00  2.279E+06  1.905E-01  5.238E+00
     161      1     32      1     14      1      52     9.0519E+02  1.717E+13  3.658E-02  7.840E+00
     162      1     32      1     16      1      52     8.9825E+02  1.701E+11  1.000E-30  1.821E+00
     164      1     32      1     19      1      52     4.5152E+02  4.551E+12  1.693E-01  4.229E+00
     166      1     32      1     21      1      52     4.4790E+02  1.823E+11  1.000E-30  7.795E-01
     169      1     32      1     25      1      52     1.7808E+02  5.662E+11  1.181E+00  2.426E+00
     171      1     32      1     27      1      52     1.7615E+02  1.151E+11  1.000E-30  5.208E-01
     174      1     32      1     31      1      52     7.0280E-01  3.707E+03  1.043E-01  1.379E+00
     175      1     33      1     15      1      52     9.0089E+02  1.874E+13  5.993E-02  3.888E+00
     177      1     33      1     20      1      52     4.4938E+02  5.169E+12  3.216E-01  2.093E+00
     179      1     33      1     22      1      52     4.4717E+02  4.470E+10  1.000E-30  6.153E-01
     181      1     33      1     26      1      52     1.7704E+02  5.170E+11  2.440E+00  1.203E+00
     183      1     33      1     28      1      52     1.7580E+02  5.125E+10  1.000E-30  3.525E-01
     185      1     33      1     32      1      52     2.7490E-01  1.170E+02  6.851E-02  7.118E-01
     186      1     34      1     16      1      52     8.9895E+02  1.390E+13  5.672E-02  2.364E+00
     188      1     34      1     21      1      52     4.4860E+02  5.255E+12  4.664E-01  1.285E+00
     191      1     34      1     27      1      52     1.7685E+02  5.898E+11  4.140E+00  7.471E-01
     194      1     34      1     33      1      52     4.2420E-01  3.040E+02  5.332E-02  4.729E-01
     195      1     35      1     13      1      52     1.0346E+03  6.858E+12  1.000E-30  2.783E+01
     196      1     35      1     18      1      52     5.7478E+02  2.891E+12  1.000E-30  1.621E+01
     198      1     35      1     24      1      52     2.9820E+02  1.214E+12  1.000E-30  1.033E+01
     201      1     35      1     30      1      52     1.1906E+02  4.146E+11  1.000E-30  7.111E+00
     203      1     36      1     12      1      52     1.0606E+03  5.043E+12  5.303E-02  5.055E+00
     204      1     36      1     14      1      52     1.0233E+03  1.980E+12  1.000E-30  5.468E+00
     205      1     36      1     17      1      52     5.9109E+02  1.628E+12  1.060E-01  5.032E+00
     206      1     36      1     19      1      52     5.6958E+02  9.850E+11  1.000E-30  2.882E+00
     207      1     36      1     23      1      52     3.0964E+02  4.870E+11  2.574E-01  5.038E+00
     209      1     36      1     25      1      52     2.9614E+02  4.689E+11  1.000E-30  2.899E+00
     211      1     36      1     29      1      52     1.2779E+02  8.111E+10  1.009E+00  5.068E+00
     213      1     36      1     31      1      52     1.1877E+02  1.762E+11  1.000E-30  3.473E+00
     215      1     36      1     35      1      52     3.5433E+00  1.152E+06  1.233E+00  3.105E+00
     216      1     37      1     13      1      52     1.0410E+03  1.000E+13  6.598E-03  2.655E+01
     217      1     37      1     15      1      52     1.0215E+03  5.720E+11  1.000E-30  3.278E+00
     218      1     37      1     18      1      52     5.8110E+02  3.291E+12  2.260E-02  1.499E+01
     219      1     37      1     20      1      52     5.6995E+02  3.769E+11  1.000E-30  1.548E+00
     221      1     37      1     24      1      52     3.0452E+02  1.028E+12  8.799E-02  9.107E+00
     223      1     37      1     26      1      52     2.9760E+02  2.187E+11  1.000E-30  8.949E-01
     226      1     37      1     30      1      52     1.2539E+02  1.891E+11  5.277E-01  5.889E+00
     228      1     37      1     32      1      52     1.2084E+02  9.830E+10  1.000E-30  1.025E+00
     231      1     37      1     36      1      52     2.7803E+00  9.225E+05  2.950E-01  3.977E+00
     232      1     38      1     14      1      52     1.0264E+03  1.348E+13  1.816E-02  8.206E+00
     233      1     38      1     16      1      52     1.0194E+03  1.144E+11  1.000E-30  2.213E+00
     234      1     38      1     19      1      52     5.7269E+02  4.454E+12  6.518E-02  4.621E+00
     235      1     38      1     21      1      52     5.6908E+02  1.293E+11  1.000E-30  1.141E+00
     237      1     38      1     25      1      52     2.9925E+02  1.249E+12  2.600E-01  2.812E+00
     239      1     38      1     27      1      52     2.9733E+02  1.012E+11  1.000E-30  6.461E-01
     242      1     38      1     31      1      52     1.2188E+02  1.567E+11  1.574E+00  1.842E+00
     244      1     38      1     33      1      52     1.2090E+02  5.639E+10  1.000E-30  6.045E-01
     247      1     38      1     37      1      52     3.3030E-01  4.581E+02  1.286E-01  1.262E+00
     248      1     39      1     15      1      52     1.0219E+03  1.400E+13  2.697E-02  4.167E+00
     249      1     39      1     20      1      52     5.7035E+02  5.151E+12  1.116E-01  2.372E+00
     250      1     39      1     22      1      52     5.6815E+02  2.839E+10  1.000E-30  8.877E-01
     252      1     39      1     26      1      52     2.9801E+02  1.393E+12  4.665E-01  1.475E+00
     254      1     39      1     28      1      52     2.9677E+02  3.910E+10  1.000E-30  5.429E-01
     256      1     39      1     32      1      52     1.2125E+02  2.307E+11  2.726E+00  1.021E+00
     258      1     39      1     34      1      52     1.2055E+02  3.013E+10  1.000E-30  4.601E-01
     260      1     39      1     38      1      52     7.3900E-02  2.713E+00  7.384E-02  7.129E-01
     261      1     40      1     16      1      52     1.0198E+03  9.181E+12  2.188E-02  2.587E+00
     262      1     40      1     21      1      52     5.6945E+02  5.015E+12  1.367E-01  1.502E+00
     264      1     40      1     27      1      52     2.9770E+02  1.472E+12  6.613E-01  9.643E-01
     267      1     40      1     33      1      52     1.2127E+02  2.639E+11  3.975E+00  7.061E-01
     270      1     40      1     39      1      52     2.9800E-01  1.349E+02  4.858E-02  5.927E-01
     271      1     41      1     13      1      52     1.1233E+03  5.294E+12  1.000E-30  2.798E+01
     272      1     41      1     18      1      52     6.6340E+02  2.346E+12  1.000E-30  1.636E+01
     273      1     41      1     24      1      52     3.8682E+02  1.081E+12  1.000E-30  1.048E+01
     275      1     41      1     30      1      52     2.0768E+02  4.859E+11  1.000E-30  7.261E+00
     278      1     41      1     36      1      52     8.5076E+01  1.749E+11  1.000E-30  5.369E+00
     280      1     42      1     12      1      52     1.1482E+03  4.036E+12  4.212E-02  3.943E+00
     281      1     42      1     14      1      52     1.1108E+03  1.500E+12  1.000E-30  6.394E+00
     282      1     42      1     17      1      52     6.7867E+02  1.421E+12  7.530E-02  3.920E+00
     283      1     42      1     19      1      52     6.5716E+02  7.786E+11  1.000E-30  3.154E+00
     284      1     42      1     23      1      52     3.9722E+02  5.144E+11  1.474E-01  3.933E+00
     285      1     42      1     25      1      52     3.8372E+02  4.056E+11  1.000E-30  2.248E+00
     286      1     42      1     29      1      52     2.1536E+02  1.636E+11  3.529E-01  3.976E+00
     288      1     42      1     31      1      52     2.0634E+02  1.998E+11  1.000E-30  2.490E+00
     290      1     42      1     35      1      52     9.1119E+01  2.670E+10  1.363E+00  4.050E+00
     292      1     42      1     37      1      52     8.4795E+01  7.757E+10  1.000E-30  2.923E+00
     294      1     42      1     41      1      52     2.4992E+00  4.140E+05  1.527E+00  2.701E+00
     295      1     43      1     13      1      52     1.1279E+03  7.899E+12  3.945E-03  2.708E+01
     296      1     43      1     15      1      52     1.1084E+03  4.203E+11  1.000E-30  3.780E+00
     297      1     43      1     18      1      52     6.6800E+02  2.796E+12  1.193E-02  1.546E+01
     298      1     43      1     20      1      52     6.5684E+02  2.859E+11  1.000E-30  2.005E+00
     299      1     43      1     24      1      52     3.9142E+02  1.037E+12  3.676E-02  9.576E+00
     300      1     43      1     26      1      52     3.8450E+02  1.795E+11  1.000E-30  1.172E+00
     302      1     43      1     30      1      52     2.1228E+02  3.463E+11  1.298E-01  6.346E+00
     304      1     43      1     32      1      52     2.0774E+02  1.028E+11  1.000E-30  9.332E-01
     307      1     43      1     36      1      52     8.9678E+01  6.345E+10  7.264E-01  4.466E+00
     309      1     43      1     38      1      52     8.6568E+01  4.609E+10  1.000E-30  1.113E+00
     312      1     43      1     42      1      52     2.1031E+00  4.231E+05  4.054E-01  3.323E+00
     313      1     44      1     15      1      52     1.1084E+03  1.049E+13  1.418E-02  4.425E+00
     314      1     44      1     20      1      52     6.5688E+02  4.349E+12  5.027E-02  2.623E+00
     315      1     44      1     22      1      52     6.5468E+02  1.901E+10  1.000E-30  1.140E+00
     316      1     44      1     26      1      52     3.8454E+02  1.611E+12  1.581E-01  1.733E+00
     317      1     44      1     28      1      52     3.8330E+02  2.756E+10  1.000E-30  7.877E-01
     319      1     44      1     32      1      52     2.0778E+02  5.265E+11  5.221E-01  1.273E+00
     321      1     44      1     34      1      52     2.0708E+02  2.596E+10  1.000E-30  6.350E-01
     323      1     44      1     38      1      52     8.6605E+01  8.798E+10  2.446E+00  1.052E+00
     325      1     44      1     40      1      52     8.6233E+01  1.691E+10  1.000E-30  6.567E-01
     327      1     45      1     14      1      52     1.1130E+03  1.047E+13  1.029E-02  8.545E+00
     328      1     45      1     16      1      52     1.1061E+03  8.013E+10  1.000E-30  2.546E+00
     329      1     45      1     19      1      52     6.5935E+02  3.814E+12  3.192E-02  4.947E+00
     330      1     45      1     21      1      52     6.5574E+02  9.353E+10  1.000E-30  1.467E+00
     331      1     45      1     25      1      52     3.8591E+02  1.368E+12  9.882E-02  3.138E+00
     332      1     45      1     27      1      52     3.8399E+02  7.761E+10  1.000E-30  9.382E-01
     334      1     45      1     31      1      52     2.0854E+02  4.049E+11  3.373E-01  2.161E+00
     336      1     45      1     33      1      52     2.0756E+02  5.442E+10  1.000E-30  7.203E-01
     339      1     45      1     37      1      52     8.6990E+01  7.568E+10  1.735E+00  1.639E+00
     341      1     45      1     39      1      52     8.6586E+01  2.854E+10  1.000E-30  7.845E-01
     344      1     45      1     43      1      52     9.2200E-02  1.118E+01  1.443E-01  1.143E+00
     345      1     45      1     44      1      52     5.4600E-02  1.758E+00  1.000E-30  8.430E-01
     346      1     46      1     16      1      52     1.1062E+03  6.282E+12  1.032E-02  2.801E+00
     347      1     46      1     21      1      52     6.5590E+02  3.992E+12  5.428E-02  1.716E+00
     348      1     46      1     27      1      52     3.8415E+02  1.732E+12  1.971E-01  1.180E+00
     350      1     46      1     33      1      52     2.0772E+02  6.050E+11  6.644E-01  9.168E-01
     353      1     46      1     39      1      52     8.6749E+01  1.065E+11  3.009E+00  8.156E-01
     355      1     46      1     44      1      52     2.1720E-01  6.340E+01  3.888E-02  8.146E-01
     357      1     48      1     47      1      52     3.1750E+02  1.926E+11  1.083E-02  1.840E+02
     358      1     49      1     48      1      52     3.6284E+02  1.060E+12  5.954E-04  2.763E+02
     359      1     51      1     50      1      52     7.7750E-01  2.768E+03  5.068E-03  1.384E+02
     360      1     52      1     51      1      52     6.6689E+02  1.647E+13  1.000E-30  4.204E+02
     361      1     54      1     53      1      52     3.0082E+01  9.862E+08  1.000E-30  1.846E+02
     362      1     55      1     53      1      52     1.0120E+02  1.992E+10  1.439E-02  8.076E+01
     363      1     56      1     54      1      52     1.0442E+02  2.230E+10  1.597E-02  7.434E+01
     364      1     56      1     55      1      52     3.3297E+01  1.328E+09  1.000E-30  1.922E+02
     365      1     57      1     55      1      52     9.2670E+01  1.133E+10  2.543E-03  1.109E+02
     367      1     58      1     56      1      52     9.3608E+01  1.174E+10  2.665E-03  1.064E+02
     368      1     58      1     57      1      52     3.4235E+01  1.441E+09  1.000E-30  1.948E+02
     369      1     61      1     60      1      53     7.7081E+01  7.890E+08  1.232E-07  9.179E-03
     370      1     62      1     60      1      53     8.3045E+01  1.187E+09  1.000E-30  9.812E-03
     373      1     63      1     61      1      53     8.0094E+00  2.057E+03  1.000E-30  1.851E-03
     375      1     64      1     60      1      53     4.6515E+02  2.069E+11  5.678E+00  5.056E-02
     378      1     65      1     60      1      53     5.0090E+02  5.574E+11  5.368E-08  5.433E-02
     380      1     65      1     63      1      53     4.1581E+02  5.281E+10  1.229E+01  4.531E-02
     381      1     67      1     66      1      53     9.2071E+01  1.330E+10  1.808E-02  5.730E+01
     383      1     68      1     67      1      53     2.1266E+02  1.782E+11  3.446E-03  3.996E+01
     385      1     69      1     67      1      53     2.3259E+02  1.378E+11  1.000E-30  2.162E+01
     386      1     71      1     70      1      53     1.8245E+01  8.254E+07  6.890E-02  1.284E+01
     388      1     72      1     71      1      53     7.1086E+01  1.559E+10  2.602E-02  3.418E+01
     390      1     73      1     72      1      53     1.1156E+02  5.780E+10  5.261E-02  1.009E+01
     392      1     74      1     71      1      53     8.8734E+02  6.525E+13  1.000E-30  4.813E+01
     393      1     75      1     70      1      53     9.0769E+02  3.976E+13  1.246E-01  2.967E+01
     395      1     75      1     72      1      53     8.1835E+02  1.363E+13  1.000E-30  1.678E+01
     396      1     75      1     74      1      53     2.1014E+00  1.427E+05  2.552E-01  4.786E+00
     398      1     76      1     71      1      53     9.4411E+02  1.139E+14  7.274E-02  4.057E+01
     400      1     76      1     73      1      53     7.6146E+02  2.409E+12  1.000E-30  3.212E+00
     402      1     76      1     75      1      53     5.4666E+01  1.351E+10  7.998E-02  2.275E+01
     404      1     77      1     72      1      53     9.7713E+02  2.075E+14  2.533E-01  1.393E+01
     407      1     77      1     76      1      53     1.0411E+02  1.166E+11  3.365E-01  5.236E+00
     409      1     78      1     73      1      53     1.0763E+03  3.646E+14  7.272E-01  6.450E+00
     411      1     78      1     77      1      53     2.1071E+02  7.449E+11  5.137E-01  2.154E+00
     412      1     79      1     70      1      53     1.3871E+03  4.181E+13  5.561E-02  1.802E+01
     414      1     79      1     72      1      53     1.2978E+03  1.128E+13  1.000E-30  9.426E+00
     415      1     79      1     74      1      53     4.8154E+02  5.738E+12  2.338E-01  1.711E+01
     417      1     79      1     76      1      53     4.2478E+02  3.067E+12  1.000E-30  1.032E+01
     420      1     80      1     71      1      53     1.3753E+03  5.325E+13  1.000E-30  4.814E+01
     422      1     80      1     75      1      53     4.8588E+02  1.511E+13  1.000E-30  2.974E+01
     424      1     80      1     79      1      53     6.4349E+00  1.950E+07  1.000E-30  1.658E+01
     426      1     81      1     71      1      53     1.4208E+03  1.046E+14  1.685E-02  4.379E+01
     428      1     81      1     73      1      53     1.2382E+03  1.938E+12  1.000E-30  4.421E+00
     430      1     81      1     75      1      53     5.3137E+02  2.002E+13  1.217E-01  2.532E+01
     432      1     81      1     77      1      53     3.7259E+02  6.516E+11  1.000E-30  1.983E+00
     434      1     81      1     79      1      53     5.1923E+01  1.944E+10  2.889E-01  1.312E+01
     438      1     82      1     76      1      53     5.7966E+02  3.598E+13  5.208E-01  6.932E+00
     440      1     82      1     78      1      53     2.6484E+02  4.675E+10  1.000E-30  8.125E-01
     442      1     82      1     81      1      53     1.0296E+02  1.460E+11  1.365E+00  3.093E+00
     443      1     83      1     74      1      53     7.7070E+02  7.483E+12  9.882E-02  1.116E+01
     445      1     83      1     76      1      53     7.1393E+02  3.155E+12  1.000E-30  5.602E+00
     447      1     83      1     80      1      53     2.8272E+02  1.084E+12  3.963E-01  1.082E+01
     448      1     83      1     81      1      53     2.3723E+02  7.145E+11  1.000E-30  6.838E+00
     451      1     84      1     75      1      53     7.7945E+02  1.369E+13  1.000E-30  2.975E+01
     452      1     84      1     79      1      53     3.0001E+02  4.698E+12  1.000E-30  1.723E+01
     455      1     84      1     83      1      53     1.0851E+01  1.370E+08  1.000E-30  1.140E+01
     457      1     85      1     75      1      53     8.2063E+02  2.129E+13  2.942E-02  2.693E+01
     459      1     85      1     77      1      53     6.6185E+02  7.633E+11  1.000E-30  1.980E+00
     460      1     85      1     79      1      53     3.4119E+02  5.182E+12  2.337E-01  1.447E+01
     463      1     85      1     82      1      53     1.8630E+02  1.185E+11  1.000E-30  1.403E+00
     464      1     85      1     83      1      53     5.2031E+01  2.503E+10  8.737E-01  8.329E+00
     467      1     86      1     77      1      53     6.7729E+02  6.229E+13  1.478E+00  3.212E+00
     470      1     86      1     82      1      53     2.0174E+02  8.075E+11  2.513E+00  1.302E+00
     473      1     87      1     78      1      53     5.1236E+02  2.328E+13  2.274E+00  1.848E+00
     475      1     87      1     86      1      53     4.5782E+01  3.644E+09  6.657E-01  6.820E-01
     477      1     88      1     76      1      53     8.6948E+02  3.906E+13  1.017E-01  7.901E+00
     479      1     88      1     78      1      53     5.5466E+02  8.925E+10  1.000E-30  1.384E+00
     481      1     88      1     81      1      53     3.9278E+02  9.161E+12  9.905E-01  3.998E+00
     484      1     88      1     85      1      53     1.0351E+02  1.439E+11  4.125E+00  2.069E+00
     485      1     88      1     86      1      53     8.8076E+01  3.712E+09  1.000E-30  5.683E-01
     487      1     89      1     74      1      53     9.5869E+02  6.733E+12  6.167E-02  7.980E+00
     488      1     89      1     76      1      53     9.0192E+02  2.524E+12  1.000E-30  5.009E+00
     490      1     89      1     80      1      53     4.7071E+02  1.727E+12  1.591E-01  7.506E+00
     491      1     89      1     81      1      53     4.2522E+02  9.399E+11  1.000E-30  3.964E+00
     494      1     89      1     84      1      53     1.7714E+02  2.424E+11  6.138E-01  7.387E+00
     495      1     89      1     85      1      53     1.3596E+02  1.572E+11  1.000E-30  4.829E+00
     497      1     90      1     75      1      53     9.7022E+02  1.074E+13  1.000E-30  2.983E+01
     498      1     90      1     79      1      53     4.9078E+02  4.476E+12  1.000E-30  1.731E+01
     501      1     90      1     83      1      53     2.0163E+02  1.814E+12  1.000E-30  1.098E+01
     504      1     90      1     89      1      53     1.3639E+01  2.340E+08  1.000E-30  4.168E+00
     505      1     91      1     75      1      53     1.0099E+03  1.760E+13  1.227E-02  2.791E+01
     506      1     91      1     77      1      53     8.5110E+02  6.147E+11  1.000E-30  2.828E+00
     507      1     91      1     79      1      53     5.3043E+02  6.047E+12  5.572E-02  1.545E+01
     510      1     91      1     82      1      53     3.7555E+02  2.321E+11  1.000E-30  1.155E+00
     511      1     91      1     83      1      53     2.4127E+02  1.780E+12  4.207E-01  9.119E+00
     515      1     91      1     88      1      53     8.5729E+01  1.215E+10  1.000E-30  1.139E+00
     516      1     91      1     89      1      53     5.3287E+01  2.710E+10  2.284E+00  5.719E+00
     518      1     92      1     74      1      53     1.0879E+03  5.584E+12  4.299E-02  6.323E+00
     519      1     92      1     76      1      53     1.0312E+03  1.940E+12  1.000E-30  5.895E+00
     520      1     92      1     80      1      53     5.9995E+02  1.731E+12  9.549E-02  5.617E+00
     521      1     92      1     81      1      53     5.5446E+02  8.420E+11  1.000E-30  3.094E+00
     523      1     92      1     84      1      53     3.0638E+02  4.727E+11  2.343E-01  5.435E+00
     524      1     92      1     85      1      53     2.6520E+02  2.863E+11  1.000E-30  3.088E+00
     527      1     92      1     90      1      53     1.1560E+02  5.944E+10  8.639E-01  5.404E+00
     528      1     92      1     91      1      53     7.5952E+01  2.803E+10  1.000E-30  3.684E+00
     529      1     93      1     75      1      53     1.1014E+03  8.255E+12  1.000E-30  2.994E+01
     530      1     93      1     79      1      53     6.2192E+02  3.724E+12  1.000E-30  1.742E+01
     531      1     93      1     83      1      53     3.3276E+02  1.758E+12  1.000E-30  1.109E+01
     534      1     93      1     89      1      53     1.4478E+02  8.347E+11  1.000E-30  7.611E+00
     537      1     93      1     92      1      53     1.5538E+01  9.791E+08  1.000E-30  5.734E+00
     538      1     94      1     76      1      53     1.0597E+03  3.096E+13  3.804E-02  8.497E+00
     539      1     94      1     78      1      53     7.4491E+02  7.773E+10  1.000E-30  1.948E+00
     541      1     94      1     81      1      53     5.8303E+02  1.184E+13  1.945E-01  4.568E+00
     544      1     94      1     85      1      53     2.9377E+02  3.184E+12  1.747E+00  2.614E+00
     545      1     94      1     86      1      53     2.7833E+02  2.624E+10  1.000E-30  8.048E-01
     549      1     94      1     91      1      53     1.0453E+02  1.829E+11  9.793E+00  1.576E+00
     552      1     95      1     77      1      53     9.6122E+02  6.638E+13  2.122E-01  3.824E+00
     555      1     95      1     82      1      53     4.8567E+02  1.685E+13  2.770E+00  1.882E+00
     558      1     95      1     87      1      53     2.3815E+02  3.992E+10  1.000E-30  3.668E-01
     559      1     95      1     88      1      53     1.9586E+02  8.750E+11  7.392E+00  9.432E-01
     561      1     95      1     94      1      53     5.5996E+00  8.753E+05  8.139E-02  5.344E-01
     562      1     96      1     75      1      53     1.1409E+03  1.393E+13  6.480E-03  2.860E+01
     563      1     96      1     77      1      53     9.8211E+02  4.717E+11  1.000E-30  3.502E+00
     564      1     96      1     79      1      53     6.6145E+02  5.336E+12  2.321E-02  1.608E+01
     565      1     96      1     82      1      53     5.0657E+02  2.274E+11  1.000E-30  1.618E+00
     566      1     96      1     83      1      53     3.7229E+02  2.195E+12  9.725E-02  9.742E+00
     569      1     96      1     88      1      53     2.1675E+02  5.933E+10  1.000E-30  9.206E-01
     570      1     96      1     89      1      53     1.8430E+02  7.614E+11  7.076E-01  6.296E+00
     573      1     96      1     92      1      53     5.5065E+01  2.937E+10  5.174E+00  4.284E+00
     575      1     96      1     94      1      53     2.6491E+01  2.131E+08  1.000E-30  1.062E+00
     578      1     97      1     78      1      53     7.9354E+02  2.871E+13  2.125E-01  2.280E+00
     580      1     97      1     86      1      53     3.2696E+02  4.151E+12  3.599E+00  1.092E+00
     584      1     97      1     95      1      53     4.3029E+01  4.646E+09  2.339E+00  5.321E-01
     585      1     98      1     74      1      53     1.1808E+03  4.526E+12  3.058E-02  5.501E+00
     586      1     98      1     76      1      53     1.1240E+03  1.494E+12  1.000E-30  6.881E+00
     587      1     98      1     80      1      53     6.9278E+02  1.544E+12  6.494E-02  4.559E+00
     588      1     98      1     81      1      53     6.4729E+02  6.978E+11  1.000E-30  3.368E+00
     589      1     98      1     84      1      53     3.9921E+02  5.265E+11  1.346E-01  4.287E+00
     590      1     98      1     85      1      53     3.5803E+02  2.923E+11  1.000E-30  2.376E+00
     592      1     98      1     90      1      53     2.0843E+02  1.464E+11  3.168E-01  4.243E+00
     593      1     98      1     91      1      53     1.6878E+02  8.510E+10  1.000E-30  2.619E+00
     595      1     98      1     93      1      53     7.7294E+01  1.573E+10  1.107E+00  4.275E+00
     597      1     98      1     96      1      53     3.7767E+01  2.891E+09  1.000E-30  3.060E+00
     598      1     99      1     75      1      53     1.1956E+03  6.384E+12  1.000E-30  3.009E+01
     599      1     99      1     79      1      53     7.1611E+02  2.988E+12  1.000E-30  1.757E+01
     600      1     99      1     83      1      53     4.2696E+02  1.504E+12  1.000E-30  1.123E+01
     601      1     99      1     89      1      53     2.3897E+02  7.961E+11  1.000E-30  7.757E+00
     604      1     99      1     92      1      53     1.0973E+02  4.462E+11  1.000E-30  5.687E+00
     607      1     99      1     98      1      53     1.6897E+01  2.592E+09  1.000E-30  4.641E+00
     608      1    100      1     75      1      53     1.2357E+03  1.097E+13  3.878E-03  2.913E+01
     609      1    100      1     77      1      53     1.0769E+03  3.616E+11  1.000E-30  4.025E+00
     610      1    100      1     79      1      53     7.5626E+02  4.436E+12  1.217E-02  1.661E+01
     611      1    100      1     82      1      53     6.0138E+02  1.948E+11  1.000E-30  2.096E+00
     612      1    100      1     83      1      53     4.6710E+02  2.030E+12  3.970E-02  1.027E+01
     613      1    100      1     88      1      53     3.1156E+02  7.457E+10  1.000E-30  1.202E+00
     614      1    100      1     89      1      53     2.7912E+02  9.759E+11  1.555E-01  6.775E+00
     617      1    100      1     92      1      53     1.4988E+02  3.858E+11  1.115E+00  4.737E+00
     619      1    100      1     94      1      53     1.2130E+02  1.151E+10  1.000E-30  9.390E-01
     621      1    100      1     98      1      53     5.7044E+01  4.265E+10  1.005E+01  3.524E+00
     623      1    101      1     76      1      53     1.1918E+03  2.354E+13  1.881E-02  8.861E+00
     624      1    101      1     78      1      53     8.7698E+02  6.065E+10  1.000E-30  2.363E+00
     625      1    101      1     81      1      53     7.1510E+02  1.030E+13  7.269E-02  4.977E+00
     627      1    101      1     85      1      53     4.2583E+02  4.614E+12  3.314E-01  3.016E+00
     628      1    101      1     86      1      53     4.1039E+02  3.384E+10  1.000E-30  1.182E+00
     631      1    101      1     91      1      53     2.3659E+02  1.535E+12  2.753E+00  1.959E+00
     634      1    101      1     95      1      53     1.2646E+02  4.014E+09  1.000E-30  6.551E-01
     635      1    101      1     96      1      53     1.0557E+02  3.310E+11  1.813E+01  1.395E+00
     638      1    101      1    100      1      53     1.0760E+01  8.254E+06  6.951E-02  1.120E+00
     639      1    102      1     77      1      53     1.1469E+03  4.698E+13  6.791E-02  4.217E+00
     641      1    102      1     82      1      53     6.7131E+02  2.276E+13  4.267E-01  2.268E+00
     644      1    102      1     87      1      53     4.2378E+02  3.479E+10  1.000E-30  6.510E-01
     645      1    102      1     88      1      53     3.8149E+02  7.184E+12  4.488E+00  1.311E+00
     647      1    102      1     94      1      53     1.9123E+02  1.827E+12  1.509E+01  8.186E-01
     650      1    102      1     97      1      53     1.4260E+02  2.131E+10  1.000E-30  3.669E-01
     652      1    102      1    101      1      53     5.9168E+01  1.258E+09  7.955E-02  6.190E-01
     653      1    103      1     76      1      53     1.2875E+03  1.805E+13  1.062E-02  9.260E+00
     654      1    103      1     78      1      53     9.7272E+02  4.653E+10  1.000E-30  2.705E+00
     655      1    103      1     81      1      53     8.1083E+02  8.358E+12  3.531E-02  5.319E+00
     656      1    103      1     85      1      53     5.2157E+02  4.290E+12  1.208E-01  3.352E+00
     657      1    103      1     86      1      53     5.0613E+02  3.199E+10  1.000E-30  1.517E+00
     659      1    103      1     91      1      53     3.3233E+02  2.241E+12  4.913E-01  2.295E+00
     662      1    103      1     95      1      53     2.2220E+02  8.722E+09  1.000E-30  9.551E-01
     663      1    103      1     96      1      53     2.0131E+02  1.515E+12  3.731E+00  1.711E+00
     665      1    103      1    100      1      53     1.0650E+02  5.549E+11  2.673E+01  1.419E+00
     667      1    103      1    102      1      53     3.6571E+01  1.260E+08  1.000E-30  7.142E-01
     668      1    104      1     78      1      53     9.7661E+02  1.868E+13  5.473E-02  2.565E+00
     670      1    104      1     86      1      53     5.1003E+02  8.376E+12  4.791E-01  1.371E+00
     674      1    104      1     95      1      53     2.2610E+02  1.392E+12  4.765E+00  8.018E-01
     677      1    104      1    102      1      53     4.0464E+01  7.685E+09  4.488E+00  5.237E-01
     679      1    105      1     77      1      53     1.2750E+03  3.254E+13  3.005E-02  4.507E+00
     680      1    105      1     82      1      53     7.9944E+02  1.858E+13  1.405E-01  2.559E+00
     682      1    105      1     87      1      53     5.5191E+02  2.445E+10  1.000E-30  9.348E-01
     683      1    105      1     88      1      53     5.0962E+02  9.699E+12  7.104E-01  1.595E+00
     685      1    105      1     94      1      53     3.1936E+02  5.657E+12  5.937E+00  1.093E+00
     688      1    105      1     97      1      53     2.7073E+02  2.617E+10  1.000E-30  5.611E-01
     690      1    105      1    101      1      53     1.8730E+02  2.345E+12  2.248E+01  8.548E-01
     692      1    105      1    103      1      53     9.1560E+01  2.129E+09  2.532E-02  7.910E-01
     693      1    105      1    104      1      53     8.7667E+01  8.112E+09  1.000E-30  4.670E-01
     694      1    106      1     78      1      53     1.1024E+03  1.206E+13  2.114E-02  2.791E+00
     695      1    106      1     86      1      53     6.3583E+02  7.483E+12  1.388E-01  1.597E+00
     698      1    106      1     95      1      53     3.5190E+02  2.681E+12  7.087E-01  1.027E+00
     701      1    106      1    102      1      53     1.6626E+02  8.057E+11  5.038E+00  7.396E-01
     704      1    106      1    105      1      53     3.8133E+01  9.771E+09  5.843E+00  6.252E-01
     705      1    107      1     77      1      53     1.3672E+03  2.321E+13  1.563E-02  4.769E+00
     706      1    107      1     82      1      53     8.9170E+02  1.401E+13  6.142E-02  2.820E+00
     707      1    107      1     87      1      53     6.4417E+02  1.728E+10  1.000E-30  1.195E+00
     708      1    107      1     88      1      53     6.0188E+02  8.717E+12  2.245E-01  1.856E+00
     710      1    107      1     94      1      53     4.1162E+02  6.418E+12  9.362E-01  1.354E+00
     712      1    107      1     97      1      53     3.6299E+02  2.136E+10  1.000E-30  8.118E-01
     714      1    107      1    101      1      53     2.7956E+02  5.245E+12  6.364E+00  1.105E+00
     716      1    107      1    103      1      53     1.8382E+02  3.159E+12  2.628E+01  1.023E+00
     717      1    107      1    104      1      53     1.7993E+02  1.427E+10  1.000E-30  6.415E-01
     719      1    107      1    106      1      53     5.4126E+01  2.537E+09  1.000E-30  6.558E-01
     720      1    108      1     78      1      53     1.1926E+03  8.165E+12  1.006E-02  3.000E+00
     721      1    108      1     86      1      53     7.2599E+02  5.766E+12  5.512E-02  1.813E+00
     723      1    108      1     95      1      53     4.4206E+02  2.867E+12  2.089E-01  1.237E+00
     725      1    108      1    102      1      53     2.5642E+02  1.289E+12  7.716E-01  9.515E-01
     728      1    108      1    105      1      53     1.2829E+02  4.203E+11  4.237E+00  8.333E-01
     730      1    108      1    107      1      53     3.6034E+01  1.248E+10  6.285E+00  8.312E-01
     731      1    110      1    109      1      53     1.0325E+02  3.706E+10  1.000E-30  3.596E+02
     732      1    111      1    109      1      53     6.2828E+02  9.385E+12  6.967E-04  4.026E+02
     733      1    114      1    113      1      54     7.1415E+00  1.131E+05  1.000E-30  1.730E-03
     735      1    115      1    114      1      54     4.2027E+02  1.007E+11  8.251E+00  4.571E-02
     736      1    117      1    116      1      54     8.2284E+01  7.475E+08  6.015E+01  1.424E-02
     737      1    118      1    117      1      54     6.5579E+01  2.648E+09  1.877E-03  9.900E+01
     739      1    120      1    119      1      54     2.7707E+01  4.140E+07  3.649E+01  2.114E-02
     740      1    121      1    120      1      54     3.4184E+01  8.220E+08  1.171E-02  3.529E+01
     743      1    122      1    121      1      54     1.1729E+01  7.251E+06  5.337E-03  1.006E+01
     745      1    124      1    119      1      54     9.4819E+02  4.755E+13  1.234E-01  3.139E+01
     746      1    124      1    121      1      54     8.8629E+02  1.776E+13  1.000E-30  1.773E+01
     747      1    123      1    120      1      54     9.0352E+02  6.483E+13  1.000E-30  5.154E+01
     749      1    124      1    123      1      54     1.6956E+01  2.036E+07  1.860E+01  5.737E-02
     750      1    125      1    120      1      54     9.3511E+02  1.076E+14  6.605E-02  4.305E+01
     753      1    125      1    122      1      54     8.8920E+02  4.328E+12  1.000E-30  3.464E+00
     754      1    125      1    124      1      54     1.4632E+01  7.449E+07  2.166E-02  2.237E+01
     757      1    126      1    121      1      54     9.0719E+02  1.548E+14  2.098E-01  1.503E+01
     759      1    126      1    125      1      54     6.2624E+00  2.057E+06  1.960E-02  5.210E+00
     761      1    127      1    122      1      54     9.0472E+02  1.971E+14  5.486E-01  6.902E+00
     763      1    127      1    126      1      54     9.2648E+00  2.487E+06  1.306E-02  2.066E+00
     765      1    129      1    121      1      54     1.3816E+03  1.377E+13  1.000E-30  1.006E+01
     767      1    129      1    123      1      54     5.1224E+02  7.376E+12  2.353E-01  1.819E+01
     768      1    129      1    125      1      54     4.8065E+02  4.772E+12  1.000E-30  1.089E+01
     770      1    128      1    120      1      54     1.4063E+03  5.432E+13  1.000E-30  5.146E+01
     772      1    128      1    124      1      54     4.8585E+02  1.393E+13  1.000E-30  3.185E+01
     775      1    129      1    128      1      54     9.4325E+00  5.145E+06  1.193E+01  1.038E-01
     777      1    130      1    120      1      54     1.4246E+03  5.904E+13  1.276E-01  3.723E+00
     779      1    130      1    122      1      54     1.3787E+03  2.881E+12  1.000E-30  4.755E+00
     780      1    130      1    124      1      54     5.0408E+02  1.607E+13  1.057E-01  2.694E+01
     783      1    130      1    126      1      54     4.8319E+02  1.777E+12  1.000E-30  2.131E+00
     785      1    130      1    129      1      54     8.7978E+00  2.058E+07  4.896E-02  1.305E+01
     788      1    131      1    121      1      54     1.3942E+03  1.440E+14  3.917E-02  1.698E+01
     790      1    131      1    125      1      54     4.9329E+02  1.991E+13  3.972E-01  7.470E+00
     791      1    131      1    127      1      54     4.7777E+02  4.779E+11  1.000E-30  8.714E-01
     793      1    131      1    130      1      54     3.8408E+00  6.774E+05  4.915E-02  3.086E+00
     795      1    132      1    122      1      54     1.3904E+03  1.485E+14  6.268E-02  8.128E+00
     797      1    132      1    126      1      54     4.9497E+02  2.173E+13  9.733E-01  3.422E+00
     799      1    132      1    131      1      54     7.9348E+00  2.788E+06  3.964E-02  1.255E+00
     800      1    133      1    127      1      54     4.8686E+02  2.011E+13  1.960E+00  1.957E+00
     801      1    133      1    132      1      54     1.1594E+00  2.557E+03  1.689E-02  6.539E-01
     802      1    134      1    124      1      54     7.8763E+02  1.329E+13  1.000E-30  3.182E+01
     804      1    134      1    129      1      54     2.9235E+02  3.910E+12  1.000E-30  1.848E+01
     808      1    135      1    123      1      54     8.1021E+02  9.087E+12  9.935E-02  1.161E+01
     809      1    135      1    125      1      54     7.7862E+02  4.261E+12  1.000E-30  1.015E+01
     811      1    135      1    128      1      54     3.0740E+02  1.512E+12  4.072E-01  1.152E+01
     812      1    135      1    130      1      54     2.8917E+02  1.497E+12  1.000E-30  5.919E+00
     814      1    135      1    134      1      54     5.6221E+00  3.636E+06  7.007E-01  3.215E+00
     815      1    136      1    124      1      54     7.9909E+02  1.864E+13  2.343E-02  3.180E+01
     818      1    136      1    126      1      54     7.7820E+02  1.408E+12  1.000E-30  5.103E+00
     819      1    136      1    129      1      54     3.0380E+02  3.423E+12  1.592E-01  1.845E+01
     822      1    136      1    131      1      54     2.9116E+02  6.817E+11  1.000E-30  3.007E+00
     825      1    136      1    135      1      54     5.8334E+00  7.114E+06  9.587E-02  8.382E+00
     827      1    137      1    125      1      54     7.8707E+02  2.628E+13  6.903E-02  1.014E+01
     828      1    137      1    127      1      54     7.7154E+02  3.223E+11  1.000E-30  3.122E+00
     830      1    137      1    130      1      54     2.9761E+02  4.008E+12  4.900E-01  5.925E+00
     831      1    137      1    132      1      54     2.8584E+02  2.689E+11  1.000E-30  1.852E+00
     833      1    137      1    136      1      54     2.6080E+00  2.645E+05  9.789E-02  2.042E+00
     835      1    138      1    126      1      54     7.8806E+02  3.168E+13  1.261E-01  5.092E+00
     837      1    138      1    131      1      54     3.0103E+02  4.438E+12  1.046E+00  2.995E+00
     838      1    138      1    133      1      54     2.9194E+02  8.702E+10  1.000E-30  1.266E+00
     840      1    138      1    137      1      54     7.2571E+00  2.862E+06  7.881E-02  8.889E-01
     841      1    139      1    127      1      54     7.7953E+02  2.751E+13  1.476E-01  3.106E+00
     842      1    139      1    132      1      54     2.9383E+02  4.086E+12  1.845E+00  1.836E+00
     843      1    139      1    138      1      54     7.3047E-01  1.157E+03  4.073E-02  4.997E-01
     844      1    140      1    133      1      54     2.9317E+02  3.984E+12  3.103E+00  1.243E+00
     845      1    140      1    139      1      54     5.0455E-01  1.506E+02  1.942E-02  3.214E-01
     846      1    141      1    124      1      54     9.8280E+02  1.059E+13  1.000E-30  3.187E+01
     847      1    141      1    129      1      54     4.8751E+02  4.076E+12  1.000E-30  1.850E+01
     851      1    141      1    135      1      54     1.8954E+02  1.307E+12  1.000E-30  1.174E+01
     853      1    142      1    123      1      54     1.0032E+03  7.953E+12  6.431E-02  7.915E+00
     854      1    142      1    125      1      54     9.7165E+02  3.236E+12  1.000E-30  1.023E+01
     856      1    142      1    128      1      54     5.0043E+02  2.190E+12  1.600E-01  7.886E+00
     857      1    142      1    130      1      54     4.8220E+02  1.474E+12  1.000E-30  6.010E+00
     859      1    142      1    134      1      54     1.9865E+02  3.754E+11  6.534E-01  7.830E+00
     861      1    142      1    136      1      54     1.8719E+02  5.362E+11  1.000E-30  5.101E+00
     863      1    142      1    141      1      54     3.4847E+00  7.459E+05  1.125E+00  2.202E+00
     864      1    143      1    124      1      54     9.9046E+02  1.580E+13  1.020E-02  3.186E+01
     865      1    143      1    126      1      54     9.6956E+02  1.001E+12  1.000E-30  5.185E+00
     866      1    143      1    129      1      54     4.9517E+02  4.530E+12  4.212E-02  1.849E+01
     869      1    143      1    131      1      54     4.8253E+02  6.111E+11  1.000E-30  3.090E+00
     872      1    143      1    135      1      54     1.9720E+02  8.421E+11  3.161E-01  9.682E+00
     874      1    143      1    137      1      54     1.8876E+02  2.758E+11  1.000E-30  1.208E+00
     877      1    143      1    142      1      54     4.1712E+00  2.859E+06  1.657E-01  5.753E+00
     878      1    144      1    125      1      54     9.7774E+02  2.190E+13  2.809E-02  1.023E+01
     879      1    144      1    127      1      54     9.6221E+02  2.088E+11  1.000E-30  3.203E+00
     881      1    144      1    130      1      54     4.8829E+02  6.088E+12  1.198E-01  6.001E+00
     882      1    144      1    132      1      54     4.7651E+02  2.177E+11  1.000E-30  1.933E+00
     884      1    144      1    136      1      54     1.9328E+02  7.809E+11  1.042E+00  2.776E+00
     885      1    144      1    138      1      54     1.8342E+02  1.259E+11  1.000E-30  5.514E-01
     887      1    144      1    143      1      54     1.9160E+00  1.222E+05  1.618E-01  1.543E+00
     888      1    145      1    126      1      54     9.7835E+02  2.461E+13  4.548E-02  5.168E+00
     890      1    145      1    131      1      54     4.9132E+02  7.469E+12  2.234E-01  3.072E+00
     891      1    145      1    133      1      54     4.8223E+02  5.631E+10  1.000E-30  1.343E+00
     893      1    145      1    137      1      54     1.9755E+02  7.615E+11  2.260E+00  1.344E+00
     894      1    145      1    139      1      54     1.8956E+02  6.426E+10  1.000E-30  3.605E-01
     896      1    145      1    144      1      54     6.8766E+00  2.975E+06  1.143E-01  7.624E-01
     897      1    146      1    127      1      54     9.6958E+02  1.776E+13  4.232E-02  3.178E+00
     898      1    146      1    132      1      54     4.8388E+02  7.422E+12  3.137E-01  1.908E+00
     899      1    146      1    138      1      54     1.9078E+02  7.269E+11  3.799E+00  8.209E-01
     900      1    146      1    140      1      54     1.8955E+02  1.970E+10  1.000E-30  2.766E-01
     901      1    146      1    145      1      54     4.8959E-01  4.973E+02  5.597E-02  4.903E-01
     902      1    147      1    133      1      54     4.8306E+02  6.228E+12  3.130E-01  1.311E+00
     903      1    147      1    139      1      54     1.9039E+02  8.495E+11  6.043E+00  5.642E-01
     904      1    147      1    146      1      54     3.3818E-01  8.471E+01  3.062E-02  3.549E-01
     905      1    148      1    140      1      54     1.9013E+02  9.776E+11  9.307E+00  4.106E-01
     906      1    148      1    147      1      54     2.4746E-01  1.338E+01  1.315E-02  2.678E-01
     907      1    149      1    124      1      54     1.1162E+03  8.166E+12  1.000E-30  3.196E+01
     908      1    149      1    129      1      54     6.2092E+02  3.461E+12  1.000E-30  1.859E+01
     910      1    149      1    135      1      54     3.2295E+02  1.456E+12  1.000E-30  1.184E+01
     913      1    149      1    142      1      54     1.2992E+02  4.994E+11  1.000E-30  8.108E+00
     915      1    150      1    123      1      54     1.1354E+03  6.475E+12  4.866E-02  5.741E+00
     916      1    150      1    125      1      54     1.1038E+03  2.432E+12  1.000E-30  1.034E+01
     917      1    150      1    128      1      54     6.3256E+02  2.109E+12  9.791E-02  5.713E+00
     918      1    150      1    130      1      54     6.1433E+02  1.209E+12  1.000E-30  6.118E+00
     919      1    150      1    134      1      54     3.3078E+02  6.350E+11  2.392E-01  5.714E+00
     921      1    150      1    136      1      54     3.1933E+02  5.739E+11  1.000E-30  3.235E+00
     923      1    150      1    141      1      54     1.3562E+02  1.071E+11  9.622E-01  5.738E+00
     925      1    150      1    143      1      54     1.2796E+02  2.144E+11  1.000E-30  3.880E+00
     927      1    150      1    149      1      54     2.2069E+00  1.769E+05  1.565E+00  1.658E+00
     928      1    151      1    124      1      54     1.1216E+03  1.259E+13  5.519E-03  3.194E+01
     929      1    151      1    126      1      54     1.1007E+03  7.196E+11  1.000E-30  5.292E+00
     930      1    151      1    129      1      54     6.2630E+02  4.183E+12  1.844E-02  1.857E+01
     931      1    151      1    131      1      54     6.1366E+02  4.718E+11  1.000E-30  3.196E+00
     933      1    151      1    135      1      54     3.2833E+02  1.320E+12  7.841E-02  1.037E+01
     935      1    151      1    137      1      54     3.1989E+02  2.716E+11  1.000E-30  9.568E-01
     937      1    151      1    142      1      54     1.3530E+02  2.515E+11  4.791E-01  6.660E+00
     939      1    151      1    144      1      54     1.2921E+02  1.196E+11  1.000E-30  1.098E+00
     941      1    151      1    150      1      54     3.1681E+00  1.340E+06  2.611E-01  4.286E+00
     942      1    152      1    125      1      54     1.1084E+03  1.707E+13  1.448E-02  1.033E+01
     943      1    152      1    127      1      54     1.0929E+03  1.410E+11  1.000E-30  3.306E+00
     944      1    152      1    130      1      54     6.1900E+02  5.748E+12  4.964E-02  6.106E+00
     945      1    152      1    132      1      54     6.0722E+02  1.571E+11  1.000E-30  2.037E+00
     947      1    152      1    136      1      54     3.2399E+02  1.634E+12  2.275E-01  3.200E+00
     948      1    152      1    138      1      54     3.1413E+02  1.173E+11  1.000E-30  6.698E-01
     950      1    152      1    143      1      54     1.3263E+02  2.140E+11  1.420E+00  2.057E+00
     951      1    152      1    145      1      54     1.2383E+02  5.778E+10  1.000E-30  6.108E-01
     953      1    152      1    151      1      54     1.4980E+00  6.472E+04  2.104E-01  1.354E+00
     954      1    153      1    126      1      54     1.1088E+03  1.813E+13  2.158E-02  5.268E+00
     955      1    153      1    131      1      54     6.2180E+02  6.968E+12  8.438E-02  3.173E+00
     956      1    153      1    133      1      54     6.1271E+02  3.578E+10  1.000E-30  1.443E+00
     958      1    153      1    137      1      54     3.2803E+02  1.946E+12  4.292E-01  1.643E+00
     959      1    153      1    139      1      54     3.2004E+02  4.938E+10  1.000E-30  5.560E-01
     961      1    153      1    144      1      54     1.3736E+02  2.778E+11  2.691E+00  1.100E+00
     962      1    153      1    146      1      54     1.2999E+02  3.789E+10  1.000E-30  4.512E-01
     963      1    153      1    152      1      54     6.6466E+00  3.355E+06  1.244E-01  7.935E-01
     964      1    154      1    127      1      54     1.0999E+03  1.157E+13  1.741E-02  3.274E+00
     965      1    154      1    132      1      54     6.1421E+02  6.531E+12  1.031E-01  2.004E+00
     966      1    154      1    138      1      54     3.2112E+02  1.910E+12  6.111E-01  1.051E+00
     967      1    154      1    140      1      54     3.1988E+02  1.234E+10  1.000E-30  4.693E-01
     968      1    154      1    145      1      54     1.3082E+02  3.348E+11  3.880E+00  7.381E-01
     969      1    154      1    147      1      54     1.3000E+02  1.749E+10  1.000E-30  3.695E-01
     970      1    154      1    153      1      54     3.4390E-01  2.211E+02  5.455E-02  5.862E-01
     971      1    155      1    133      1      54     6.1329E+02  4.431E+12  7.955E-02  1.402E+00
     972      1    155      1    139      1      54     3.2062E+02  1.863E+12  7.336E-01  7.514E-01
     973      1    155      1    146      1      54     1.3057E+02  3.764E+11  5.375E+00  5.516E-01
     974      1    155      1    148      1      54     1.2999E+02  5.425E+09  1.000E-30  3.114E-01
     975      1    155      1    154      1      54     2.3759E-01  4.197E+01  2.950E-02  4.720E-01
     976      1    156      1    124      1      54     1.2114E+03  6.300E+12  1.000E-30  3.208E+01
     977      1    156      1    129      1      54     7.1613E+02  2.802E+12  1.000E-30  1.872E+01
     978      1    156      1    135      1      54     4.1816E+02  1.300E+12  1.000E-30  1.199E+01
     980      1    156      1    142      1      54     2.2513E+02  5.868E+11  1.000E-30  8.249E+00
     983      1    156      1    150      1      54     9.3002E+01  2.130E+11  1.000E-30  6.034E+00
     985      1    157      1    123      1      54     1.2298E+03  5.182E+12  3.885E-02  4.428E+00
     986      1    157      1    125      1      54     1.1982E+03  1.839E+12  1.000E-30  1.049E+01
     987      1    157      1    128      1      54     7.2695E+02  1.833E+12  6.960E-02  4.399E+00
     988      1    157      1    130      1      54     7.0872E+02  9.564E+11  1.000E-30  6.259E+00
     989      1    157      1    134      1      54     4.2517E+02  6.674E+11  1.382E-01  4.407E+00
     990      1    157      1    136      1      54     4.1371E+02  4.967E+11  1.000E-30  2.479E+00
     991      1    157      1    141      1      54     2.3000E+02  2.134E+11  3.329E-01  4.443E+00
     993      1    157      1    143      1      54     2.2235E+02  2.438E+11  1.000E-30  2.720E+00
     995      1    157      1    149      1      54     9.6594E+01  3.489E+10  1.319E+00  4.510E+00
     997      1    157      1    151      1      54     9.1219E+01  9.333E+10  1.000E-30  3.196E+00
     999      1    157      1    156      1      54     1.3856E+00  5.510E+04  1.743E+00  1.446E+00
    1000      1    158      1    124      1      54     1.2153E+03  9.919E+12  3.352E-03  3.208E+01
    1001      1    158      1    126      1      54     1.1944E+03  5.284E+11  1.000E-30  5.432E+00
    1002      1    158      1    129      1      54     7.2004E+02  3.537E+12  9.965E-03  1.871E+01
    1003      1    158      1    131      1      54     7.0740E+02  3.593E+11  1.000E-30  3.336E+00
    1004      1    158      1    135      1      54     4.2207E+02  1.322E+12  3.283E-02  1.089E+01
    1005      1    158      1    137      1      54     4.1363E+02  2.239E+11  1.000E-30  1.243E+00
    1007      1    158      1    142      1      54     2.2904E+02  4.487E+11  1.179E-01  7.153E+00
    1009      1    158      1    144      1      54     2.2296E+02  1.270E+11  1.000E-30  9.547E-01
    1011      1    158      1    150      1      54     9.6914E+01  8.537E+10  6.704E-01  4.976E+00
    1012      1    158      1    152      1      54     9.2248E+01  5.530E+10  1.000E-30  1.144E+00
    1014      1    158      1    157      1      54     2.5273E+00  7.211E+05  3.698E-01  3.496E+00
    1015      1    159      1    125      1      54     1.2019E+03  1.321E+13  8.449E-03  1.047E+01
    1016      1    159      1    127      1      54     1.1864E+03  9.929E+10  1.000E-30  3.445E+00
    1017      1    159      1    130      1      54     7.1248E+02  4.856E+12  2.556E-02  6.243E+00
    1018      1    159      1    132      1      54     7.0070E+02  1.136E+11  1.000E-30  2.174E+00
    1019      1    159      1    136      1      54     4.1747E+02  1.758E+12  8.806E-02  3.542E+00
    1020      1    159      1    138      1      54     4.0761E+02  9.208E+10  1.000E-30  9.755E-01
    1022      1    159      1    143      1      54     2.2610E+02  5.308E+11  3.095E-01  2.393E+00
    1023      1    159      1    145      1      54     2.1731E+02  6.077E+10  1.000E-30  7.102E-01
    1025      1    159      1    151      1      54     9.4977E+01  8.286E+10  1.656E+00  1.760E+00
    1026      1    159      1    153      1      54     8.6832E+01  2.685E+10  1.000E-30  7.659E-01
    1028      1    159      1    158      1      54     1.2307E+00  4.347E+04  2.248E-01  1.370E+00
    1029      1    160      1    126      1      54     1.2022E+03  1.345E+13  1.178E-02  5.401E+00
    1030      1    160      1    131      1      54     7.1513E+02  5.735E+12  4.059E-02  3.306E+00
    1031      1    160      1    133      1      54     7.0604E+02  2.403E+10  1.000E-30  1.576E+00
    1032      1    160      1    137      1      54     4.2136E+02  2.181E+12  1.490E-01  1.904E+00
    1033      1    160      1    139      1      54     4.1337E+02  3.468E+10  1.000E-30  8.075E-01
    1035      1    160      1    144      1      54     2.3069E+02  6.569E+11  5.150E-01  1.354E+00
    1036      1    160      1    146      1      54     2.2332E+02  3.268E+10  1.000E-30  6.200E-01
    1037      1    160      1    152      1      54     9.9979E+01  1.406E+11  2.608E+00  1.080E+00
    1038      1    160      1    154      1      54     9.2988E+01  2.129E+10  1.000E-30  6.275E-01
    1039      1    160      1    159      1      54     6.4994E+00  3.696E+06  1.094E-01  9.509E-01
    1040      1    161      1    127      1      54     1.1932E+03  7.901E+12  8.619E-03  3.402E+00
    1041      1    161      1    132      1      54     7.0745E+02  5.069E+12  4.425E-02  2.132E+00
    1042      1    161      1    138      1      54     4.1436E+02  2.193E+12  1.882E-01  1.263E+00
    1043      1    161      1    140      1      54     4.1312E+02  7.675E+09  1.000E-30  6.816E-01
    1044      1    161      1    145      1      54     2.2406E+02  7.616E+11  6.581E-01  9.516E-01
    1045      1    161      1    147      1      54     2.2323E+02  1.295E+10  1.000E-30  5.483E-01
    1046      1    161      1    153      1      54     9.3583E+01  1.314E+11  3.078E+00  8.132E-01
    1047      1    161      1    155      1      54     9.3001E+01  1.180E+10  1.000E-30  5.446E-01
    1048      1    161      1    160      1      54     2.5061E-01  1.037E+02  4.477E-02  7.815E-01
    1049      1    162      1    133      1      54     7.0646E+02  2.968E+12  2.871E-02  1.524E+00
    1050      1    162      1    139      1      54     4.1380E+02  2.142E+12  1.848E-01  9.368E-01
    1051      1    162      1    146      1      54     2.2375E+02  8.220E+11  7.625E-01  7.358E-01
    1052      1    162      1    148      1      54     2.2316E+02  3.276E+09  1.000E-30  4.814E-01
    1053      1    162      1    154      1      54     9.3412E+01  1.540E+11  3.743E+00  6.638E-01
    1054      1    162      1    161      1      54     1.7317E-01  2.087E+01  2.414E-02  6.768E-01
