#  File format type:   4
#
#  SPECT3D transition powers file.
#  RUN NAME:  xe_750-1300_4mm
#  Total number of transitions   =     1380
#  Number of written transitions =      624
#  Plasma temperature (eV)       =     1.5000E+02
#  Mass density (g/cm3)          =     2.1803E-01
#  Cell areal density (g/cm2)    =     8.7214E-02
#  Material mass fractions       =     1.0000E+00
#  DCA material number fractions =     1.0000E+00
# -----------------------------------------------------
#
#
#   Trans.  Trans  Upper  Upper  Lower  Lower   Ioniz   Energy     Line Power Line Center Line Width
#   Index   Model  Level  Model  Level  Model   Stage   (eV)       (W/cm2)    Opt. Depth      eV
# --------------------------------------------------------------------------------------------------
       1      1      3      1      2      1      52     1.1982E+02  1.335E+11  6.320E-05  3.642E-02
       2      1      4      1      2      1      52     4.9234E+02  2.293E+12  1.349E+02  6.729E-02
       4      1      6      1      5      1      52     1.0651E+02  3.593E+11  3.159E-01  7.886E+01
       6      1      7      1      6      1      52     6.8034E+01  6.263E+10  4.408E-02  9.479E+01
       7      1      9      1      8      1      52     3.8672E+01  1.302E+10  1.038E+00  2.921E+01
       9      1     10      1      9      1      52     3.4641E+01  1.384E+10  2.849E-01  3.179E+01
      11      1     11      1     10      1      52     9.4480E+00  5.778E+07  1.047E-01  8.888E+00
      13      1     12      1      9      1      52     8.3242E+02  1.097E+15  1.000E-30  4.562E+01
      14      1     13      1      8      1      52     8.9349E+02  2.175E+14  2.572E+00  2.813E+01
      16      1     13      1     10      1      52     8.2018E+02  2.902E+14  1.000E-30  1.628E+01
      17      1     13      1     12      1      52     2.2396E+01  2.149E+09  2.479E+00  1.780E+01
      19      1     14      1      9      1      52     8.6975E+02  6.725E+14  1.454E+00  3.831E+01
      21      1     14      1     11      1      52     8.2566E+02  6.922E+13  1.000E-30  3.655E+00
      23      1     14      1     13      1      52     1.4925E+01  1.102E+09  4.952E-01  2.139E+01
      25      1     15      1     10      1      52     8.3968E+02  5.178E+14  4.631E+00  1.352E+01
      28      1     15      1     14      1      52     4.5752E+00  9.398E+06  2.964E-01  5.414E+00
      30      1     16      1     11      1      52     8.3260E+02  4.484E+14  1.158E+01  6.413E+00
      32      1     16      1     15      1      52     2.3647E+00  4.602E+05  1.320E-01  2.577E+00
      34      1     17      1      9      1      52     1.3019E+03  9.203E+14  1.000E-30  4.623E+01
      36      1     17      1     13      1      52     4.4709E+02  2.332E+14  1.000E-30  2.956E+01
      38      1     18      1      8      1      52     1.3534E+03  3.481E+14  1.117E+00  1.745E+01
      40      1     18      1     10      1      52     1.2800E+03  2.248E+14  1.000E-30  1.010E+01
      41      1     18      1     12      1      52     4.8226E+02  2.572E+13  4.470E+00  1.770E+01
      43      1     18      1     14      1      52     4.4493E+02  7.788E+13  1.000E-30  1.135E+01
      45      1     18      1     17      1      52     1.2770E+01  3.696E+08  4.407E+00  1.202E+01
      47      1     19      1      9      1      52     1.3234E+03  1.163E+15  3.361E-01  4.191E+01
      49      1     19      1     11      1      52     1.2793E+03  4.575E+13  1.000E-30  5.429E+00
      51      1     19      1     13      1      52     4.6860E+02  8.103E+13  2.187E+00  2.524E+01
      53      1     19      1     15      1      52     4.4910E+02  2.844E+13  1.000E-30  3.477E+00
      56      1     19      1     18      1      52     8.7378E+00  2.132E+08  9.591E-01  1.423E+01
      58      1     20      1     10      1      52     1.2912E+03  1.201E+15  8.208E-01  1.578E+01
      61      1     20      1     14      1      52     4.5609E+02  7.021E+13  7.248E+00  8.000E+00
      63      1     20      1     16      1      52     4.4915E+02  8.008E+12  1.000E-30  2.165E+00
      65      1     20      1     19      1      52     2.4178E+00  1.833E+06  4.038E-01  4.855E+00
      67      1     21      1     11      1      52     1.2829E+03  1.010E+15  1.234E+00  7.996E+00
      69      1     21      1     15      1      52     4.5271E+02  9.704E+13  1.480E+01  4.288E+00
      72      1     21      1     20      1      52     1.2002E+00  1.041E+05  1.679E-01  3.038E+00
      75      1     22      1     16      1      52     4.5135E+02  1.428E+14  2.632E+01  2.731E+00
      77      1     22      1     21      1      52     1.0028E+00  2.948E+04  7.758E-02  2.173E+00
      79      1     23      1     13      1      52     7.2854E+02  2.236E+14  1.000E-30  3.067E+01
      81      1     23      1     18      1      52     2.6868E+02  6.550E+13  1.000E-30  1.973E+01
      83      1     24      1     12      1      52     7.5883E+02  5.532E+13  1.642E+00  1.305E+01
      85      1     24      1     14      1      52     7.2151E+02  6.941E+13  1.000E-30  8.091E+00
      86      1     24      1     17      1      52     2.8935E+02  6.496E+12  6.206E+00  1.371E+01
      88      1     24      1     19      1      52     2.6784E+02  2.450E+13  1.000E-30  9.906E+00
      90      1     24      1     23      1      52     7.9016E+00  1.428E+08  5.443E+00  1.074E+01
      92      1     25      1     13      1      52     7.4204E+02  1.862E+14  5.120E-01  2.786E+01
      94      1     25      1     15      1      52     7.2254E+02  2.243E+13  1.000E-30  4.576E+00
      96      1     25      1     18      1      52     2.8218E+02  1.507E+13  3.284E+00  1.699E+01
      98      1     25      1     20      1      52     2.7102E+02  1.098E+13  1.000E-30  4.659E+00
     101      1     25      1     24      1      52     5.5989E+00  7.486E+07  1.326E+00  1.216E+01
     103      1     26      1     14      1      52     7.2843E+02  1.802E+14  1.311E+00  9.937E+00
     105      1     26      1     16      1      52     7.2149E+02  5.272E+12  1.000E-30  3.723E+00
     107      1     26      1     19      1      52     2.7476E+02  2.438E+13  7.493E+00  6.978E+00
     109      1     26      1     21      1      52     2.7114E+02  4.678E+12  1.000E-30  3.541E+00
     112      1     26      1     25      1      52     1.3194E+00  3.733E+05  3.346E-01  6.148E+00
     114      1     27      1     15      1      52     7.2446E+02  2.471E+14  1.945E+00  5.818E+00
     117      1     27      1     20      1      52     2.7295E+02  2.979E+13  1.083E+01  4.652E+00
     119      1     27      1     22      1      52     2.7075E+02  1.382E+12  1.000E-30  2.905E+00
     121      1     27      1     26      1      52     6.0740E-01  1.886E+04  1.261E-01  4.758E+00
     123      1     28      1     16      1      52     7.2273E+02  2.286E+14  1.944E+00  4.014E+00
     125      1     28      1     21      1      52     2.7238E+02  3.660E+13  1.495E+01  3.491E+00
     128      1     28      1     27      1      52     6.3240E-01  1.392E+04  7.014E-02  3.908E+00
     129      1     29      1     13      1      52     9.1039E+02  1.778E+14  1.000E-30  3.240E+01
     131      1     29      1     18      1      52     4.5053E+02  6.809E+13  1.000E-30  2.146E+01
     134      1     29      1     24      1      52     1.7396E+02  2.168E+13  1.000E-30  1.676E+01
     136      1     30      1     12      1      52     9.3797E+02  8.258E+13  7.801E-01  1.159E+01
     137      1     30      1     14      1      52     9.0065E+02  5.276E+13  1.000E-30  9.254E+00
     138      1     30      1     17      1      52     4.6848E+02  1.850E+13  1.797E+00  1.224E+01
     140      1     30      1     19      1      52     4.4698E+02  2.412E+13  1.000E-30  8.973E+00
     142      1     30      1     23      1      52     1.8704E+02  2.691E+12  6.499E+00  1.338E+01
     144      1     30      1     25      1      52     1.7354E+02  8.766E+12  1.000E-30  1.089E+01
     146      1     30      1     29      1      52     5.1810E+00  4.776E+07  4.859E+00  1.230E+01
     147      1     31      1     13      1      52     9.1941E+02  2.020E+14  1.911E-01  3.047E+01
     148      1     31      1     15      1      52     8.9991E+02  1.592E+13  1.000E-30  7.057E+00
     150      1     31      1     18      1      52     4.5956E+02  4.067E+13  7.060E-01  1.959E+01
     152      1     31      1     20      1      52     4.4840E+02  9.785E+12  1.000E-30  6.134E+00
     155      1     31      1     24      1      52     1.8298E+02  6.195E+12  3.592E+00  1.483E+01
     157      1     31      1     26      1      52     1.7606E+02  4.483E+12  1.000E-30  7.155E+00
     160      1     31      1     30      1      52     3.8407E+00  2.884E+07  1.325E+00  1.331E+01
     161      1     32      1     14      1      52     9.0519E+02  2.691E+14  3.860E-01  1.210E+01
     162      1     32      1     16      1      52     8.9825E+02  3.402E+12  1.000E-30  5.886E+00
     164      1     32      1     19      1      52     4.5152E+02  5.798E+13  1.228E+00  9.148E+00
     166      1     32      1     21      1      52     4.4790E+02  3.646E+12  1.000E-30  5.401E+00
     169      1     32      1     25      1      52     1.7808E+02  7.950E+12  5.040E+00  8.440E+00
     171      1     32      1     27      1      52     1.7615E+02  2.302E+12  1.000E-30  6.119E+00
     174      1     32      1     31      1      52     7.0280E-01  6.996E+04  2.342E-01  9.091E+00
     175      1     33      1     15      1      52     9.0089E+02  2.944E+14  4.344E-01  7.747E+00
     177      1     33      1     20      1      52     4.4938E+02  7.228E+13  1.398E+00  6.568E+00
     179      1     33      1     22      1      52     4.4717E+02  8.939E+11  1.000E-30  4.731E+00
     181      1     33      1     26      1      52     1.7704E+02  1.055E+13  5.754E+00  6.724E+00
     183      1     33      1     28      1      52     1.7580E+02  1.025E+12  1.000E-30  5.357E+00
     185      1     33      1     32      1      52     2.7490E-01  2.299E+03  8.892E-02  7.872E+00
     186      1     34      1     16      1      52     8.9895E+02  2.366E+14  2.988E-01  5.732E+00
     188      1     34      1     21      1      52     4.4860E+02  8.251E+13  1.382E+00  5.210E+00
     191      1     34      1     27      1      52     1.7685E+02  1.352E+13  6.627E+00  5.648E+00
     194      1     34      1     33      1      52     4.2420E-01  6.078E+03  5.351E-02  6.936E+00
     195      1     35      1     13      1      52     1.0346E+03  1.372E+14  1.000E-30  3.501E+01
     196      1     35      1     18      1      52     5.7478E+02  5.782E+13  1.000E-30  2.407E+01
     198      1     35      1     24      1      52     2.9820E+02  2.429E+13  1.000E-30  1.931E+01
     201      1     35      1     30      1      52     1.1906E+02  8.292E+12  1.000E-30  1.781E+01
     203      1     36      1     12      1      52     1.0606E+03  8.244E+13  3.538E-01  1.225E+01
     204      1     36      1     14      1      52     1.0233E+03  3.960E+13  1.000E-30  1.260E+01
     205      1     36      1     17      1      52     5.9109E+02  2.400E+13  6.604E-01  1.291E+01
     206      1     36      1     19      1      52     5.6958E+02  1.970E+13  1.000E-30  1.067E+01
     207      1     36      1     23      1      52     3.0964E+02  6.310E+12  1.472E+00  1.404E+01
     209      1     36      1     25      1      52     2.9614E+02  9.377E+12  1.000E-30  1.178E+01
     211      1     36      1     29      1      52     1.2779E+02  1.028E+12  5.200E+00  1.578E+01
     213      1     36      1     31      1      52     1.1877E+02  3.524E+12  1.000E-30  1.406E+01
     215      1     36      1     35      1      52     3.5433E+00  1.917E+07  3.633E+00  1.632E+01
     216      1     37      1     13      1      52     1.0410E+03  1.832E+14  7.236E-02  3.358E+01
     217      1     37      1     15      1      52     1.0215E+03  1.144E+13  1.000E-30  1.017E+01
     218      1     37      1     18      1      52     5.8110E+02  5.317E+13  2.055E-01  2.270E+01
     219      1     37      1     20      1      52     5.6995E+02  7.538E+12  1.000E-30  9.058E+00
     221      1     37      1     24      1      52     3.0452E+02  1.519E+13  6.121E-01  1.794E+01
     223      1     37      1     26      1      52     2.9760E+02  4.375E+12  1.000E-30  9.451E+00
     226      1     37      1     30      1      52     1.2539E+02  2.377E+12  2.652E+00  1.645E+01
     228      1     37      1     32      1      52     1.2084E+02  1.966E+12  1.000E-30  1.122E+01
     231      1     37      1     36      1      52     2.7803E+00  1.381E+07  1.099E+00  1.705E+01
     232      1     38      1     14      1      52     1.0264E+03  2.541E+14  9.318E-02  1.489E+01
     233      1     38      1     16      1      52     1.0194E+03  2.289E+12  1.000E-30  8.701E+00
     234      1     38      1     19      1      52     5.7269E+02  8.063E+13  2.256E-01  1.196E+01
     235      1     38      1     21      1      52     5.6908E+02  2.587E+12  1.000E-30  8.185E+00
     237      1     38      1     25      1      52     2.9925E+02  2.238E+13  5.874E-01  1.125E+01
     239      1     38      1     27      1      52     2.9733E+02  2.023E+12  1.000E-30  8.667E+00
     242      1     38      1     31      1      52     1.2188E+02  3.555E+12  2.418E+00  1.198E+01
     244      1     38      1     33      1      52     1.2090E+02  1.128E+12  1.000E-30  1.019E+01
     247      1     38      1     37      1      52     3.3030E-01  8.886E+03  1.672E-01  1.389E+01
     248      1     39      1     15      1      52     1.0219E+03  2.764E+14  5.467E-02  1.035E+01
     249      1     39      1     20      1      52     5.7035E+02  1.049E+14  1.446E-01  9.173E+00
     250      1     39      1     22      1      52     5.6815E+02  5.678E+11  1.000E-30  7.331E+00
     252      1     39      1     26      1      52     2.9801E+02  3.250E+13  4.082E-01  9.323E+00
     254      1     39      1     28      1      52     2.9677E+02  7.819E+11  1.000E-30  7.874E+00
     256      1     39      1     32      1      52     1.2125E+02  5.173E+12  2.071E+00  1.051E+01
     258      1     39      1     34      1      52     1.2055E+02  6.026E+11  1.000E-30  9.250E+00
     260      1     39      1     38      1      52     7.3900E-02  5.473E+01  6.399E-02  1.263E+01
     261      1     40      1     16      1      52     1.0198E+03  1.879E+14  8.664E-03  8.170E+00
     262      1     40      1     21      1      52     5.6945E+02  1.145E+14  4.331E-02  7.641E+00
     264      1     40      1     27      1      52     2.9770E+02  4.453E+13  2.157E-01  8.080E+00
     267      1     40      1     33      1      52     1.2127E+02  7.387E+12  1.790E+00  9.384E+00
     270      1     40      1     39      1      52     2.9800E-01  2.720E+03  4.005E-02  1.160E+01
     271      1     41      1     13      1      52     1.1233E+03  1.059E+14  1.000E-30  3.866E+01
     272      1     41      1     18      1      52     6.6340E+02  4.691E+13  1.000E-30  2.772E+01
     273      1     41      1     24      1      52     3.8682E+02  2.162E+13  1.000E-30  2.296E+01
     275      1     41      1     30      1      52     2.0768E+02  9.718E+12  1.000E-30  2.146E+01
     278      1     41      1     36      1      52     8.5076E+01  3.498E+12  1.000E-30  2.208E+01
     280      1     42      1     12      1      52     1.1482E+03  7.683E+13  1.212E-01  1.465E+01
     281      1     42      1     14      1      52     1.1108E+03  3.001E+13  1.000E-30  1.704E+01
     282      1     42      1     17      1      52     6.7867E+02  2.641E+13  2.068E-01  1.531E+01
     283      1     42      1     19      1      52     6.5716E+02  1.557E+13  1.000E-30  1.446E+01
     284      1     42      1     23      1      52     3.9722E+02  9.248E+12  3.810E-01  1.644E+01
     285      1     42      1     25      1      52     3.8372E+02  8.111E+12  1.000E-30  1.465E+01
     286      1     42      1     29      1      52     2.1536E+02  2.816E+12  8.505E-01  1.820E+01
     288      1     42      1     31      1      52     2.0634E+02  3.996E+12  1.000E-30  1.659E+01
     290      1     42      1     35      1      52     9.1119E+01  4.945E+11  3.253E+00  2.078E+01
     292      1     42      1     37      1      52     8.4795E+01  1.551E+12  1.000E-30  1.951E+01
     294      1     42      1     41      1      52     2.4992E+00  8.497E+06  2.584E+00  2.293E+01
     295      1     43      1     13      1      52     1.1279E+03  1.586E+14  1.000E-30  3.760E+01
     296      1     43      1     15      1      52     1.1084E+03  8.405E+12  1.000E-30  1.416E+01
     297      1     43      1     18      1      52     6.6800E+02  5.690E+13  1.000E-30  2.666E+01
     298      1     43      1     20      1      52     6.5684E+02  5.719E+12  1.000E-30  1.300E+01
     299      1     43      1     24      1      52     3.9142E+02  2.185E+13  1.000E-30  2.190E+01
     300      1     43      1     26      1      52     3.8450E+02  3.591E+12  1.000E-30  1.321E+01
     302      1     43      1     30      1      52     2.1228E+02  7.807E+12  4.883E-02  2.039E+01
     304      1     43      1     32      1      52     2.0774E+02  2.055E+12  1.000E-30  1.461E+01
     307      1     43      1     36      1      52     8.9678E+01  1.426E+12  8.369E-01  2.102E+01
     309      1     43      1     38      1      52     8.6568E+01  9.218E+11  1.000E-30  1.722E+01
     312      1     43      1     42      1      52     2.1031E+00  7.604E+06  8.451E-01  2.340E+01
     313      1     44      1     15      1      52     1.1084E+03  2.141E+14  1.000E-30  1.393E+01
     314      1     44      1     20      1      52     6.5688E+02  9.326E+13  1.000E-30  1.274E+01
     315      1     44      1     22      1      52     6.5468E+02  3.802E+11  1.000E-30  1.090E+01
     316      1     44      1     26      1      52     3.8454E+02  3.923E+13  1.000E-30  1.290E+01
     317      1     44      1     28      1      52     3.8330E+02  5.512E+11  1.000E-30  1.143E+01
     319      1     44      1     32      1      52     2.0778E+02  1.529E+13  1.000E-30  1.408E+01
     321      1     44      1     34      1      52     2.0708E+02  5.193E+11  1.000E-30  1.274E+01
     323      1     44      1     38      1      52     8.6605E+01  4.481E+12  1.000E-30  1.628E+01
     325      1     44      1     40      1      52     8.6233E+01  3.382E+11  1.000E-30  1.498E+01
     327      1     45      1     14      1      52     1.1130E+03  2.125E+14  1.000E-30  1.865E+01
     328      1     45      1     16      1      52     1.1061E+03  1.603E+12  1.000E-30  1.245E+01
     329      1     45      1     19      1      52     6.5935E+02  7.981E+13  1.000E-30  1.571E+01
     330      1     45      1     21      1      52     6.5574E+02  1.871E+12  1.000E-30  1.193E+01
     331      1     45      1     25      1      52     3.8591E+02  3.116E+13  1.000E-30  1.499E+01
     332      1     45      1     27      1      52     3.8399E+02  1.552E+12  1.000E-30  1.238E+01
     334      1     45      1     31      1      52     2.0854E+02  1.166E+13  1.000E-30  1.572E+01
     336      1     45      1     33      1      52     2.0756E+02  1.088E+12  1.000E-30  1.372E+01
     339      1     45      1     37      1      52     8.6990E+01  3.349E+12  1.000E-30  1.768E+01
     341      1     45      1     39      1      52     8.6586E+01  5.709E+11  1.000E-30  1.612E+01
     344      1     45      1     43      1      52     9.2200E-02  2.278E+02  1.217E-01  2.068E+01
     345      1     45      1     44      1      52     5.4600E-02  3.516E+01  1.000E-30  1.950E+01
     346      1     46      1     16      1      52     1.1062E+03  1.275E+14  1.000E-30  1.157E+01
     347      1     46      1     21      1      52     6.5590E+02  8.605E+13  1.000E-30  1.104E+01
     348      1     46      1     27      1      52     3.8415E+02  4.391E+13  1.000E-30  1.148E+01
     350      1     46      1     33      1      52     2.0772E+02  1.889E+13  1.000E-30  1.278E+01
     353      1     46      1     39      1      52     8.6749E+01  5.922E+12  1.000E-30  1.501E+01
     355      1     46      1     44      1      52     2.1720E-01  1.278E+03  3.015E-02  1.833E+01
     357      1     48      1     47      1      52     3.1750E+02  3.027E+12  2.165E-01  1.840E+02
     358      1     49      1     48      1      52     3.6284E+02  2.086E+13  1.191E-02  2.763E+02
     359      1     51      1     50      1      52     7.7750E-01  4.870E+04  1.013E-01  1.384E+02
     360      1     52      1     51      1      52     6.6689E+02  3.294E+14  1.000E-30  4.204E+02
     361      1     54      1     53      1      52     3.0082E+01  1.972E+10  1.000E-30  1.846E+02
     362      1     55      1     53      1      52     1.0120E+02  2.948E+11  2.874E-01  8.090E+01
     363      1     56      1     54      1      52     1.0442E+02  3.218E+11  3.194E-01  7.437E+01
     364      1     56      1     55      1      52     3.3297E+01  2.656E+10  1.000E-30  1.923E+02
     365      1     57      1     55      1      52     9.2670E+01  2.118E+11  5.084E-02  1.109E+02
     367      1     58      1     56      1      52     9.3608E+01  2.187E+11  5.329E-02  1.064E+02
     368      1     58      1     57      1      52     3.4235E+01  2.883E+10  1.000E-30  1.948E+02
     369      1     61      1     60      1      53     7.7081E+01  1.578E+10  1.122E-05  3.216E-02
     370      1     62      1     60      1      53     8.3045E+01  2.374E+10  1.000E-30  3.265E-02
     373      1     63      1     61      1      53     8.0094E+00  4.115E+04  1.000E-30  2.648E-02
     375      1     64      1     60      1      53     4.6515E+02  2.202E+12  8.584E+01  6.426E-02
     378      1     65      1     60      1      53     5.0090E+02  1.115E+13  1.674E-05  6.717E-02
     380      1     65      1     63      1      53     4.1581E+02  7.138E+11  1.767E+02  6.020E-02
     381      1     67      1     66      1      53     9.2071E+01  1.860E+11  3.607E-01  5.744E+01
     383      1     68      1     67      1      53     2.1266E+02  3.257E+12  6.873E-02  4.007E+01
     385      1     69      1     67      1      53     2.3259E+02  2.756E+12  1.000E-30  2.173E+01
     386      1     71      1     70      1      53     1.8245E+01  6.915E+08  1.329E+00  1.330E+01
     388      1     72      1     71      1      53     7.1086E+01  1.971E+11  5.142E-01  3.460E+01
     390      1     73      1     72      1      53     1.1156E+02  5.527E+11  1.018E+00  1.042E+01
     392      1     74      1     71      1      53     8.8734E+02  1.305E+15  1.000E-30  4.893E+01
     393      1     75      1     70      1      53     9.0769E+02  2.424E+14  2.425E+00  3.047E+01
     395      1     75      1     72      1      53     8.1835E+02  2.727E+14  1.000E-30  1.753E+01
     396      1     75      1     74      1      53     2.1014E+00  7.697E+05  4.067E+00  5.955E+00
     398      1     76      1     71      1      53     9.4411E+02  9.196E+14  1.425E+00  4.130E+01
     400      1     76      1     73      1      53     7.6146E+02  4.819E+13  1.000E-30  3.861E+00
     402      1     76      1     75      1      53     5.4666E+01  1.056E+11  1.524E+00  2.385E+01
     404      1     77      1     72      1      53     9.7713E+02  8.861E+14  4.825E+00  1.454E+01
     407      1     77      1     76      1      53     1.0411E+02  5.276E+11  5.661E+00  6.198E+00
     409      1     78      1     73      1      53     1.0763E+03  1.081E+15  1.343E+01  6.904E+00
     411      1     78      1     77      1      53     2.1071E+02  4.222E+12  7.431E+00  2.925E+00
     412      1     79      1     70      1      53     1.3871E+03  4.005E+14  1.022E+00  1.945E+01
     414      1     79      1     72      1      53     1.2978E+03  2.256E+14  1.000E-30  1.081E+01
     415      1     79      1     74      1      53     4.8154E+02  2.681E+13  4.180E+00  1.892E+01
     417      1     79      1     76      1      53     4.2478E+02  6.134E+13  1.000E-30  1.205E+01
     420      1     80      1     71      1      53     1.3753E+03  1.065E+15  1.000E-30  4.957E+01
     422      1     80      1     75      1      53     4.8588E+02  3.023E+14  1.000E-30  3.154E+01
     424      1     80      1     79      1      53     6.4349E+00  3.900E+08  1.000E-30  1.904E+01
     426      1     81      1     71      1      53     1.4208E+03  1.506E+15  3.236E-01  4.513E+01
     428      1     81      1     73      1      53     1.2382E+03  3.876E+13  1.000E-30  5.682E+00
     430      1     81      1     75      1      53     5.3137E+02  1.276E+14  2.256E+00  2.703E+01
     432      1     81      1     77      1      53     3.7259E+02  1.303E+13  1.000E-30  3.561E+00
     434      1     81      1     79      1      53     5.1923E+01  9.144E+10  4.880E+00  1.549E+01
     438      1     82      1     76      1      53     5.7966E+02  1.566E+14  8.358E+00  8.465E+00
     440      1     82      1     78      1      53     2.6484E+02  9.350E+11  1.000E-30  2.165E+00
     442      1     82      1     81      1      53     1.0296E+02  1.339E+12  1.534E+01  5.261E+00
     443      1     83      1     74      1      53     7.7070E+02  5.968E+13  1.545E+00  1.403E+01
     445      1     83      1     76      1      53     7.1393E+02  6.311E+13  1.000E-30  8.400E+00
     447      1     83      1     80      1      53     2.8272E+02  5.891E+12  5.850E+00  1.434E+01
     448      1     83      1     81      1      53     2.3723E+02  1.429E+13  1.000E-30  1.027E+01
     451      1     84      1     75      1      53     7.7945E+02  2.738E+14  1.000E-30  3.262E+01
     452      1     84      1     79      1      53     3.0001E+02  9.396E+13  1.000E-30  2.075E+01
     455      1     84      1     83      1      53     1.0851E+01  2.739E+09  1.000E-30  1.601E+01
     457      1     85      1     75      1      53     8.2063E+02  2.704E+14  5.146E-01  2.968E+01
     459      1     85      1     77      1      53     6.6185E+02  1.527E+13  1.000E-30  4.602E+00
     460      1     85      1     79      1      53     3.4119E+02  2.875E+13  3.675E+00  1.788E+01
     463      1     85      1     82      1      53     1.8630E+02  2.370E+12  1.000E-30  4.618E+00
     464      1     85      1     83      1      53     5.2031E+01  2.088E+11  1.099E+01  1.282E+01
     467      1     86      1     77      1      53     6.7729E+02  3.768E+14  2.036E+01  4.497E+00
     470      1     86      1     82      1      53     2.0174E+02  1.008E+13  1.834E+01  3.180E+00
     473      1     87      1     78      1      53     5.1236E+02  2.228E+14  2.784E+01  2.850E+00
     475      1     87      1     86      1      53     4.5782E+01  4.523E+10  3.403E+00  2.220E+00
     477      1     88      1     76      1      53     8.6948E+02  3.302E+14  1.449E+00  1.043E+01
     479      1     88      1     78      1      53     5.5466E+02  1.785E+12  1.000E-30  3.728E+00
     481      1     88      1     81      1      53     3.9278E+02  8.485E+13  1.013E+01  7.157E+00
     484      1     88      1     85      1      53     1.0351E+02  2.268E+12  2.337E+01  6.286E+00
     485      1     88      1     86      1      53     8.8076E+01  7.425E+10  1.000E-30  3.449E+00
     487      1     89      1     74      1      53     9.5869E+02  9.068E+13  7.395E-01  1.250E+01
     488      1     89      1     76      1      53     9.0192E+02  5.048E+13  1.000E-30  9.459E+00
     490      1     89      1     80      1      53     4.7071E+02  1.893E+13  1.757E+00  1.268E+01
     491      1     89      1     81      1      53     4.2522E+02  1.880E+13  1.000E-30  9.049E+00
     494      1     89      1     84      1      53     1.7714E+02  2.236E+12  6.149E+00  1.364E+01
     495      1     89      1     85      1      53     1.3596E+02  3.144E+12  1.000E-30  1.097E+01
     497      1     90      1     75      1      53     9.7022E+02  2.148E+14  1.000E-30  3.435E+01
     498      1     90      1     79      1      53     4.9078E+02  8.953E+13  1.000E-30  2.249E+01
     501      1     90      1     83      1      53     2.0163E+02  3.628E+13  1.000E-30  1.723E+01
     504      1     90      1     89      1      53     1.3639E+01  4.680E+09  1.000E-30  1.208E+01
     505      1     91      1     75      1      53     1.0099E+03  2.837E+14  1.935E-01  3.229E+01
     506      1     91      1     77      1      53     8.5110E+02  1.229E+13  1.000E-30  7.072E+00
     507      1     91      1     79      1      53     5.3043E+02  6.733E+13  7.644E-01  2.049E+01
     510      1     91      1     82      1      53     3.7555E+02  4.642E+12  1.000E-30  5.992E+00
     511      1     91      1     83      1      53     2.4127E+02  1.642E+13  4.556E+00  1.523E+01
     515      1     91      1     88      1      53     8.5729E+01  2.430E+11  1.000E-30  6.983E+00
     516      1     91      1     89      1      53     5.3287E+01  3.249E+11  1.744E+01  1.349E+01
     518      1     92      1     74      1      53     1.0879E+03  9.057E+13  3.455E-01  1.325E+01
     519      1     92      1     76      1      53     1.0312E+03  3.881E+13  1.000E-30  1.276E+01
     520      1     92      1     80      1      53     5.9995E+02  2.507E+13  6.724E-01  1.321E+01
     521      1     92      1     81      1      53     5.5446E+02  1.684E+13  1.000E-30  1.059E+01
     523      1     92      1     84      1      53     3.0638E+02  5.998E+12  1.469E+00  1.410E+01
     524      1     92      1     85      1      53     2.6520E+02  5.727E+12  1.000E-30  1.164E+01
     527      1     92      1     90      1      53     1.1560E+02  7.149E+11  4.861E+00  1.573E+01
     528      1     92      1     91      1      53     7.5952E+01  5.605E+11  1.000E-30  1.387E+01
     529      1     93      1     75      1      53     1.1014E+03  1.651E+14  1.000E-30  3.687E+01
     530      1     93      1     79      1      53     6.2192E+02  7.447E+13  1.000E-30  2.501E+01
     531      1     93      1     83      1      53     3.3276E+02  3.517E+13  1.000E-30  1.975E+01
     534      1     93      1     89      1      53     1.4478E+02  1.669E+13  1.000E-30  1.793E+01
     537      1     93      1     92      1      53     1.5538E+01  1.958E+10  1.000E-30  1.847E+01
     538      1     94      1     76      1      53     1.0597E+03  4.226E+14  4.287E-01  1.260E+01
     539      1     94      1     78      1      53     7.4491E+02  1.555E+12  1.000E-30  5.865E+00
     541      1     94      1     81      1      53     5.8303E+02  1.419E+14  1.539E+00  9.301E+00
     544      1     94      1     85      1      53     2.9377E+02  4.511E+13  8.366E+00  8.404E+00
     545      1     94      1     86      1      53     2.7833E+02  5.249E+11  1.000E-30  5.259E+00
     549      1     94      1     91      1      53     1.0453E+02  3.991E+12  2.639E+01  8.997E+00
     552      1     95      1     77      1      53     9.6122E+02  6.733E+14  2.425E+00  6.036E+00
     555      1     95      1     82      1      53     4.8567E+02  2.221E+14  1.882E+01  4.688E+00
     558      1     95      1     87      1      53     2.3815E+02  7.983E+11  1.000E-30  2.834E+00
     559      1     95      1     88      1      53     1.9586E+02  1.776E+13  2.285E+01  4.755E+00
     561      1     95      1     94      1      53     5.5996E+00  1.696E+07  1.191E-01  5.929E+00
     562      1     96      1     75      1      53     1.1409E+03  2.536E+14  7.654E-02  3.536E+01
     563      1     96      1     77      1      53     9.8211E+02  9.433E+12  1.000E-30  1.014E+01
     564      1     96      1     79      1      53     6.6145E+02  8.417E+13  2.312E-01  2.350E+01
     565      1     96      1     82      1      53     5.0657E+02  4.548E+12  1.000E-30  8.846E+00
     566      1     96      1     83      1      53     3.7229E+02  3.073E+13  7.504E-01  1.824E+01
     569      1     96      1     88      1      53     2.1675E+02  1.187E+12  1.000E-30  9.156E+00
     570      1     96      1     89      1      53     1.8430E+02  9.108E+12  3.948E+00  1.646E+01
     573      1     96      1     92      1      53     5.5065E+01  5.536E+11  2.134E+01  1.687E+01
     575      1     96      1     94      1      53     2.6491E+01  4.262E+09  1.000E-30  1.088E+01
     578      1     97      1     78      1      53     7.9354E+02  3.132E+14  2.035E+00  4.121E+00
     580      1     97      1     86      1      53     3.2696E+02  6.708E+13  1.793E+01  3.470E+00
     584      1     97      1     95      1      53     4.3029E+01  8.961E+10  4.831E+00  3.851E+00
     585      1     98      1     74      1      53     1.1808E+03  8.424E+13  1.296E-01  1.582E+01
     586      1     98      1     76      1      53     1.1240E+03  2.987E+13  1.000E-30  1.713E+01
     587      1     98      1     80      1      53     6.9278E+02  2.796E+13  2.248E-01  1.553E+01
     588      1     98      1     81      1      53     6.4729E+02  1.396E+13  1.000E-30  1.425E+01
     589      1     98      1     84      1      53     3.9921E+02  9.149E+12  4.142E-01  1.634E+01
     590      1     98      1     85      1      53     3.5803E+02  5.845E+12  1.000E-30  1.432E+01
     592      1     98      1     90      1      53     2.0843E+02  2.401E+12  8.983E-01  1.796E+01
     593      1     98      1     91      1      53     1.6878E+02  1.702E+12  1.000E-30  1.619E+01
     595      1     98      1     93      1      53     7.7294E+01  2.696E+11  2.936E+00  2.040E+01
     597      1     98      1     96      1      53     3.7767E+01  5.781E+10  1.000E-30  1.903E+01
     598      1     99      1     75      1      53     1.1956E+03  1.277E+14  1.000E-30  4.039E+01
     599      1     99      1     79      1      53     7.1611E+02  5.976E+13  1.000E-30  2.852E+01
     600      1     99      1     83      1      53     4.2696E+02  3.007E+13  1.000E-30  2.327E+01
     601      1     99      1     89      1      53     2.3897E+02  1.592E+13  1.000E-30  2.145E+01
     604      1     99      1     92      1      53     1.0973E+02  8.925E+12  1.000E-30  2.180E+01
     607      1     99      1     98      1      53     1.6897E+01  5.185E+10  1.000E-30  2.414E+01
     608      1    100      1     75      1      53     1.2357E+03  2.193E+14  3.788E-03  3.925E+01
     609      1    100      1     77      1      53     1.0769E+03  7.233E+12  1.000E-30  1.402E+01
     610      1    100      1     79      1      53     7.5626E+02  8.933E+13  1.118E-02  2.739E+01
     611      1    100      1     82      1      53     6.0138E+02  3.895E+12  1.000E-30  1.268E+01
     612      1    100      1     83      1      53     4.6710E+02  4.139E+13  3.810E-02  2.213E+01
     613      1    100      1     88      1      53     3.1156E+02  1.491E+12  1.000E-30  1.279E+01
     614      1    100      1     89      1      53     2.7912E+02  2.029E+13  1.804E-01  2.029E+01
     617      1    100      1     92      1      53     1.4988E+02  8.181E+12  1.774E+00  2.068E+01
     619      1    100      1     94      1      53     1.2130E+02  2.302E+11  1.000E-30  1.411E+01
     621      1    100      1     98      1      53     5.7044E+01  9.641E+11  2.251E+01  2.285E+01
     623      1    101      1     76      1      53     1.1918E+03  4.360E+14  1.155E-01  1.529E+01
     624      1    101      1     78      1      53     8.7698E+02  1.213E+12  1.000E-30  8.609E+00
     625      1    101      1     81      1      53     7.1510E+02  1.779E+14  3.072E-01  1.204E+01
     627      1    101      1     85      1      53     4.2583E+02  7.655E+13  8.990E-01  1.113E+01
     628      1    101      1     86      1      53     4.1039E+02  6.768E+11  1.000E-30  7.965E+00
     631      1    101      1     91      1      53     2.3659E+02  3.524E+13  5.027E+00  1.171E+01
     634      1    101      1     95      1      53     1.2646E+02  8.029E+10  1.000E-30  8.379E+00
     635      1    101      1     96      1      53     1.0557E+02  6.836E+12  2.681E+01  1.354E+01
     638      1    101      1    100      1      53     1.0760E+01  1.590E+08  1.137E-01  1.663E+01
     639      1    102      1     77      1      53     1.1469E+03  7.017E+14  5.432E-01  7.921E+00
     641      1    102      1     82      1      53     6.7131E+02  2.942E+14  2.093E+00  6.566E+00
     644      1    102      1     87      1      53     4.2378E+02  6.958E+11  1.000E-30  4.610E+00
     645      1    102      1     88      1      53     3.8149E+02  1.506E+14  1.203E+01  6.614E+00
     647      1    102      1     94      1      53     1.9123E+02  2.985E+13  2.313E+01  7.705E+00
     650      1    102      1     97      1      53     1.4260E+02  4.262E+11  1.000E-30  5.179E+00
     652      1    102      1    101      1      53     5.9168E+01  2.467E+10  1.022E-01  9.840E+00
     653      1    103      1     76      1      53     1.2875E+03  3.667E+14  1.000E-30  1.897E+01
     654      1    103      1     78      1      53     9.7272E+02  9.305E+11  1.000E-30  1.224E+01
     655      1    103      1     81      1      53     8.1083E+02  1.757E+14  1.000E-30  1.567E+01
     656      1    103      1     85      1      53     5.2157E+02  1.003E+14  1.000E-30  1.476E+01
     657      1    103      1     86      1      53     5.0613E+02  6.398E+11  1.000E-30  1.159E+01
     659      1    103      1     91      1      53     3.3233E+02  7.245E+13  1.000E-30  1.533E+01
     662      1    103      1     95      1      53     2.2220E+02  1.744E+11  1.000E-30  1.197E+01
     663      1    103      1     96      1      53     2.0131E+02  7.338E+13  2.862E-01  1.714E+01
     665      1    103      1    100      1      53     1.0650E+02  1.100E+13  2.724E+01  2.021E+01
     667      1    103      1    102      1      53     3.6571E+01  2.521E+09  1.000E-30  1.322E+01
     668      1    104      1     78      1      53     9.7661E+02  3.115E+14  3.265E-01  5.801E+00
     670      1    104      1     86      1      53     5.1003E+02  1.252E+14  1.605E+00  5.144E+00
     674      1    104      1     95      1      53     2.2610E+02  3.086E+13  8.618E+00  5.516E+00
     677      1    104      1    102      1      53     4.0464E+01  1.454E+11  5.084E+00  6.738E+00
     679      1    105      1     77      1      53     1.2750E+03  6.270E+14  8.726E-02  1.046E+01
     680      1    105      1     82      1      53     7.9944E+02  3.600E+14  2.552E-01  9.101E+00
     682      1    105      1     87      1      53     5.5191E+02  4.889E+11  1.000E-30  7.139E+00
     683      1    105      1     88      1      53     5.0962E+02  2.141E+14  8.563E-01  9.143E+00
     685      1    105      1     94      1      53     3.1936E+02  1.436E+14  5.515E+00  1.022E+01
     688      1    105      1     97      1      53     2.7073E+02  5.233E+11  1.000E-30  7.618E+00
     690      1    105      1    101      1      53     1.8730E+02  4.648E+13  2.291E+01  1.232E+01
     692      1    105      1    103      1      53     9.1560E+01  4.201E+10  3.997E-02  1.555E+01
     693      1    105      1    104      1      53     8.7667E+01  1.622E+11  1.000E-30  8.928E+00
     694      1    106      1     78      1      53     1.1024E+03  2.431E+14  2.378E-02  8.160E+00
     695      1    106      1     86      1      53     6.3583E+02  1.631E+14  9.940E-02  7.502E+00
     698      1    106      1     95      1      53     3.5190E+02  7.407E+13  4.002E-01  7.874E+00
     701      1    106      1    102      1      53     1.6626E+02  2.053E+13  2.894E+00  9.086E+00
     704      1    106      1    105      1      53     3.8133E+01  2.076E+11  5.105E+00  1.122E+01
     705      1    107      1     77      1      53     1.3672E+03  4.747E+14  1.000E-30  1.391E+01
     706      1    107      1     82      1      53     8.9170E+02  3.048E+14  1.000E-30  1.255E+01
     707      1    107      1     87      1      53     6.4417E+02  3.455E+11  1.000E-30  1.059E+01
     708      1    107      1     88      1      53     6.0188E+02  2.271E+14  1.000E-30  1.259E+01
     710      1    107      1     94      1      53     4.1162E+02  2.248E+14  1.000E-30  1.367E+01
     712      1    107      1     97      1      53     3.6299E+02  4.273E+11  1.000E-30  1.106E+01
     714      1    107      1    101      1      53     2.7956E+02  4.058E+14  1.000E-30  1.576E+01
     716      1    107      1    103      1      53     1.8382E+02  6.810E+13  2.246E+01  1.897E+01
     717      1    107      1    104      1      53     1.7993E+02  2.854E+11  1.000E-30  1.229E+01
     719      1    107      1    106      1      53     5.4126E+01  5.075E+10  1.000E-30  1.444E+01
     720      1    108      1     78      1      53     1.1926E+03  1.657E+14  1.000E-30  1.144E+01
     721      1    108      1     86      1      53     7.2599E+02  1.244E+14  1.000E-30  1.079E+01
     723      1    108      1     95      1      53     4.4206E+02  7.354E+13  1.000E-30  1.115E+01
     725      1    108      1    102      1      53     2.5642E+02  4.224E+13  1.000E-30  1.237E+01
     728      1    108      1    105      1      53     1.2829E+02  2.711E+13  1.000E-30  1.450E+01
     730      1    108      1    107      1      53     3.6034E+01  2.765E+11  5.003E+00  1.769E+01
     731      1    110      1    109      1      53     1.0325E+02  7.412E+11  1.000E-30  3.597E+02
     732      1    111      1    109      1      53     6.2828E+02  1.841E+14  1.393E-02  4.026E+02
     733      1    114      1    113      1      54     7.1415E+00  2.261E+06  1.000E-30  2.569E-02
     735      1    115      1    114      1      54     4.2027E+02  1.203E+12  1.208E+02  5.980E-02
     736      1    117      1    116      1      54     8.2284E+01  1.289E+10  8.155E+01  1.488E-01
     737      1    118      1    117      1      54     6.5579E+01  5.033E+10  3.749E-02  9.911E+01
     739      1    120      1    119      1      54     2.7707E+01  9.388E+08  2.809E+01  4.722E-01
     740      1    121      1    120      1      54     3.4184E+01  1.275E+10  2.316E-01  3.570E+01
     743      1    122      1    121      1      54     1.1729E+01  1.276E+08  1.034E-01  1.038E+01
     745      1    124      1    119      1      54     9.4819E+02  2.909E+14  2.407E+00  3.216E+01
     746      1    124      1    121      1      54     8.8629E+02  3.552E+14  1.000E-30  1.845E+01
     747      1    123      1    120      1      54     9.0352E+02  1.297E+15  1.000E-30  5.231E+01
     749      1    124      1    123      1      54     1.6956E+01  4.210E+08  1.734E+01  1.186E+00
     750      1    125      1    120      1      54     9.3511E+02  9.114E+14  1.297E+00  4.376E+01
     753      1    125      1    122      1      54     8.8920E+02  8.655E+13  1.000E-30  4.085E+00
     754      1    125      1    124      1      54     1.4632E+01  1.006E+09  4.130E-01  2.343E+01
     757      1    126      1    121      1      54     9.0719E+02  7.247E+14  4.018E+00  1.562E+01
     759      1    126      1    125      1      54     6.2624E+00  2.953E+07  3.316E-01  6.139E+00
     761      1    127      1    122      1      54     9.0472E+02  6.144E+14  1.022E+01  7.343E+00
     763      1    127      1    126      1      54     9.2648E+00  4.034E+07  1.884E-01  2.814E+00
     765      1    129      1    121      1      54     1.3816E+03  2.754E+14  1.000E-30  1.139E+01
     767      1    129      1    123      1      54     5.1224E+02  3.401E+13  4.252E+00  1.992E+01
     768      1    129      1    125      1      54     4.8065E+02  9.543E+13  1.000E-30  1.256E+01
     770      1    128      1    120      1      54     1.4063E+03  1.086E+15  1.000E-30  5.284E+01
     772      1    128      1    124      1      54     4.8585E+02  2.786E+14  1.000E-30  3.360E+01
     775      1    129      1    128      1      54     9.4325E+00  1.124E+08  9.868E+00  2.479E+00
     777      1    130      1    120      1      54     1.4246E+03  4.620E+14  1.845E+00  5.013E+00
     779      1    130      1    122      1      54     1.3787E+03  5.761E+13  1.000E-30  5.965E+00
     780      1    130      1    124      1      54     5.0408E+02  1.099E+14  1.973E+00  2.859E+01
     783      1    130      1    126      1      54     4.8319E+02  3.555E+13  1.000E-30  3.648E+00
     785      1    130      1    129      1      54     8.7978E+00  2.178E+08  8.320E-01  1.533E+01
     788      1    131      1    121      1      54     1.3942E+03  1.613E+15  7.202E-01  1.812E+01
     790      1    131      1    125      1      54     4.9329E+02  8.842E+13  6.517E+00  8.948E+00
     791      1    131      1    127      1      54     4.7777E+02  9.559E+12  1.000E-30  2.168E+00
     793      1    131      1    130      1      54     3.8408E+00  9.781E+06  5.615E-01  5.175E+00
     795      1    132      1    122      1      54     1.3904E+03  1.379E+15  1.098E+00  9.062E+00
     797      1    132      1    126      1      54     4.9497E+02  1.185E+14  1.381E+01  4.663E+00
     799      1    132      1    131      1      54     7.9348E+00  4.670E+07  2.892E-01  3.068E+00
     800      1    133      1    127      1      54     4.8686E+02  1.479E+14  2.497E+01  2.922E+00
     801      1    133      1    132      1      54     1.1594E+00  4.842E+04  8.622E-02  2.136E+00
     802      1    134      1    124      1      54     7.8763E+02  2.659E+14  1.000E-30  3.460E+01
     804      1    134      1    129      1      54     2.9235E+02  7.821E+13  1.000E-30  2.189E+01
     808      1    135      1    123      1      54     8.1021E+02  7.137E+13  1.578E+00  1.438E+01
     809      1    135      1    125      1      54     7.7862E+02  8.522E+13  1.000E-30  1.284E+01
     811      1    135      1    128      1      54     3.0740E+02  7.789E+12  6.179E+00  1.492E+01
     812      1    135      1    130      1      54     2.8917E+02  2.994E+13  1.000E-30  9.228E+00
     814      1    135      1    134      1      54     5.6221E+00  3.802E+07  5.293E+00  7.659E+00
     815      1    136      1    124      1      54     7.9909E+02  2.512E+14  4.195E-01  3.446E+01
     818      1    136      1    126      1      54     7.7820E+02  2.816E+13  1.000E-30  7.622E+00
     819      1    136      1    129      1      54     3.0380E+02  2.063E+13  2.647E+00  2.173E+01
     822      1    136      1    131      1      54     2.9116E+02  1.363E+13  1.000E-30  6.099E+00
     825      1    136      1    135      1      54     5.8334E+00  7.012E+07  1.227E+00  1.271E+01
     827      1    137      1    125      1      54     7.8707E+02  2.513E+14  1.058E+00  1.258E+01
     828      1    137      1    127      1      54     7.7154E+02  6.446E+12  1.000E-30  5.376E+00
     830      1    137      1    130      1      54     2.9761E+02  2.760E+13  6.092E+00  8.972E+00
     831      1    137      1    132      1      54     2.8584E+02  5.378E+12  1.000E-30  4.624E+00
     833      1    137      1    136      1      54     2.6080E+00  4.051E+06  5.652E-01  6.106E+00
     835      1    138      1    126      1      54     7.8806E+02  2.720E+14  1.642E+00  7.226E+00
     837      1    138      1    131      1      54     3.0103E+02  4.288E+13  9.856E+00  5.702E+00
     838      1    138      1    133      1      54     2.9194E+02  1.740E+12  1.000E-30  3.641E+00
     840      1    138      1    137      1      54     7.2571E+00  5.220E+07  2.388E-01  4.567E+00
     841      1    139      1    127      1      54     7.7953E+02  3.036E+14  1.677E+00  4.881E+00
     842      1    139      1    132      1      54     2.9383E+02  4.702E+13  1.412E+01  4.128E+00
     843      1    139      1    138      1      54     7.3047E-01  2.272E+04  8.226E-02  3.699E+00
     844      1    140      1    133      1      54     2.9317E+02  5.414E+13  2.086E+01  3.073E+00
     845      1    140      1    139      1      54     5.0455E-01  2.980E+03  3.032E-02  2.975E+00
     846      1    141      1    124      1      54     9.8280E+02  2.117E+14  1.000E-30  3.623E+01
     847      1    141      1    129      1      54     4.8751E+02  8.153E+13  1.000E-30  2.349E+01
     851      1    141      1    135      1      54     1.8954E+02  2.614E+13  1.000E-30  1.777E+01
     853      1    142      1    123      1      54     1.0032E+03  1.055E+14  7.821E-01  1.227E+01
     854      1    142      1    125      1      54     9.7165E+02  6.473E+13  1.000E-30  1.452E+01
     856      1    142      1    128      1      54     5.0043E+02  2.359E+13  1.840E+00  1.288E+01
     857      1    142      1    130      1      54     4.8220E+02  2.948E+13  1.000E-30  1.091E+01
     859      1    142      1    134      1      54     1.9865E+02  3.379E+12  6.888E+00  1.387E+01
     861      1    142      1    136      1      54     1.8719E+02  1.072E+13  1.000E-30  1.102E+01
     863      1    142      1    141      1      54     3.4847E+00  1.129E+07  3.997E+00  9.837E+00
     864      1    143      1    124      1      54     9.9046E+02  2.612E+14  1.658E-01  3.607E+01
     865      1    143      1    126      1      54     9.6956E+02  2.002E+13  1.000E-30  9.270E+00
     866      1    143      1    129      1      54     4.9517E+02  5.461E+13  6.159E-01  2.334E+01
     869      1    143      1    131      1      54     4.8253E+02  1.222E+13  1.000E-30  7.748E+00
     872      1    143      1    135      1      54     1.9720E+02  7.939E+12  3.591E+00  1.557E+01
     874      1    143      1    137      1      54     1.8876E+02  5.517E+12  1.000E-30  6.837E+00
     877      1    143      1    142      1      54     4.1712E+00  3.548E+07  1.304E+00  1.324E+01
     878      1    144      1    125      1      54     9.7774E+02  3.142E+14  3.468E-01  1.417E+01
     879      1    144      1    127      1      54     9.6221E+02  4.176E+12  1.000E-30  6.968E+00
     881      1    144      1    130      1      54     4.8829E+02  7.548E+13  1.143E+00  1.056E+01
     882      1    144      1    132      1      54     4.7651E+02  4.354E+12  1.000E-30  6.216E+00
     884      1    144      1    136      1      54     1.9328E+02  9.851E+12  5.467E+00  8.351E+00
     885      1    144      1    138      1      54     1.8342E+02  2.517E+12  1.000E-30  5.741E+00
     887      1    144      1    143      1      54     1.9160E+00  2.149E+06  4.433E-01  8.693E+00
     888      1    145      1    126      1      54     9.7835E+02  3.822E+14  4.217E-01  8.739E+00
     890      1    145      1    131      1      54     4.9132E+02  9.465E+13  1.435E+00  7.215E+00
     891      1    145      1    133      1      54     4.8223E+02  1.126E+12  1.000E-30  5.154E+00
     893      1    145      1    137      1      54     1.9755E+02  1.434E+13  6.431E+00  6.458E+00
     894      1    145      1    139      1      54     1.8956E+02  1.285E+12  1.000E-30  4.996E+00
     896      1    145      1    144      1      54     6.8766E+00  5.959E+07  1.696E-01  7.397E+00
     897      1    146      1    127      1      54     9.6958E+02  2.954E+14  3.050E-01  6.297E+00
     898      1    146      1    132      1      54     4.8388E+02  1.009E+14  1.479E+00  5.544E+00
     899      1    146      1    138      1      54     1.9078E+02  1.623E+13  7.315E+00  5.364E+00
     900      1    146      1    140      1      54     1.8955E+02  3.940E+11  1.000E-30  4.274E+00
     901      1    146      1    145      1      54     4.8959E-01  9.897E+03  6.154E-02  6.478E+00
     902      1    147      1    133      1      54     4.8306E+02  9.242E+13  1.173E+00  4.371E+00
     903      1    147      1    139      1      54     1.9039E+02  1.956E+13  9.227E+00  4.448E+00
     904      1    147      1    146      1      54     3.3818E-01  1.697E+03  2.910E-02  5.591E+00
     905      1    148      1    140      1      54     1.9013E+02  2.292E+13  1.204E+01  3.580E+00
     906      1    148      1    147      1      54     2.4746E-01  2.680E+02  1.161E-02  4.676E+00
     907      1    149      1    124      1      54     1.1162E+03  1.633E+14  1.000E-30  3.865E+01
     908      1    149      1    129      1      54     6.2092E+02  6.921E+13  1.000E-30  2.591E+01
     910      1    149      1    135      1      54     3.2295E+02  2.913E+13  1.000E-30  2.021E+01
     913      1    149      1    142      1      54     1.2992E+02  9.988E+12  1.000E-30  1.807E+01
     915      1    150      1    123      1      54     1.1354E+03  1.035E+14  3.809E-01  1.242E+01
     916      1    150      1    125      1      54     1.1038E+03  4.863E+13  1.000E-30  1.696E+01
     917      1    150      1    128      1      54     6.3256E+02  2.993E+13  7.225E-01  1.303E+01
     918      1    150      1    130      1      54     6.1433E+02  2.417E+13  1.000E-30  1.334E+01
     919      1    150      1    134      1      54     3.3078E+02  7.793E+12  1.619E+00  1.407E+01
     921      1    150      1    136      1      54     3.1933E+02  1.148E+13  1.000E-30  1.148E+01
     923      1    150      1    141      1      54     1.3562E+02  1.256E+12  5.842E+00  1.570E+01
     925      1    150      1    143      1      54     1.2796E+02  4.289E+12  1.000E-30  1.370E+01
     927      1    150      1    149      1      54     2.2069E+00  3.612E+06  2.703E+00  1.395E+01
     928      1    151      1    124      1      54     1.1216E+03  2.309E+14  6.990E-02  3.845E+01
     929      1    151      1    126      1      54     1.1007E+03  1.439E+13  1.000E-30  1.168E+01
     930      1    151      1    129      1      54     6.2630E+02  6.738E+13  2.027E-01  2.572E+01
     931      1    151      1    131      1      54     6.1366E+02  9.437E+12  1.000E-30  1.015E+01
     933      1    151      1    135      1      54     3.2833E+02  1.883E+13  6.607E-01  1.855E+01
     935      1    151      1    137      1      54     3.1989E+02  5.433E+12  1.000E-30  8.884E+00
     937      1    151      1    142      1      54     1.3530E+02  2.925E+12  2.948E+00  1.645E+01
     939      1    151      1    144      1      54     1.2921E+02  2.393E+12  1.000E-30  1.055E+01
     941      1    151      1    150      1      54     3.1681E+00  1.938E+07  1.111E+00  1.641E+01
     942      1    152      1    125      1      54     1.1084E+03  3.168E+14  1.058E-01  1.652E+01
     943      1    152      1    127      1      54     1.0929E+03  2.820E+12  1.000E-30  9.313E+00
     944      1    152      1    130      1      54     6.1900E+02  9.898E+13  2.680E-01  1.291E+01
     945      1    152      1    132      1      54     6.0722E+02  3.143E+12  1.000E-30  8.561E+00
     947      1    152      1    136      1      54     3.2399E+02  2.662E+13  7.220E-01  1.102E+01
     948      1    152      1    138      1      54     3.1413E+02  2.345E+12  1.000E-30  8.102E+00
     950      1    152      1    143      1      54     1.3263E+02  4.228E+12  2.965E+00  1.145E+01
     951      1    152      1    145      1      54     1.2383E+02  1.156E+12  1.000E-30  9.488E+00
     953      1    152      1    151      1      54     1.4980E+00  1.296E+06  3.132E-01  1.305E+01
     954      1    153      1    126      1      54     1.1088E+03  3.459E+14  8.483E-02  1.100E+01
     955      1    153      1    131      1      54     6.2180E+02  1.291E+14  2.263E-01  9.478E+00
     956      1    153      1    133      1      54     6.1271E+02  7.156E+11  1.000E-30  7.416E+00
     958      1    153      1    137      1      54     3.2803E+02  3.916E+13  6.320E-01  8.919E+00
     959      1    153      1    139      1      54     3.2004E+02  9.876E+11  1.000E-30  7.353E+00
     961      1    153      1    144      1      54     1.3736E+02  6.948E+12  2.802E+00  9.896E+00
     962      1    153      1    146      1      54     1.2999E+02  7.579E+11  1.000E-30  8.601E+00
     963      1    153      1    152      1      54     6.6466E+00  6.721E+07  1.225E-01  1.184E+01
     964      1    154      1    127      1      54     1.0999E+03  2.297E+14  3.377E-02  8.441E+00
     965      1    154      1    132      1      54     6.1421E+02  1.326E+14  1.357E-01  7.688E+00
     966      1    154      1    138      1      54     3.2112E+02  4.744E+13  4.718E-01  7.643E+00
     967      1    154      1    140      1      54     3.1988E+02  2.468E+11  1.000E-30  6.516E+00
     968      1    154      1    145      1      54     1.3082E+02  7.977E+12  2.581E+00  8.775E+00
     969      1    154      1    147      1      54     1.3000E+02  3.499E+11  1.000E-30  7.654E+00
     970      1    154      1    153      1      54     3.4390E-01  4.455E+03  4.632E-02  1.079E+01
     971      1    155      1    133      1      54     6.1329E+02  9.480E+13  4.166E-02  6.380E+00
     972      1    155      1    139      1      54     3.2062E+02  5.615E+13  2.843E-01  6.553E+00
     973      1    155      1    146      1      54     1.3057E+02  1.046E+13  2.523E+00  7.706E+00
     974      1    155      1    148      1      54     1.2999E+02  1.085E+11  1.000E-30  6.638E+00
     975      1    155      1    154      1      54     2.3759E-01  8.440E+02  2.364E-02  9.682E+00
     976      1    156      1    124      1      54     1.2114E+03  1.260E+14  1.000E-30  4.202E+01
     977      1    156      1    129      1      54     7.1613E+02  5.604E+13  1.000E-30  2.929E+01
     978      1    156      1    135      1      54     4.1816E+02  2.600E+13  1.000E-30  2.360E+01
     980      1    156      1    142      1      54     2.2513E+02  1.174E+13  1.000E-30  2.146E+01
     983      1    156      1    150      1      54     9.3002E+01  4.260E+12  1.000E-30  2.158E+01
     985      1    157      1    123      1      54     1.2298E+03  9.589E+13  1.506E-01  1.437E+01
     986      1    157      1    125      1      54     1.1982E+03  3.677E+13  1.000E-30  2.036E+01
     987      1    157      1    128      1      54     7.2695E+02  3.268E+13  2.549E-01  1.498E+01
     988      1    157      1    130      1      54     7.0872E+02  1.913E+13  1.000E-30  1.674E+01
     989      1    157      1    134      1      54     4.2517E+02  1.127E+13  4.708E-01  1.603E+01
     990      1    157      1    136      1      54     4.1371E+02  9.935E+12  1.000E-30  1.398E+01
     991      1    157      1    141      1      54     2.3000E+02  3.338E+12  1.064E+00  1.766E+01
     993      1    157      1    143      1      54     2.2235E+02  4.875E+12  1.000E-30  1.580E+01
     995      1    157      1    149      1      54     9.6594E+01  5.811E+11  3.970E+00  2.006E+01
     997      1    157      1    151      1      54     9.1219E+01  1.867E+12  1.000E-30  1.858E+01
     999      1    157      1    156      1      54     1.3856E+00  1.087E+06  1.803E+00  2.026E+01
    1000      1    158      1    124      1      54     1.2153E+03  1.962E+14  1.002E-02  4.183E+01
    1001      1    158      1    126      1      54     1.1944E+03  1.057E+13  1.000E-30  1.505E+01
    1002      1    158      1    129      1      54     7.2004E+02  7.001E+13  2.579E-02  2.909E+01
    1003      1    158      1    131      1      54     7.0740E+02  7.186E+12  1.000E-30  1.352E+01
    1004      1    158      1    135      1      54     4.2207E+02  2.596E+13  7.014E-02  2.231E+01
    1005      1    158      1    137      1      54     4.1363E+02  4.479E+12  1.000E-30  1.240E+01
    1007      1    158      1    142      1      54     2.2904E+02  8.644E+12  2.275E-01  2.017E+01
    1009      1    158      1    144      1      54     2.2296E+02  2.541E+12  1.000E-30  1.363E+01
    1011      1    158      1    150      1      54     9.6914E+01  1.550E+12  1.358E+00  2.033E+01
    1012      1    158      1    152      1      54     9.2248E+01  1.106E+12  1.000E-30  1.607E+01
    1014      1    158      1    157      1      54     2.5273E+00  1.254E+07  8.595E-01  2.211E+01
    1015      1    159      1    125      1      54     1.2019E+03  2.674E+14  1.000E-30  1.983E+01
    1016      1    159      1    127      1      54     1.1864E+03  1.986E+12  1.000E-30  1.262E+01
    1017      1    159      1    130      1      54     7.1248E+02  1.007E+14  1.000E-30  1.621E+01
    1018      1    159      1    132      1      54     7.0070E+02  2.273E+12  1.000E-30  1.187E+01
    1019      1    159      1    136      1      54     4.1747E+02  3.954E+13  1.000E-30  1.453E+01
    1020      1    159      1    138      1      54     4.0761E+02  1.842E+12  1.000E-30  1.158E+01
    1022      1    159      1    143      1      54     2.2610E+02  1.493E+13  1.000E-30  1.496E+01
    1023      1    159      1    145      1      54     2.1731E+02  1.215E+12  1.000E-30  1.276E+01
    1025      1    159      1    151      1      54     9.4977E+01  3.147E+12  4.539E-01  1.663E+01
    1026      1    159      1    153      1      54     8.6832E+01  5.370E+11  1.000E-30  1.498E+01
    1028      1    159      1    158      1      54     1.2307E+00  8.663E+05  2.296E-01  1.947E+01
    1029      1    160      1    126      1      54     1.2022E+03  2.736E+14  1.000E-30  1.420E+01
    1030      1    160      1    131      1      54     7.1513E+02  1.214E+14  1.000E-30  1.268E+01
    1031      1    160      1    133      1      54     7.0604E+02  4.806E+11  1.000E-30  1.062E+01
    1032      1    160      1    137      1      54     4.2136E+02  5.260E+13  1.000E-30  1.225E+01
    1033      1    160      1    139      1      54     4.1337E+02  6.936E+11  1.000E-30  1.067E+01
    1035      1    160      1    144      1      54     2.3069E+02  2.158E+13  1.000E-30  1.322E+01
    1036      1    160      1    146      1      54     2.2332E+02  6.536E+11  1.000E-30  1.184E+01
    1037      1    160      1    152      1      54     9.9979E+01  7.358E+12  1.000E-30  1.519E+01
    1038      1    160      1    154      1      54     9.2988E+01  4.258E+11  1.000E-30  1.390E+01
    1039      1    160      1    159      1      54     6.4994E+00  7.511E+07  9.051E-02  1.824E+01
    1040      1    161      1    127      1      54     1.1932E+03  1.600E+14  1.000E-30  1.152E+01
    1041      1    161      1    132      1      54     7.0745E+02  1.078E+14  1.000E-30  1.077E+01
    1042      1    161      1    138      1      54     4.1436E+02  5.510E+13  1.000E-30  1.081E+01
    1043      1    161      1    140      1      54     4.1312E+02  1.535E+11  1.000E-30  9.683E+00
    1044      1    161      1    145      1      54     2.2406E+02  2.371E+13  1.000E-30  1.194E+01
    1045      1    161      1    147      1      54     2.2323E+02  2.590E+11  1.000E-30  1.079E+01
    1046      1    161      1    153      1      54     9.3583E+01  7.378E+12  1.000E-30  1.397E+01
    1047      1    161      1    155      1      54     9.3001E+01  2.359E+11  1.000E-30  1.271E+01
    1048      1    161      1    160      1      54     2.5061E-01  2.093E+03  3.487E-02  1.702E+01
    1049      1    162      1    133      1      54     7.0646E+02  6.183E+13  1.000E-30  9.312E+00
    1050      1    162      1    139      1      54     4.1380E+02  5.021E+13  1.000E-30  9.548E+00
    1051      1    162      1    146      1      54     2.2375E+02  2.684E+13  1.000E-30  1.070E+01
    1052      1    162      1    148      1      54     2.2316E+02  6.551E+10  1.000E-30  9.617E+00
    1053      1    162      1    154      1      54     9.3412E+01  9.412E+12  1.000E-30  1.268E+01
    1054      1    162      1    161      1      54     1.7317E-01  4.196E+02  1.867E-02  1.565E+01
