#  File format type:   4
#
#  SPECT3D transition powers file.
#  RUN NAME:  xe_750-1300_4mm
#  Total number of transitions   =     1380
#  Number of written transitions =      624
#  Plasma temperature (eV)       =     4.0000E+02
#  Mass density (g/cm3)          =     1.0902E-01
#  Cell areal density (g/cm2)    =     4.3607E-02
#  Material mass fractions       =     1.0000E+00
#  DCA material number fractions =     1.0000E+00
# -----------------------------------------------------
#
#
#   Trans.  Trans  Upper  Upper  Lower  Lower   Ioniz   Energy     Line Power Line Center Line Width
#   Index   Model  Level  Model  Level  Model   Stage   (eV)       (W/cm2)    Opt. Depth      eV
# --------------------------------------------------------------------------------------------------
       1      1      3      1      2      1      52     1.1982E+02  6.676E+10  2.778E-05  2.422E-02
       2      1      4      1      2      1      52     4.9234E+02  6.506E+11  6.324E+01  7.447E-02
       4      1      6      1      5      1      52     1.0651E+02  2.086E+11  1.582E-01  7.876E+01
       6      1      7      1      6      1      52     6.8034E+01  3.227E+10  2.206E-02  9.470E+01
       7      1      9      1      8      1      52     3.8672E+01  8.946E+09  5.253E-01  2.887E+01
       9      1     10      1      9      1      52     3.4641E+01  7.947E+09  1.439E-01  3.148E+01
      11      1     11      1     10      1      52     9.4480E+00  3.076E+07  5.393E-02  8.635E+00
      13      1     12      1      9      1      52     8.3242E+02  5.483E+14  1.000E-30  4.505E+01
      14      1     13      1      8      1      52     8.9349E+02  1.675E+14  1.314E+00  2.756E+01
      16      1     13      1     10      1      52     8.2018E+02  1.451E+14  1.000E-30  1.575E+01
      17      1     13      1     12      1      52     2.2396E+01  1.617E+09  1.308E+00  1.693E+01
      19      1     14      1      9      1      52     8.6975E+02  4.880E+14  7.384E-01  3.779E+01
      21      1     14      1     11      1      52     8.2566E+02  3.461E+13  1.000E-30  3.197E+00
      23      1     14      1     13      1      52     1.4925E+01  6.646E+08  2.581E-01  2.056E+01
      25      1     15      1     10      1      52     8.3968E+02  4.113E+14  2.402E+00  1.309E+01
      28      1     15      1     14      1      52     4.5752E+00  5.290E+06  1.717E-01  4.691E+00
      30      1     16      1     11      1      52     8.3260E+02  3.418E+14  6.149E+00  6.097E+00
      32      1     16      1     15      1      52     2.3647E+00  2.424E+05  8.723E-02  1.995E+00
      34      1     17      1      9      1      52     1.3019E+03  4.602E+14  1.000E-30  4.520E+01
      36      1     17      1     13      1      52     4.4709E+02  1.166E+14  1.000E-30  2.822E+01
      38      1     18      1      8      1      52     1.3534E+03  2.371E+14  5.985E-01  1.643E+01
      40      1     18      1     10      1      52     1.2800E+03  1.124E+14  1.000E-30  9.102E+00
      41      1     18      1     12      1      52     4.8226E+02  1.954E+13  2.424E+00  1.637E+01
      43      1     18      1     14      1      52     4.4493E+02  3.894E+13  1.000E-30  1.007E+01
      45      1     18      1     17      1      52     1.2770E+01  2.318E+08  2.609E+00  1.018E+01
      47      1     19      1      9      1      52     1.3234E+03  6.759E+14  1.731E-01  4.094E+01
      49      1     19      1     11      1      52     1.2793E+03  2.288E+13  1.000E-30  4.527E+00
      51      1     19      1     13      1      52     4.6860E+02  6.011E+13  1.161E+00  2.397E+01
      53      1     19      1     15      1      52     4.4910E+02  1.422E+13  1.000E-30  2.309E+00
      56      1     19      1     18      1      52     8.7378E+00  1.380E+08  5.500E-01  1.246E+01
      58      1     20      1     10      1      52     1.2912E+03  7.739E+14  4.404E-01  1.494E+01
      61      1     20      1     14      1      52     4.5609E+02  4.141E+13  4.269E+00  6.864E+00
      63      1     20      1     16      1      52     4.4915E+02  4.004E+12  1.000E-30  1.169E+00
      65      1     20      1     19      1      52     2.4178E+00  8.764E+05  3.206E-01  3.228E+00
      67      1     21      1     11      1      52     1.2829E+03  6.877E+14  6.855E-01  7.309E+00
      69      1     21      1     15      1      52     4.5271E+02  3.912E+13  9.810E+00  3.335E+00
      72      1     21      1     20      1      52     1.2002E+00  5.178E+04  1.746E-01  1.626E+00
      75      1     22      1     16      1      52     4.5135E+02  4.431E+13  1.888E+01  1.995E+00
      77      1     22      1     21      1      52     1.0028E+00  1.453E+04  9.433E-02  1.019E+00
      79      1     23      1     13      1      52     7.2854E+02  1.118E+14  1.000E-30  2.855E+01
      81      1     23      1     18      1      52     2.6868E+02  3.275E+13  1.000E-30  1.710E+01
      83      1     24      1     12      1      52     7.5883E+02  3.644E+13  9.901E-01  1.093E+01
      85      1     24      1     14      1      52     7.2151E+02  3.470E+13  1.000E-30  6.017E+00
      86      1     24      1     17      1      52     2.8935E+02  3.323E+12  3.919E+00  1.108E+01
      88      1     24      1     19      1      52     2.6784E+02  1.225E+13  1.000E-30  7.340E+00
      90      1     24      1     23      1      52     7.9016E+00  5.110E+07  4.199E+00  7.299E+00
      92      1     25      1     13      1      52     7.4204E+02  1.112E+14  2.812E-01  2.582E+01
      94      1     25      1     15      1      52     7.2254E+02  1.121E+13  1.000E-30  2.637E+00
      96      1     25      1     18      1      52     2.8218E+02  9.793E+12  1.962E+00  1.444E+01
      98      1     25      1     20      1      52     2.7102E+02  5.491E+12  1.000E-30  2.260E+00
     101      1     25      1     24      1      52     5.5989E+00  3.443E+07  9.489E-01  8.795E+00
     103      1     26      1     14      1      52     7.2843E+02  1.120E+14  8.454E-01  8.064E+00
     105      1     26      1     16      1      52     7.2149E+02  2.636E+12  1.000E-30  1.991E+00
     107      1     26      1     19      1      52     2.7476E+02  8.514E+12  6.116E+00  4.614E+00
     109      1     26      1     21      1      52     2.7114E+02  2.339E+12  1.000E-30  1.392E+00
     112      1     26      1     25      1      52     1.3194E+00  1.796E+05  3.963E-01  2.985E+00
     114      1     27      1     15      1      52     7.2446E+02  1.031E+14  1.461E+00  4.180E+00
     117      1     27      1     20      1      52     2.7295E+02  1.460E+13  1.129E+01  2.553E+00
     119      1     27      1     22      1      52     2.7075E+02  6.910E+11  1.000E-30  1.065E+00
     121      1     27      1     26      1      52     6.0740E-01  9.022E+03  1.825E-01  1.894E+00
     123      1     28      1     16      1      52     7.2273E+02  9.085E+13  1.641E+00  2.655E+00
     125      1     28      1     21      1      52     2.7238E+02  1.667E+13  1.822E+01  1.715E+00
     128      1     28      1     27      1      52     6.3240E-01  6.723E+03  1.108E-01  1.417E+00
     129      1     29      1     13      1      52     9.1039E+02  8.891E+13  1.000E-30  2.905E+01
     131      1     29      1     18      1      52     4.5053E+02  3.405E+13  1.000E-30  1.760E+01
     134      1     29      1     24      1      52     1.7396E+02  1.084E+13  1.000E-30  1.209E+01
     136      1     30      1     12      1      52     9.3797E+02  3.956E+13  5.796E-01  8.233E+00
     137      1     30      1     14      1      52     9.0065E+02  2.638E+13  1.000E-30  5.948E+00
     138      1     30      1     17      1      52     4.6848E+02  7.691E+12  1.396E+00  8.383E+00
     140      1     30      1     19      1      52     4.4698E+02  1.206E+13  1.000E-30  5.176E+00
     142      1     30      1     23      1      52     1.8704E+02  9.589E+11  5.359E+00  8.697E+00
     144      1     30      1     25      1      52     1.7354E+02  4.383E+12  1.000E-30  6.296E+00
     146      1     30      1     29      1      52     5.1810E+00  2.307E+07  5.249E+00  6.373E+00
     147      1     31      1     13      1      52     9.1941E+02  1.098E+14  1.133E-01  2.722E+01
     148      1     31      1     15      1      52     8.9991E+02  7.962E+12  1.000E-30  3.905E+00
     150      1     31      1     18      1      52     4.5956E+02  2.389E+13  4.681E-01  1.583E+01
     152      1     31      1     20      1      52     4.4840E+02  4.893E+12  1.000E-30  2.522E+00
     155      1     31      1     24      1      52     1.8298E+02  2.281E+12  2.814E+00  1.025E+01
     157      1     31      1     26      1      52     1.7606E+02  2.242E+12  1.000E-30  2.778E+00
     160      1     31      1     30      1      52     3.8407E+00  1.203E+07  1.300E+00  7.485E+00
     161      1     32      1     14      1      52     9.0519E+02  1.302E+14  2.946E-01  9.057E+00
     162      1     32      1     16      1      52     8.9825E+02  1.701E+12  1.000E-30  2.983E+00
     164      1     32      1     19      1      52     4.5152E+02  2.337E+13  1.179E+00  5.613E+00
     166      1     32      1     21      1      52     4.4790E+02  1.823E+12  1.000E-30  2.081E+00
     169      1     32      1     25      1      52     1.7808E+02  3.579E+12  6.366E+00  4.105E+00
     171      1     32      1     27      1      52     1.7615E+02  1.151E+12  1.000E-30  2.084E+00
     174      1     32      1     31      1      52     7.0280E-01  3.232E+04  3.523E-01  3.525E+00
     175      1     33      1     15      1      52     9.0089E+02  1.328E+14  4.171E-01  4.993E+00
     177      1     33      1     20      1      52     4.4938E+02  3.294E+13  1.769E+00  3.354E+00
     179      1     33      1     22      1      52     4.4717E+02  4.470E+11  1.000E-30  1.776E+00
     181      1     33      1     26      1      52     1.7704E+02  4.339E+12  8.846E+00  2.745E+00
     183      1     33      1     28      1      52     1.7580E+02  5.125E+11  1.000E-30  1.751E+00
     185      1     33      1     32      1      52     2.7490E-01  1.098E+03  1.451E-01  2.704E+00
     186      1     34      1     16      1      52     8.9895E+02  1.036E+14  3.464E-01  3.332E+00
     188      1     34      1     21      1      52     4.4860E+02  3.512E+13  2.070E+00  2.393E+00
     191      1     34      1     27      1      52     1.7685E+02  5.300E+12  1.125E+01  2.117E+00
     194      1     34      1     33      1      52     4.2420E-01  2.947E+03  8.845E-02  2.271E+00
     195      1     35      1     13      1      52     1.0346E+03  6.858E+13  1.000E-30  2.986E+01
     196      1     35      1     18      1      52     5.7478E+02  2.891E+13  1.000E-30  1.842E+01
     198      1     35      1     24      1      52     2.9820E+02  1.214E+13  1.000E-30  1.284E+01
     201      1     35      1     30      1      52     1.1906E+02  4.146E+12  1.000E-30  1.009E+01
     203      1     36      1     12      1      52     1.0606E+03  3.709E+13  3.571E-01  7.094E+00
     204      1     36      1     14      1      52     1.0233E+03  1.980E+13  1.000E-30  7.487E+00
     205      1     36      1     17      1      52     5.9109E+02  1.018E+13  6.930E-01  7.244E+00
     206      1     36      1     19      1      52     5.6958E+02  9.850E+12  1.000E-30  5.069E+00
     207      1     36      1     23      1      52     3.0964E+02  3.044E+12  1.612E+00  7.552E+00
     209      1     36      1     25      1      52     2.9614E+02  4.689E+12  1.000E-30  5.381E+00
     211      1     36      1     29      1      52     1.2779E+02  4.827E+11  5.978E+00  8.053E+00
     213      1     36      1     31      1      52     1.1877E+02  1.762E+12  1.000E-30  6.422E+00
     215      1     36      1     35      1      52     3.5433E+00  8.295E+06  5.041E+00  6.782E+00
     216      1     37      1     13      1      52     1.0410E+03  9.372E+13  5.426E-02  2.854E+01
     217      1     37      1     15      1      52     1.0215E+03  5.720E+12  1.000E-30  5.232E+00
     218      1     37      1     18      1      52     5.8110E+02  2.740E+13  1.759E-01  1.716E+01
     219      1     37      1     20      1      52     5.6995E+02  3.769E+12  1.000E-30  3.657E+00
     221      1     37      1     24      1      52     3.0452E+02  6.559E+12  6.184E-01  1.158E+01
     223      1     37      1     26      1      52     2.9760E+02  2.187E+12  1.000E-30  3.286E+00
     226      1     37      1     30      1      52     1.2539E+02  1.101E+12  3.175E+00  8.831E+00
     228      1     37      1     32      1      52     1.2084E+02  9.830E+11  1.000E-30  3.866E+00
     231      1     37      1     36      1      52     2.7803E+00  6.269E+06  1.419E+00  7.614E+00
     232      1     38      1     14      1      52     1.0264E+03  1.186E+14  1.190E-01  1.010E+01
     233      1     38      1     16      1      52     1.0194E+03  1.144E+12  1.000E-30  4.054E+00
     234      1     38      1     19      1      52     5.7269E+02  3.320E+13  3.602E-01  6.683E+00
     235      1     38      1     21      1      52     5.6908E+02  1.293E+12  1.000E-30  3.120E+00
     237      1     38      1     25      1      52     2.9925E+02  9.046E+12  1.104E+00  5.169E+00
     239      1     38      1     27      1      52     2.9733E+02  1.012E+12  1.000E-30  2.888E+00
     242      1     38      1     31      1      52     1.2188E+02  1.327E+12  4.759E+00  4.666E+00
     244      1     38      1     33      1      52     1.2090E+02  5.639E+11  1.000E-30  3.275E+00
     247      1     38      1     37      1      52     3.3030E-01  4.114E+03  2.732E-01  4.775E+00
     248      1     39      1     15      1      52     1.0219E+03  1.223E+14  1.366E-01  5.923E+00
     249      1     39      1     20      1      52     5.7035E+02  4.317E+13  4.312E-01  4.284E+00
     250      1     39      1     22      1      52     5.6815E+02  2.839E+11  1.000E-30  2.700E+00
     252      1     39      1     26      1      52     2.9801E+02  1.133E+13  1.260E+00  3.669E+00
     254      1     39      1     28      1      52     2.9677E+02  3.910E+11  1.000E-30  2.593E+00
     256      1     39      1     32      1      52     1.2125E+02  1.755E+12  5.106E+00  3.664E+00
     258      1     39      1     34      1      52     1.2055E+02  3.013E+11  1.000E-30  2.910E+00
     260      1     39      1     38      1      52     7.3900E-02  2.642E+01  1.045E-01  4.028E+00
     261      1     40      1     16      1      52     1.0198E+03  8.754E+13  8.602E-02  4.176E+00
     262      1     40      1     21      1      52     5.6945E+02  4.446E+13  3.846E-01  3.230E+00
     264      1     40      1     27      1      52     2.9770E+02  1.364E+13  1.267E+00  2.955E+00
     267      1     40      1     33      1      52     1.2127E+02  2.265E+12  5.610E+00  3.125E+00
     270      1     40      1     39      1      52     2.9800E-01  1.329E+03  6.532E-02  3.656E+00
     271      1     41      1     13      1      52     1.1233E+03  5.294E+13  1.000E-30  3.099E+01
     272      1     41      1     18      1      52     6.6340E+02  2.346E+13  1.000E-30  1.954E+01
     273      1     41      1     24      1      52     3.8682E+02  1.081E+13  1.000E-30  1.396E+01
     275      1     41      1     30      1      52     2.0768E+02  4.859E+12  1.000E-30  1.122E+01
     278      1     41      1     36      1      52     8.5076E+01  1.749E+12  1.000E-30  1.002E+01
     280      1     42      1     12      1      52     1.1482E+03  3.610E+13  2.006E-01  6.963E+00
     281      1     42      1     14      1      52     1.1108E+03  1.500E+13  1.000E-30  9.394E+00
     282      1     42      1     17      1      52     6.7867E+02  1.199E+13  3.476E-01  7.114E+00
     283      1     42      1     19      1      52     6.5716E+02  7.786E+12  1.000E-30  6.322E+00
     284      1     42      1     23      1      52     3.9722E+02  3.993E+12  6.504E-01  7.428E+00
     285      1     42      1     25      1      52     3.8372E+02  4.056E+12  1.000E-30  5.711E+00
     286      1     42      1     29      1      52     2.1536E+02  1.151E+12  1.471E+00  7.942E+00
     288      1     42      1     31      1      52     2.0634E+02  1.998E+12  1.000E-30  6.419E+00
     290      1     42      1     35      1      52     9.1119E+01  1.991E+11  5.327E+00  8.708E+00
     292      1     42      1     37      1      52     8.4795E+01  7.757E+11  1.000E-30  7.540E+00
     294      1     42      1     41      1      52     2.4992E+00  3.484E+06  4.097E+00  8.330E+00
     295      1     43      1     13      1      52     1.1279E+03  7.663E+13  2.390E-02  3.005E+01
     296      1     43      1     15      1      52     1.1084E+03  4.203E+12  1.000E-30  6.707E+00
     297      1     43      1     18      1      52     6.6800E+02  2.597E+13  6.676E-02  1.860E+01
     298      1     43      1     20      1      52     6.5684E+02  2.859E+12  1.000E-30  5.087E+00
     299      1     43      1     24      1      52     3.9142E+02  8.734E+12  1.837E-01  1.302E+01
     300      1     43      1     26      1      52     3.8450E+02  1.795E+12  1.000E-30  4.536E+00
     302      1     43      1     30      1      52     2.1228E+02  2.762E+12  5.579E-01  1.026E+01
     304      1     43      1     32      1      52     2.0774E+02  1.028E+12  1.000E-30  4.747E+00
     307      1     43      1     36      1      52     8.9678E+01  4.591E+11  2.609E+00  9.076E+00
     309      1     43      1     38      1      52     8.6568E+01  4.609E+11  1.000E-30  5.598E+00
     312      1     43      1     42      1      52     2.1031E+00  3.267E+06  1.284E+00  8.909E+00
     313      1     44      1     15      1      52     1.1084E+03  1.052E+14  1.753E-02  7.107E+00
     314      1     44      1     20      1      52     6.5688E+02  4.457E+13  4.779E-02  5.461E+00
     315      1     44      1     22      1      52     6.5468E+02  1.901E+11  1.000E-30  3.878E+00
     316      1     44      1     26      1      52     3.8454E+02  1.762E+13  1.196E-01  4.852E+00
     317      1     44      1     28      1      52     3.8330E+02  2.756E+11  1.000E-30  3.763E+00
     319      1     44      1     32      1      52     2.0778E+02  5.754E+12  3.687E-01  4.843E+00
     321      1     44      1     34      1      52     2.0708E+02  2.596E+11  1.000E-30  4.010E+00
     323      1     44      1     38      1      52     8.6605E+01  9.509E+11  2.027E+00  5.293E+00
     325      1     44      1     40      1      52     8.6233E+01  1.691E+11  1.000E-30  4.646E+00
     327      1     45      1     14      1      52     1.1130E+03  1.013E+14  3.356E-02  1.139E+01
     328      1     45      1     16      1      52     1.1061E+03  8.013E+11  1.000E-30  5.340E+00
     329      1     45      1     19      1      52     6.5935E+02  3.688E+13  8.597E-02  7.964E+00
     330      1     45      1     21      1      52     6.5574E+02  9.353E+11  1.000E-30  4.401E+00
     331      1     45      1     25      1      52     3.8591E+02  1.308E+13  2.064E-01  6.450E+00
     332      1     45      1     27      1      52     3.8399E+02  7.761E+11  1.000E-30  4.135E+00
     334      1     45      1     31      1      52     2.0854E+02  3.951E+12  5.517E-01  5.940E+00
     336      1     45      1     33      1      52     2.0756E+02  5.442E+11  1.000E-30  4.345E+00
     339      1     45      1     37      1      52     8.6990E+01  6.517E+11  2.497E+00  6.106E+00
     341      1     45      1     39      1      52     8.6586E+01  2.854E+11  1.000E-30  5.054E+00
     344      1     45      1     43      1      52     9.2200E-02  1.071E+02  2.002E-01  6.578E+00
     345      1     45      1     44      1      52     5.4600E-02  1.758E+01  1.000E-30  6.033E+00
     346      1     46      1     16      1      52     1.1062E+03  6.377E+13  1.000E-30  5.279E+00
     347      1     46      1     21      1      52     6.5590E+02  4.302E+13  1.000E-30  4.333E+00
     348      1     46      1     27      1      52     3.8415E+02  2.173E+13  1.059E-02  4.060E+00
     350      1     46      1     33      1      52     2.0772E+02  8.270E+12  1.514E-01  4.225E+00
     353      1     46      1     39      1      52     8.6749E+01  1.375E+12  1.622E+00  4.769E+00
     355      1     46      1     44      1      52     2.1720E-01  6.279E+02  4.934E-02  5.689E+00
     357      1     48      1     47      1      52     3.1750E+02  1.698E+12  1.083E-01  1.840E+02
     358      1     49      1     48      1      52     3.6284E+02  1.052E+13  5.954E-03  2.763E+02
     359      1     51      1     50      1      52     7.7750E-01  2.593E+04  5.068E-02  1.384E+02
     360      1     52      1     51      1      52     6.6689E+02  1.647E+14  1.000E-30  4.205E+02
     361      1     54      1     53      1      52     3.0082E+01  9.862E+09  1.000E-30  1.846E+02
     362      1     55      1     53      1      52     1.0120E+02  1.696E+11  1.439E-01  8.080E+01
     363      1     56      1     54      1      52     1.0442E+02  1.871E+11  1.597E-01  7.435E+01
     364      1     56      1     55      1      52     3.3297E+01  1.328E+10  1.000E-30  1.923E+02
     365      1     57      1     55      1      52     9.2670E+01  1.096E+11  2.543E-02  1.109E+02
     367      1     58      1     56      1      52     9.3608E+01  1.134E+11  2.665E-02  1.064E+02
     368      1     58      1     57      1      52     3.4235E+01  1.441E+10  1.000E-30  1.948E+02
     369      1     61      1     60      1      53     7.7081E+01  7.890E+09  5.925E-06  1.825E-02
     370      1     62      1     60      1      53     8.3045E+01  1.187E+10  1.000E-30  1.905E-02
     373      1     63      1     61      1      53     8.0094E+00  2.057E+04  1.000E-30  8.983E-03
     375      1     64      1     60      1      53     4.6515E+02  6.487E+11  4.059E+01  7.054E-02
     378      1     65      1     60      1      53     5.0090E+02  5.574E+12  3.867E-06  7.531E-02
     380      1     65      1     63      1      53     4.1581E+02  2.049E+11  8.683E+01  6.391E-02
     381      1     67      1     66      1      53     9.2071E+01  1.094E+11  1.807E-01  5.734E+01
     383      1     68      1     67      1      53     2.1266E+02  1.703E+12  3.443E-02  4.000E+01
     385      1     69      1     67      1      53     2.3259E+02  1.378E+12  1.000E-30  2.166E+01
     386      1     71      1     70      1      53     1.8245E+01  4.928E+08  6.821E-01  1.297E+01
     388      1     72      1     71      1      53     7.1086E+01  1.202E+11  2.593E-01  3.430E+01
     390      1     73      1     72      1      53     1.1156E+02  3.769E+11  5.212E-01  1.018E+01
     392      1     74      1     71      1      53     8.8734E+02  6.525E+14  1.000E-30  4.838E+01
     393      1     75      1     70      1      53     9.0769E+02  1.859E+14  1.235E+00  2.993E+01
     395      1     75      1     72      1      53     8.1835E+02  1.363E+14  1.000E-30  1.702E+01
     396      1     75      1     74      1      53     2.1014E+00  5.031E+05  2.379E+00  5.111E+00
     398      1     76      1     71      1      53     9.4411E+02  6.660E+14  7.223E-01  4.081E+01
     400      1     76      1     73      1      53     7.6146E+02  2.409E+13  1.000E-30  3.419E+00
     402      1     76      1     75      1      53     5.4666E+01  7.638E+10  7.892E-01  2.306E+01
     404      1     77      1     72      1      53     9.7713E+02  7.079E+14  2.491E+00  1.413E+01
     407      1     77      1     76      1      53     1.0411E+02  3.604E+11  3.191E+00  5.508E+00
     409      1     78      1     73      1      53     1.0763E+03  8.285E+14  7.067E+00  6.614E+00
     411      1     78      1     77      1      53     2.1071E+02  2.070E+12  4.645E+00  2.376E+00
     412      1     79      1     70      1      53     1.3871E+03  2.699E+14  5.418E-01  1.847E+01
     414      1     79      1     72      1      53     1.2978E+03  1.128E+14  1.000E-30  9.856E+00
     415      1     79      1     74      1      53     4.8154E+02  2.049E+13  2.265E+00  1.763E+01
     417      1     79      1     76      1      53     4.2478E+02  3.067E+13  1.000E-30  1.081E+01
     420      1     80      1     71      1      53     1.3753E+03  5.325E+14  1.000E-30  4.859E+01
     422      1     80      1     75      1      53     4.8588E+02  1.511E+14  1.000E-30  3.026E+01
     424      1     80      1     79      1      53     6.4349E+00  1.950E+08  1.000E-30  1.726E+01
     426      1     81      1     71      1      53     1.4208E+03  8.725E+14  1.661E-01  4.421E+01
     428      1     81      1     73      1      53     1.2382E+03  1.938E+13  1.000E-30  4.815E+00
     430      1     81      1     75      1      53     5.3137E+02  9.533E+13  1.190E+00  2.582E+01
     432      1     81      1     77      1      53     3.7259E+02  6.516E+12  1.000E-30  2.435E+00
     434      1     81      1     79      1      53     5.1923E+01  6.410E+10  2.744E+00  1.378E+01
     438      1     82      1     76      1      53     5.7966E+02  9.438E+13  4.845E+00  7.379E+00
     440      1     82      1     78      1      53     2.6484E+02  4.675E+11  1.000E-30  1.198E+00
     442      1     82      1     81      1      53     1.0296E+02  4.335E+11  1.133E+01  3.700E+00
     443      1     83      1     74      1      53     7.7070E+02  4.020E+13  9.119E-01  1.199E+01
     445      1     83      1     76      1      53     7.1393E+02  3.155E+13  1.000E-30  6.405E+00
     447      1     83      1     80      1      53     2.8272E+02  3.233E+12  3.588E+00  1.181E+01
     448      1     83      1     81      1      53     2.3723E+02  7.145E+12  1.000E-30  7.801E+00
     451      1     84      1     75      1      53     7.7945E+02  1.369E+14  1.000E-30  3.057E+01
     452      1     84      1     79      1      53     3.0001E+02  4.698E+13  1.000E-30  1.822E+01
     455      1     84      1     83      1      53     1.0851E+01  1.370E+09  1.000E-30  1.269E+01
     457      1     85      1     75      1      53     8.2063E+02  1.616E+14  2.821E-01  2.772E+01
     459      1     85      1     77      1      53     6.6185E+02  7.633E+12  1.000E-30  2.733E+00
     460      1     85      1     79      1      53     3.4119E+02  1.908E+13  2.163E+00  1.543E+01
     463      1     85      1     82      1      53     1.8630E+02  1.185E+12  1.000E-30  2.304E+00
     464      1     85      1     83      1      53     5.2031E+01  6.689E+10  7.578E+00  9.580E+00
     467      1     86      1     77      1      53     6.7729E+02  1.544E+14  1.306E+01  3.593E+00
     470      1     86      1     82      1      53     2.0174E+02  3.995E+12  1.748E+01  1.831E+00
     473      1     87      1     78      1      53     5.1236E+02  6.899E+13  1.930E+01  2.144E+00
     475      1     87      1     86      1      53     4.5782E+01  2.138E+10  3.872E+00  1.112E+00
     477      1     88      1     76      1      53     8.6948E+02  2.117E+14  9.031E-01  8.634E+00
     479      1     88      1     78      1      53     5.5466E+02  8.925E+11  1.000E-30  2.055E+00
     481      1     88      1     81      1      53     3.9278E+02  2.857E+13  7.914E+00  4.890E+00
     484      1     88      1     85      1      53     1.0351E+02  1.090E+12  2.538E+01  3.246E+00
     485      1     88      1     86      1      53     8.8076E+01  3.712E+10  1.000E-30  1.373E+00
     487      1     89      1     74      1      53     9.5869E+02  4.435E+13  5.235E-01  9.271E+00
     488      1     89      1     76      1      53     9.0192E+02  2.524E+13  1.000E-30  6.279E+00
     490      1     89      1     80      1      53     4.7071E+02  8.103E+12  1.309E+00  8.962E+00
     491      1     89      1     81      1      53     4.2522E+02  9.399E+12  1.000E-30  5.393E+00
     494      1     89      1     84      1      53     1.7714E+02  7.899E+11  4.887E+00  9.134E+00
     495      1     89      1     85      1      53     1.3596E+02  1.572E+12  1.000E-30  6.543E+00
     497      1     90      1     75      1      53     9.7022E+02  1.074E+14  1.000E-30  3.112E+01
     498      1     90      1     79      1      53     4.9078E+02  4.476E+13  1.000E-30  1.877E+01
     501      1     90      1     83      1      53     2.0163E+02  1.814E+13  1.000E-30  1.272E+01
     504      1     90      1     89      1      53     1.3639E+01  2.340E+09  1.000E-30  6.370E+00
     505      1     91      1     75      1      53     1.0099E+03  1.547E+14  1.129E-01  2.916E+01
     506      1     91      1     77      1      53     8.5110E+02  6.147E+12  1.000E-30  4.038E+00
     507      1     91      1     79      1      53     5.3043E+02  4.046E+13  4.893E-01  1.687E+01
     510      1     91      1     82      1      53     3.7555E+02  2.321E+12  1.000E-30  2.514E+00
     511      1     91      1     83      1      53     2.4127E+02  5.874E+12  3.435E+00  1.083E+01
     515      1     91      1     88      1      53     8.5729E+01  1.215E+11  1.000E-30  2.768E+00
     516      1     91      1     89      1      53     5.3287E+01  1.226E+11  1.628E+01  7.882E+00
     518      1     92      1     74      1      53     1.0879E+03  4.206E+13  3.125E-01  8.289E+00
     519      1     92      1     76      1      53     1.0312E+03  1.940E+13  1.000E-30  7.841E+00
     520      1     92      1     80      1      53     5.9995E+02  1.084E+13  6.593E-01  7.750E+00
     521      1     92      1     81      1      53     5.5446E+02  8.420E+12  1.000E-30  5.200E+00
     523      1     92      1     84      1      53     3.0638E+02  2.448E+12  1.534E+00  7.858E+00
     524      1     92      1     85      1      53     2.6520E+02  2.863E+12  1.000E-30  5.478E+00
     527      1     92      1     90      1      53     1.1560E+02  3.427E+11  5.341E+00  8.282E+00
     528      1     92      1     91      1      53     7.5952E+01  2.803E+11  1.000E-30  6.521E+00
     529      1     93      1     75      1      53     1.1014E+03  8.255E+13  1.000E-30  3.191E+01
     530      1     93      1     79      1      53     6.2192E+02  3.724E+13  1.000E-30  1.955E+01
     531      1     93      1     83      1      53     3.3276E+02  1.758E+13  1.000E-30  1.351E+01
     534      1     93      1     89      1      53     1.4478E+02  8.347E+12  1.000E-30  1.049E+01
     537      1     93      1     92      1      53     1.5538E+01  9.791E+09  1.000E-30  9.279E+00
     538      1     94      1     76      1      53     1.0597E+03  2.316E+14  3.126E-01  9.674E+00
     539      1     94      1     78      1      53     7.4491E+02  7.773E+11  1.000E-30  3.064E+00
     541      1     94      1     81      1      53     5.8303E+02  5.641E+13  1.402E+00  5.905E+00
     544      1     94      1     85      1      53     2.9377E+02  2.083E+13  9.947E+00  4.235E+00
     545      1     94      1     86      1      53     2.7833E+02  2.624E+11  1.000E-30  2.054E+00
     549      1     94      1     91      1      53     1.0453E+02  1.693E+12  3.719E+01  3.644E+00
     552      1     95      1     77      1      53     9.6122E+02  2.745E+14  1.754E+00  4.473E+00
     555      1     95      1     82      1      53     4.8567E+02  8.699E+13  1.863E+01  2.679E+00
     558      1     95      1     87      1      53     2.3815E+02  3.992E+11  1.000E-30  1.062E+00
     559      1     95      1     88      1      53     1.9586E+02  7.659E+12  3.114E+01  2.011E+00
     561      1     95      1     94      1      53     5.5996E+00  8.070E+06  1.816E-01  2.036E+00
     562      1     96      1     75      1      53     1.1409E+03  1.304E+14  5.446E-02  3.052E+01
     563      1     96      1     77      1      53     9.8211E+02  4.717E+12  1.000E-30  5.382E+00
     564      1     96      1     79      1      53     6.6145E+02  4.404E+13  1.851E-01  1.816E+01
     565      1     96      1     82      1      53     5.0657E+02  2.274E+12  1.000E-30  3.646E+00
     566      1     96      1     83      1      53     3.7229E+02  1.333E+13  7.091E-01  1.212E+01
     569      1     96      1     88      1      53     2.1675E+02  5.933E+11  1.000E-30  3.219E+00
     570      1     96      1     89      1      53     1.8430E+02  3.506E+12  4.460E+00  9.130E+00
     573      1     96      1     92      1      53     5.5065E+01  2.496E+11  2.651E+01  7.787E+00
     575      1     96      1     94      1      53     2.6491E+01  2.131E+09  1.000E-30  3.794E+00
     578      1     97      1     78      1      53     7.9354E+02  1.257E+14  1.643E+00  2.820E+00
     580      1     97      1     86      1      53     3.2696E+02  3.136E+13  2.067E+01  1.765E+00
     584      1     97      1     95      1      53     4.3029E+01  3.758E+10  7.137E+00  1.457E+00
     585      1     98      1     74      1      53     1.1808E+03  4.061E+13  1.758E-01  8.412E+00
     586      1     98      1     76      1      53     1.1240E+03  1.494E+13  1.000E-30  9.771E+00
     587      1     98      1     80      1      53     6.9278E+02  1.295E+13  3.372E-01  7.636E+00
     588      1     98      1     81      1      53     6.4729E+02  6.978E+12  1.000E-30  6.419E+00
     589      1     98      1     84      1      53     3.9921E+02  4.041E+12  6.450E-01  7.654E+00
     590      1     98      1     85      1      53     3.5803E+02  2.923E+12  1.000E-30  5.710E+00
     592      1     98      1     90      1      53     2.0843E+02  1.013E+12  1.421E+00  8.065E+00
     593      1     98      1     91      1      53     1.6878E+02  8.510E+11  1.000E-30  6.401E+00
     595      1     98      1     93      1      53     7.7294E+01  1.106E+11  4.628E+00  8.764E+00
     597      1     98      1     96      1      53     3.7767E+01  2.891E+10  1.000E-30  7.505E+00
     598      1     99      1     75      1      53     1.1956E+03  6.384E+13  1.000E-30  3.300E+01
     599      1     99      1     79      1      53     7.1611E+02  2.988E+13  1.000E-30  2.064E+01
     600      1     99      1     83      1      53     4.2696E+02  1.504E+13  1.000E-30  1.460E+01
     601      1     99      1     89      1      53     2.3897E+02  7.961E+12  1.000E-30  1.158E+01
     604      1     99      1     92      1      53     1.0973E+02  4.462E+12  1.000E-30  1.017E+01
     607      1     99      1     98      1      53     1.6897E+01  2.592E+10  1.000E-30  1.007E+01
     608      1    100      1     75      1      53     1.2357E+03  1.062E+14  2.498E-02  3.199E+01
     609      1    100      1     77      1      53     1.0769E+03  3.616E+12  1.000E-30  6.843E+00
     610      1    100      1     79      1      53     7.5626E+02  4.088E+13  7.356E-02  1.963E+01
     611      1    100      1     82      1      53     6.0138E+02  1.948E+12  1.000E-30  5.062E+00
     612      1    100      1     83      1      53     4.6710E+02  1.662E+13  2.155E-01  1.359E+01
     613      1    100      1     88      1      53     3.1156E+02  7.457E+11  1.000E-30  4.438E+00
     614      1    100      1     89      1      53     2.7912E+02  7.360E+12  7.315E-01  1.055E+01
     617      1    100      1     92      1      53     1.4988E+02  2.788E+12  4.384E+00  9.177E+00
     619      1    100      1     94      1      53     1.2130E+02  1.151E+11  1.000E-30  4.609E+00
     621      1    100      1     98      1      53     5.7044E+01  3.944E+11  3.426E+01  8.904E+00
     623      1    101      1     76      1      53     1.1918E+03  2.051E+14  1.288E-01  1.069E+01
     624      1    101      1     78      1      53     8.7698E+02  6.065E+11  1.000E-30  4.131E+00
     625      1    101      1     81      1      53     7.1510E+02  7.358E+13  4.273E-01  6.967E+00
     627      1    101      1     85      1      53     4.2583E+02  3.149E+13  1.519E+00  5.290E+00
     628      1    101      1     86      1      53     4.1039E+02  3.384E+11  1.000E-30  3.083E+00
     631      1    101      1     91      1      53     2.3659E+02  1.349E+13  9.059E+00  4.680E+00
     634      1    101      1     95      1      53     1.2646E+02  4.014E+10  1.000E-30  2.808E+00
     635      1    101      1     96      1      53     1.0557E+02  2.727E+12  4.289E+01  4.778E+00
     638      1    101      1    100      1      53     1.0760E+01  7.769E+07  1.417E-01  5.436E+00
     639      1    102      1     77      1      53     1.1469E+03  3.189E+14  4.910E-01  5.287E+00
     641      1    102      1     82      1      53     6.7131E+02  1.371E+14  2.479E+00  3.488E+00
     644      1    102      1     87      1      53     4.2378E+02  3.479E+11  1.000E-30  1.767E+00
     645      1    102      1     88      1      53     3.8149E+02  6.256E+13  1.785E+01  2.800E+00
     647      1    102      1     94      1      53     1.9123E+02  1.196E+13  3.675E+01  2.741E+00
     650      1    102      1     97      1      53     1.4260E+02  2.131E+11  1.000E-30  1.711E+00
     652      1    102      1    101      1      53     5.9168E+01  1.196E+10  1.398E-01  3.187E+00
     653      1    103      1     76      1      53     1.2875E+03  1.730E+14  4.157E-02  1.201E+01
     654      1    103      1     78      1      53     9.7272E+02  4.653E+11  1.000E-30  5.391E+00
     655      1    103      1     81      1      53     8.1083E+02  7.920E+13  1.153E-01  8.226E+00
     656      1    103      1     85      1      53     5.2157E+02  3.922E+13  3.082E-01  6.543E+00
     657      1    103      1     86      1      53     5.0613E+02  3.199E+11  1.000E-30  4.336E+00
     659      1    103      1     91      1      53     3.3233E+02  2.042E+13  9.702E-01  5.933E+00
     662      1    103      1     95      1      53     2.2220E+02  8.722E+10  1.000E-30  4.026E+00
     663      1    103      1     96      1      53     2.0131E+02  1.222E+13  6.055E+00  6.012E+00
     665      1    103      1    100      1      53     1.0650E+02  4.302E+12  4.538E+01  6.652E+00
     667      1    103      1    102      1      53     3.6571E+01  1.260E+09  1.000E-30  4.196E+00
     668      1    104      1     78      1      53     9.7661E+02  1.384E+14  3.515E-01  3.499E+00
     670      1    104      1     86      1      53     5.1003E+02  5.433E+13  2.274E+00  2.438E+00
     674      1    104      1     95      1      53     2.2610E+02  1.219E+13  1.431E+01  2.121E+00
     677      1    104      1    102      1      53     4.0464E+01  5.837E+10  8.260E+00  2.254E+00
     679      1    105      1     77      1      53     1.2750E+03  2.771E+14  1.640E-01  6.207E+00
     680      1    105      1     82      1      53     7.9944E+02  1.471E+14  5.950E-01  4.407E+00
     682      1    105      1     87      1      53     5.5191E+02  2.445E+11  1.000E-30  2.680E+00
     683      1    105      1     88      1      53     5.0962E+02  7.552E+13  2.134E+00  3.713E+00
     685      1    105      1     94      1      53     3.1936E+02  4.936E+13  1.248E+01  3.644E+00
     688      1    105      1     97      1      53     2.7073E+02  2.617E+11  1.000E-30  2.534E+00
     690      1    105      1    101      1      53     1.8730E+02  1.826E+13  3.790E+01  4.052E+00
     692      1    105      1    103      1      53     9.1560E+01  2.090E+10  4.568E-02  4.900E+00
     693      1    105      1    104      1      53     8.7667E+01  8.112E+10  1.000E-30  2.824E+00
     694      1    106      1     78      1      53     1.1024E+03  1.143E+14  9.191E-02  4.323E+00
     695      1    106      1     86      1      53     6.3583E+02  6.443E+13  4.376E-01  3.262E+00
     698      1    106      1     95      1      53     3.5190E+02  2.388E+13  1.522E+00  2.944E+00
     701      1    106      1    102      1      53     1.6626E+02  6.601E+12  7.830E+00  3.068E+00
     704      1    106      1    105      1      53     3.8133E+01  8.331E+10  8.298E+00  3.575E+00
     705      1    107      1     77      1      53     1.3672E+03  2.305E+14  3.044E-02  7.359E+00
     706      1    107      1     82      1      53     8.9170E+02  1.401E+14  9.179E-02  5.559E+00
     707      1    107      1     87      1      53     6.4417E+02  1.728E+11  1.000E-30  3.831E+00
     708      1    107      1     88      1      53     6.0188E+02  9.188E+13  2.580E-01  4.864E+00
     710      1    107      1     94      1      53     4.1162E+02  6.521E+13  8.949E-01  4.796E+00
     712      1    107      1     97      1      53     3.6299E+02  2.136E+11  1.000E-30  3.675E+00
     714      1    107      1    101      1      53     2.7956E+02  5.222E+13  6.426E+00  5.192E+00
     716      1    107      1    103      1      53     1.8382E+02  2.694E+13  3.664E+01  6.022E+00
     717      1    107      1    104      1      53     1.7993E+02  1.427E+11  1.000E-30  3.889E+00
     719      1    107      1    106      1      53     5.4126E+01  2.537E+10  1.000E-30  4.494E+00
     720      1    108      1     78      1      53     1.1926E+03  8.242E+13  5.287E-03  5.389E+00
     721      1    108      1     86      1      53     7.2599E+02  6.084E+13  2.317E-02  4.335E+00
     723      1    108      1     95      1      53     4.4206E+02  3.412E+13  8.131E-02  4.011E+00
     725      1    108      1    102      1      53     2.5642E+02  1.612E+13  3.462E-01  4.137E+00
     728      1    108      1    105      1      53     1.2829E+02  4.963E+12  2.887E+00  4.640E+00
     730      1    108      1    107      1      53     3.6034E+01  1.107E+11  8.166E+00  5.523E+00
     731      1    110      1    109      1      53     1.0325E+02  3.706E+11  1.000E-30  3.596E+02
     732      1    111      1    109      1      53     6.2828E+02  9.297E+13  6.967E-03  4.026E+02
     733      1    114      1    113      1      54     7.1415E+00  1.131E+06  1.000E-30  8.646E-03
     735      1    115      1    114      1      54     4.2027E+02  3.498E+11  5.852E+01  6.424E-02
     736      1    117      1    116      1      54     8.2284E+01  5.121E+09  1.306E+02  5.455E-02
     737      1    118      1    117      1      54     6.5579E+01  2.582E+10  1.876E-02  9.903E+01
     739      1    120      1    119      1      54     2.7707E+01  3.708E+08  4.588E+01  1.476E-01
     740      1    121      1    120      1      54     3.4184E+01  7.187E+09  1.168E-01  3.541E+01
     743      1    122      1    121      1      54     1.1729E+01  6.792E+07  5.290E-02  1.015E+01
     745      1    124      1    119      1      54     9.4819E+02  2.232E+14  1.224E+00  3.164E+01
     746      1    124      1    121      1      54     8.8629E+02  1.776E+14  1.000E-30  1.796E+01
     747      1    123      1    120      1      54     9.0352E+02  6.483E+14  1.000E-30  5.178E+01
     749      1    124      1    123      1      54     1.6956E+01  1.682E+08  2.779E+01  3.720E-01
     750      1    125      1    120      1      54     9.3511E+02  6.511E+14  6.562E-01  4.328E+01
     753      1    125      1    122      1      54     8.8920E+02  4.328E+13  1.000E-30  3.668E+00
     754      1    125      1    124      1      54     1.4632E+01  5.961E+08  2.138E-01  2.267E+01
     757      1    126      1    121      1      54     9.0719E+02  5.740E+14  2.067E+00  1.523E+01
     759      1    126      1    125      1      54     6.2624E+00  1.687E+07  1.863E-01  5.469E+00
     761      1    127      1    122      1      54     9.0472E+02  4.897E+14  5.350E+00  7.056E+00
     763      1    127      1    126      1      54     9.2648E+00  2.175E+07  1.183E-01  2.275E+00
     765      1    129      1    121      1      54     1.3816E+03  1.377E+14  1.000E-30  1.048E+01
     767      1    129      1    123      1      54     5.1224E+02  2.622E+13  2.286E+00  1.869E+01
     768      1    129      1    125      1      54     4.8065E+02  4.772E+13  1.000E-30  1.138E+01
     770      1    128      1    120      1      54     1.4063E+03  5.432E+14  1.000E-30  5.189E+01
     772      1    128      1    124      1      54     4.8585E+02  1.393E+14  1.000E-30  3.235E+01
     775      1    129      1    128      1      54     9.4325E+00  4.481E+07  1.602E+01  7.651E-01
     777      1    130      1    120      1      54     1.4246E+03  2.912E+14  1.133E+00  4.131E+00
     779      1    130      1    122      1      54     1.3787E+03  2.881E+13  1.000E-30  5.139E+00
     780      1    130      1    124      1      54     5.0408E+02  8.132E+13  1.035E+00  2.741E+01
     783      1    130      1    126      1      54     4.8319E+02  1.777E+13  1.000E-30  2.569E+00
     785      1    130      1    129      1      54     8.7978E+00  1.387E+08  4.660E-01  1.369E+01
     788      1    131      1    121      1      54     1.3942E+03  1.021E+15  3.805E-01  1.735E+01
     790      1    131      1    125      1      54     4.9329E+02  5.786E+13  3.725E+00  7.899E+00
     791      1    131      1    127      1      54     4.7777E+02  4.779E+12  1.000E-30  1.249E+00
     793      1    131      1    130      1      54     3.8408E+00  4.755E+06  4.107E-01  3.667E+00
     795      1    132      1    122      1      54     1.3904E+03  9.312E+14  5.970E-01  8.436E+00
     797      1    132      1    126      1      54     4.9497E+02  5.288E+13  8.713E+00  3.785E+00
     799      1    132      1    131      1      54     7.9348E+00  2.157E+07  2.765E-01  1.760E+00
     800      1    133      1    127      1      54     4.8686E+02  5.492E+13  1.692E+01  2.243E+00
     801      1    133      1    132      1      54     1.1594E+00  2.396E+04  9.829E-02  1.066E+00
     802      1    134      1    124      1      54     7.8763E+02  1.329E+14  1.000E-30  3.262E+01
     804      1    134      1    129      1      54     2.9235E+02  3.910E+13  1.000E-30  1.944E+01
     808      1    135      1    123      1      54     8.1021E+02  4.856E+13  9.223E-01  1.241E+01
     809      1    135      1    125      1      54     7.7862E+02  4.261E+13  1.000E-30  1.092E+01
     811      1    135      1    128      1      54     3.0740E+02  4.429E+12  3.724E+00  1.248E+01
     812      1    135      1    130      1      54     2.8917E+02  1.497E+13  1.000E-30  6.850E+00
     814      1    135      1    134      1      54     5.6221E+00  1.482E+07  4.969E+00  4.451E+00
     815      1    136      1    124      1      54     7.9909E+02  1.478E+14  2.262E-01  3.257E+01
     818      1    136      1    126      1      54     7.7820E+02  1.408E+13  1.000E-30  5.831E+00
     819      1    136      1    129      1      54     3.0380E+02  1.479E+13  1.501E+00  1.937E+01
     822      1    136      1    131      1      54     2.9116E+02  6.817E+12  1.000E-30  3.877E+00
     825      1    136      1    135      1      54     5.8334E+00  3.984E+07  8.358E-01  9.586E+00
     827      1    137      1    125      1      54     7.8707E+02  1.625E+14  6.304E-01  1.085E+01
     828      1    137      1    127      1      54     7.7154E+02  3.223E+12  1.000E-30  3.776E+00
     830      1    137      1    130      1      54     2.9761E+02  1.184E+13  4.211E+00  6.783E+00
     831      1    137      1    132      1      54     2.8584E+02  2.689E+12  1.000E-30  2.633E+00
     833      1    137      1    136      1      54     2.6080E+00  1.981E+06  6.084E-01  3.173E+00
     835      1    138      1    126      1      54     7.8806E+02  1.593E+14  1.091E+00  5.713E+00
     837      1    138      1    131      1      54     3.0103E+02  1.479E+13  8.101E+00  3.759E+00
     838      1    138      1    133      1      54     2.9194E+02  8.702E+11  1.000E-30  1.937E+00
     840      1    138      1    137      1      54     7.2571E+00  2.456E+07  3.285E-01  1.913E+00
     841      1    139      1    127      1      54     7.7953E+02  1.331E+14  1.217E+00  3.627E+00
     842      1    139      1    132      1      54     2.9383E+02  1.739E+13  1.310E+01  2.484E+00
     843      1    139      1    138      1      54     7.3047E-01  1.098E+04  1.226E-01  1.390E+00
     844      1    140      1    133      1      54     2.9317E+02  2.090E+13  2.078E+01  1.762E+00
     845      1    140      1    139      1      54     5.0455E-01  1.466E+03  4.816E-02  1.060E+00
     846      1    141      1    124      1      54     9.8280E+02  1.059E+14  1.000E-30  3.312E+01
     847      1    141      1    129      1      54     4.8751E+02  4.076E+13  1.000E-30  1.991E+01
     851      1    141      1    135      1      54     1.8954E+02  1.307E+13  1.000E-30  1.342E+01
     853      1    142      1    123      1      54     1.0032E+03  5.167E+13  5.486E-01  9.162E+00
     854      1    142      1    125      1      54     9.7165E+02  3.236E+13  1.000E-30  1.146E+01
     856      1    142      1    128      1      54     5.0043E+02  1.015E+13  1.337E+00  9.293E+00
     857      1    142      1    130      1      54     4.8220E+02  1.474E+13  1.000E-30  7.390E+00
     859      1    142      1    134      1      54     1.9865E+02  1.172E+12  5.294E+00  9.516E+00
     861      1    142      1    136      1      54     1.8719E+02  5.362E+12  1.000E-30  6.754E+00
     863      1    142      1    141      1      54     3.4847E+00  5.001E+06  5.252E+00  4.326E+00
     864      1    143      1    124      1      54     9.9046E+02  1.414E+14  9.489E-02  3.306E+01
     865      1    143      1    126      1      54     9.6956E+02  1.001E+13  1.000E-30  6.355E+00
     866      1    143      1    129      1      54     4.9517E+02  3.229E+13  3.786E-01  1.986E+01
     869      1    143      1    131      1      54     4.8253E+02  6.111E+12  1.000E-30  4.403E+00
     872      1    143      1    135      1      54     1.9720E+02  2.968E+12  2.632E+00  1.133E+01
     874      1    143      1    137      1      54     1.8876E+02  2.758E+12  1.000E-30  2.781E+00
     877      1    143      1    142      1      54     4.1712E+00  1.475E+07  1.195E+00  7.838E+00
     878      1    144      1    125      1      54     9.7774E+02  1.727E+14  2.382E-01  1.136E+01
     879      1    144      1    127      1      54     9.6221E+02  2.088E+12  1.000E-30  4.284E+00
     881      1    144      1    130      1      54     4.8829E+02  3.318E+13  9.298E-01  7.286E+00
     882      1    144      1    132      1      54     4.7651E+02  2.177E+12  1.000E-30  3.141E+00
     884      1    144      1    136      1      54     1.9328E+02  4.651E+12  6.210E+00  4.334E+00
     885      1    144      1    138      1      54     1.8342E+02  1.259E+12  1.000E-30  2.002E+00
     887      1    144      1    143      1      54     1.9160E+00  9.768E+05  6.215E-01  3.533E+00
     888      1    145      1    126      1      54     9.7835E+02  1.807E+14  3.472E-01  6.196E+00
     890      1    145      1    131      1      54     4.9132E+02  3.734E+13  1.479E+00  4.242E+00
     891      1    145      1    133      1      54     4.8223E+02  5.631E+11  1.000E-30  2.420E+00
     893      1    145      1    137      1      54     1.9755E+02  6.021E+12  9.424E+00  2.774E+00
     894      1    145      1    139      1      54     1.8956E+02  6.426E+11  1.000E-30  1.657E+00
     896      1    145      1    144      1      54     6.8766E+00  2.769E+07  2.706E-01  2.609E+00
     897      1    146      1    127      1      54     9.6958E+02  1.359E+14  2.929E-01  4.080E+00
     898      1    146      1    132      1      54     4.8388E+02  4.671E+13  1.795E+00  2.937E+00
     899      1    146      1    138      1      54     1.9078E+02  6.441E+12  1.206E+01  2.092E+00
     900      1    146      1    140      1      54     1.8955E+02  1.970E+11  1.000E-30  1.395E+00
     901      1    146      1    145      1      54     4.8959E-01  4.784E+03  1.005E-01  2.156E+00
     902      1    147      1    133      1      54     4.8306E+02  4.093E+13  1.607E+00  2.179E+00
     903      1    147      1    139      1      54     1.9039E+02  7.596E+12  1.586E+01  1.651E+00
     904      1    147      1    146      1      54     3.3818E-01  8.341E+02  4.735E-02  1.812E+00
     905      1    148      1    140      1      54     1.9013E+02  8.606E+12  2.212E+01  1.299E+00
     906      1    148      1    147      1      54     2.4746E-01  1.331E+02  1.889E-02  1.494E+00
     907      1    149      1    124      1      54     1.1162E+03  8.166E+13  1.000E-30  3.386E+01
     908      1    149      1    129      1      54     6.2092E+02  3.461E+13  1.000E-30  2.065E+01
     910      1    149      1    135      1      54     3.2295E+02  1.456E+13  1.000E-30  1.418E+01
     913      1    149      1    142      1      54     1.2992E+02  4.994E+12  1.000E-30  1.088E+01
     915      1    150      1    123      1      54     1.1354E+03  4.766E+13  3.492E-01  7.640E+00
     916      1    150      1    125      1      54     1.1038E+03  2.432E+13  1.000E-30  1.222E+01
     917      1    150      1    128      1      54     6.3256E+02  1.300E+13  6.877E-01  7.771E+00
     918      1    150      1    130      1      54     6.1433E+02  1.209E+13  1.000E-30  8.150E+00
     919      1    150      1    134      1      54     3.3078E+02  3.148E+12  1.619E+00  8.051E+00
     921      1    150      1    136      1      54     3.1933E+02  5.739E+12  1.000E-30  5.539E+00
     923      1    150      1    141      1      54     1.3562E+02  6.120E+11  6.180E+00  8.514E+00
     925      1    150      1    143      1      54     1.2796E+02  2.144E+12  1.000E-30  6.616E+00
     927      1    150      1    149      1      54     2.2069E+00  1.486E+06  4.245E+00  5.078E+00
     928      1    151      1    124      1      54     1.1216E+03  1.189E+14  4.736E-02  3.379E+01
     929      1    151      1    126      1      54     1.1007E+03  7.196E+12  1.000E-30  7.106E+00
     930      1    151      1    129      1      54     6.2630E+02  3.551E+13  1.518E-01  2.058E+01
     931      1    151      1    131      1      54     6.1366E+02  4.718E+12  1.000E-30  5.153E+00
     933      1    151      1    135      1      54     3.2833E+02  8.499E+12  5.877E-01  1.266E+01
     935      1    151      1    137      1      54     3.1989E+02  2.716E+12  1.000E-30  3.173E+00
     937      1    151      1    142      1      54     1.3530E+02  1.121E+12  3.143E+00  9.389E+00
     939      1    151      1    144      1      54     1.2921E+02  1.196E+12  1.000E-30  3.731E+00
     941      1    151      1    150      1      54     3.1681E+00  8.968E+06  1.366E+00  7.658E+00
     942      1    152      1    125      1      54     1.1084E+03  1.520E+14  1.046E-01  1.209E+01
     943      1    152      1    127      1      54     1.0929E+03  1.410E+12  1.000E-30  5.016E+00
     944      1    152      1    130      1      54     6.1900E+02  4.347E+13  3.181E-01  8.020E+00
     945      1    152      1    132      1      54     6.0722E+02  1.571E+12  1.000E-30  3.873E+00
     947      1    152      1    136      1      54     3.2399E+02  1.141E+13  1.123E+00  5.386E+00
     948      1    152      1    138      1      54     3.1413E+02  1.173E+12  1.000E-30  2.748E+00
     950      1    152      1    143      1      54     1.3263E+02  1.681E+12  5.011E+00  4.675E+00
     951      1    152      1    145      1      54     1.2383E+02  5.778E+11  1.000E-30  3.085E+00
     953      1    152      1    151      1      54     1.4980E+00  5.788E+05  5.020E-01  4.608E+00
     954      1    153      1    126      1      54     1.1088E+03  1.587E+14  1.278E-01  6.901E+00
     955      1    153      1    131      1      54     6.2180E+02  5.705E+13  4.159E-01  4.949E+00
     956      1    153      1    133      1      54     6.1271E+02  3.578E+11  1.000E-30  3.126E+00
     958      1    153      1    137      1      54     3.2803E+02  1.483E+13  1.391E+00  3.678E+00
     959      1    153      1    139      1      54     3.2004E+02  4.938E+11  1.000E-30  2.458E+00
     961      1    153      1    144      1      54     1.3736E+02  2.490E+12  5.986E+00  3.552E+00
     962      1    153      1    146      1      54     1.2999E+02  3.789E+11  1.000E-30  2.723E+00
     963      1    153      1    152      1      54     6.6466E+00  3.157E+07  2.028E-01  3.867E+00
     964      1    154      1    127      1      54     1.0999E+03  1.059E+14  8.492E-02  4.750E+00
     965      1    154      1    132      1      54     6.1421E+02  5.538E+13  3.948E-01  3.607E+00
     966      1    154      1    138      1      54     3.2112E+02  1.631E+13  1.437E+00  2.897E+00
     967      1    154      1    140      1      54     3.1988E+02  1.234E+11  1.000E-30  2.163E+00
     968      1    154      1    145      1      54     1.3082E+02  2.675E+12  6.420E+00  2.979E+00
     969      1    154      1    147      1      54     1.3000E+02  1.749E+11  1.000E-30  2.401E+00
     970      1    154      1    153      1      54     3.4390E-01  2.170E+03  7.551E-02  3.426E+00
     971      1    155      1    133      1      54     6.1329E+02  4.025E+13  2.459E-01  2.808E+00
     972      1    155      1    139      1      54     3.2062E+02  1.753E+13  1.367E+00  2.377E+00
     973      1    155      1    146      1      54     1.3057E+02  3.256E+12  7.404E+00  2.547E+00
     974      1    155      1    148      1      54     1.2999E+02  5.425E+10  1.000E-30  2.076E+00
     975      1    155      1    154      1      54     2.3759E-01  4.162E+02  3.853E-02  3.034E+00
     976      1    156      1    124      1      54     1.2114E+03  6.300E+13  1.000E-30  3.489E+01
     977      1    156      1    129      1      54     7.1613E+02  2.802E+13  1.000E-30  2.168E+01
     978      1    156      1    135      1      54     4.1816E+02  1.300E+13  1.000E-30  1.523E+01
     980      1    156      1    142      1      54     2.2513E+02  5.868E+12  1.000E-30  1.193E+01
     983      1    156      1    150      1      54     9.3002E+01  2.130E+12  1.000E-30  1.036E+01
     985      1    157      1    123      1      54     1.2298E+03  4.584E+13  2.098E-01  7.237E+00
     986      1    157      1    125      1      54     1.1982E+03  1.839E+13  1.000E-30  1.328E+01
     987      1    157      1    128      1      54     7.2695E+02  1.519E+13  3.657E-01  7.368E+00
     988      1    157      1    130      1      54     7.0872E+02  9.564E+12  1.000E-30  9.201E+00
     989      1    157      1    134      1      54     4.2517E+02  5.030E+12  6.916E-01  7.655E+00
     990      1    157      1    136      1      54     4.1371E+02  4.967E+12  1.000E-30  5.694E+00
     991      1    157      1    141      1      54     2.3000E+02  1.436E+12  1.580E+00  8.130E+00
     993      1    157      1    143      1      54     2.2235E+02  2.438E+12  1.000E-30  6.366E+00
     995      1    157      1    149      1      54     9.6594E+01  2.441E+11  5.878E+00  8.841E+00
     997      1    157      1    151      1      54     9.1219E+01  9.333E+11  1.000E-30  7.479E+00
     999      1    157      1    156      1      54     1.3856E+00  4.402E+05  2.995E+00  6.679E+00
    1000      1    158      1    124      1      54     1.2153E+03  9.630E+13  2.295E-02  3.483E+01
    1001      1    158      1    126      1      54     1.1944E+03  5.284E+12  1.000E-30  8.148E+00
    1002      1    158      1    129      1      54     7.2004E+02  3.284E+13  6.480E-02  2.162E+01
    1003      1    158      1    131      1      54     7.0740E+02  3.593E+12  1.000E-30  6.195E+00
    1004      1    158      1    135      1      54     4.2207E+02  1.099E+13  1.908E-01  1.408E+01
    1005      1    158      1    137      1      54     4.1363E+02  2.239E+12  1.000E-30  4.362E+00
    1007      1    158      1    142      1      54     2.2904E+02  3.461E+12  5.968E-01  1.078E+01
    1009      1    158      1    144      1      54     2.2296E+02  1.270E+12  1.000E-30  4.490E+00
    1011      1    158      1    150      1      54     9.6914E+01  5.742E+11  2.843E+00  9.251E+00
    1012      1    158      1    152      1      54     9.2248E+01  5.530E+11  1.000E-30  5.300E+00
    1014      1    158      1    157      1      54     2.5273E+00  5.409E+06  1.289E+00  8.676E+00
    1015      1    159      1    125      1      54     1.2019E+03  1.267E+14  3.839E-02  1.311E+01
    1016      1    159      1    127      1      54     1.1864E+03  9.929E+11  1.000E-30  6.040E+00
    1017      1    159      1    130      1      54     7.1248E+02  4.416E+13  9.984E-02  9.042E+00
    1018      1    159      1    132      1      54     7.0070E+02  1.136E+12  1.000E-30  4.896E+00
    1019      1    159      1    136      1      54     4.1747E+02  1.596E+13  2.618E-01  6.614E+00
    1020      1    159      1    138      1      54     4.0761E+02  9.208E+11  1.000E-30  3.940E+00
    1022      1    159      1    143      1      54     2.2610E+02  4.696E+12  7.030E-01  5.896E+00
    1023      1    159      1    145      1      54     2.1731E+02  6.077E+11  1.000E-30  4.070E+00
    1025      1    159      1    151      1      54     9.4977E+01  7.899E+11  3.021E+00  5.900E+00
    1026      1    159      1    153      1      54     8.6832E+01  2.685E+11  1.000E-30  4.724E+00
    1028      1    159      1    158      1      54     1.2307E+00  3.915E+05  3.823E-01  6.407E+00
    1029      1    160      1    126      1      54     1.2022E+03  1.310E+14  3.086E-02  7.892E+00
    1030      1    160      1    131      1      54     7.1513E+02  5.614E+13  8.521E-02  5.939E+00
    1031      1    160      1    133      1      54     7.0604E+02  2.403E+11  1.000E-30  4.116E+00
    1032      1    160      1    137      1      54     4.2136E+02  2.187E+13  2.196E-01  4.797E+00
    1033      1    160      1    139      1      54     4.1337E+02  3.468E+11  1.000E-30  3.567E+00
    1035      1    160      1    144      1      54     2.3069E+02  7.146E+12  5.968E-01  4.664E+00
    1036      1    160      1    146      1      54     2.2332E+02  3.268E+11  1.000E-30  3.750E+00
    1037      1    160      1    152      1      54     9.9979E+01  1.348E+12  2.880E+00  5.010E+00
    1038      1    160      1    154      1      54     9.2988E+01  2.129E+11  1.000E-30  4.324E+00
    1039      1    160      1    159      1      54     6.4994E+00  3.581E+07  1.485E-01  5.762E+00
    1040      1    161      1    127      1      54     1.1932E+03  7.922E+13  1.023E-02  5.703E+00
    1041      1    161      1    132      1      54     7.0745E+02  5.184E+13  4.145E-02  4.560E+00
    1042      1    161      1    138      1      54     4.1436E+02  2.457E+13  1.284E-01  3.934E+00
    1043      1    161      1    140      1      54     4.1312E+02  7.675E+10  1.000E-30  3.200E+00
    1044      1    161      1    145      1      54     2.2406E+02  8.654E+12  4.186E-01  4.018E+00
    1045      1    161      1    147      1      54     2.2323E+02  1.295E+11  1.000E-30  3.405E+00
    1046      1    161      1    153      1      54     9.3583E+01  1.458E+12  2.407E+00  4.478E+00
    1047      1    161      1    155      1      54     9.3001E+01  1.180E+11  1.000E-30  3.932E+00
    1048      1    161      1    160      1      54     2.5061E-01  1.026E+03  5.702E-02  5.298E+00
    1049      1    162      1    133      1      54     7.0646E+02  3.079E+13  4.256E-03  3.715E+00
    1050      1    162      1    139      1      54     4.1380E+02  2.429E+13  3.463E-02  3.347E+00
    1051      1    162      1    146      1      54     2.2375E+02  1.099E+13  2.405E-01  3.516E+00
    1052      1    162      1    148      1      54     2.2316E+02  3.276E+10  1.000E-30  3.031E+00
    1053      1    162      1    154      1      54     9.3412E+01  1.925E+12  2.218E+00  4.011E+00
    1054      1    162      1    161      1      54     1.7317E-01  2.075E+02  3.037E-02  4.844E+00
