#  File format type:   4
#
#  SPECT3D transition powers file.
#  RUN NAME:  xe_750-1300_4mm
#  Total number of transitions   =     1380
#  Number of written transitions =      624
#  Plasma temperature (eV)       =     1.5000E+02
#  Mass density (g/cm3)          =     1.0902E-03
#  Cell areal density (g/cm2)    =     4.3607E-04
#  Material mass fractions       =     1.0000E+00
#  DCA material number fractions =     1.0000E+00
# -----------------------------------------------------
#
#
#   Trans.  Trans  Upper  Upper  Lower  Lower   Ioniz   Energy     Line Power Line Center Line Width
#   Index   Model  Level  Model  Level  Model   Stage   (eV)       (W/cm2)    Opt. Depth      eV
# --------------------------------------------------------------------------------------------------
       1      1      3      1      2      1      52     1.1982E+02  6.676E+08  6.910E-09  9.984E-03
       2      1      4      1      2      1      52     4.9234E+02  7.870E+10  1.155E+00  4.085E-02
       4      1      6      1      5      1      52     1.0651E+02  2.536E+09  1.583E-03  7.871E+01
       6      1      7      1      6      1      52     6.8034E+01  3.330E+08  2.207E-04  9.466E+01
       7      1      9      1      8      1      52     3.8672E+01  1.468E+08  5.280E-03  2.871E+01
       9      1     10      1      9      1      52     3.4641E+01  9.516E+07  1.445E-03  3.134E+01
      11      1     11      1     10      1      52     9.4480E+00  3.312E+05  5.462E-04  8.525E+00
      13      1     12      1      9      1      52     8.3242E+02  5.483E+12  1.000E-30  4.474E+01
      14      1     13      1      8      1      52     8.9349E+02  4.277E+12  1.329E-02  2.725E+01
      16      1     13      1     10      1      52     8.2018E+02  1.451E+12  1.000E-30  1.545E+01
      17      1     13      1     12      1      52     2.2396E+01  4.119E+07  1.339E-02  1.655E+01
      19      1     14      1      9      1      52     8.6975E+02  9.209E+12  7.451E-03  3.750E+01
      21      1     14      1     11      1      52     8.2566E+02  3.461E+11  1.000E-30  2.937E+00
      23      1     14      1     13      1      52     1.4925E+01  8.910E+06  2.626E-03  2.020E+01
      25      1     15      1     10      1      52     8.3968E+02  1.520E+13  2.455E-02  1.284E+01
      28      1     15      1     14      1      52     4.5752E+00  6.523E+04  1.848E-03  4.377E+00
      30      1     16      1     11      1      52     8.3260E+02  2.351E+13  6.381E-02  5.897E+00
      32      1     16      1     15      1      52     2.3647E+00  2.721E+03  1.002E-03  1.742E+00
      34      1     17      1      9      1      52     1.3019E+03  4.602E+12  1.000E-30  4.465E+01
      36      1     17      1     13      1      52     4.4709E+02  1.166E+12  1.000E-30  2.761E+01
      38      1     18      1      8      1      52     1.3534E+03  4.085E+12  6.203E-03  1.589E+01
      40      1     18      1     10      1      52     1.2800E+03  1.124E+12  1.000E-30  8.575E+00
      41      1     18      1     12      1      52     4.8226E+02  7.259E+11  2.523E-02  1.576E+01
      43      1     18      1     14      1      52     4.4493E+02  3.894E+11  1.000E-30  9.477E+00
      45      1     18      1     17      1      52     1.2770E+01  9.010E+06  2.847E-02  9.378E+00
      47      1     19      1      9      1      52     1.3234E+03  8.348E+12  1.763E-03  4.043E+01
      49      1     19      1     11      1      52     1.2793E+03  2.288E+11  1.000E-30  4.040E+00
      51      1     19      1     13      1      52     4.6860E+02  1.431E+12  1.195E-02  2.338E+01
      53      1     19      1     15      1      52     4.4910E+02  1.422E+11  1.000E-30  1.769E+00
      56      1     19      1     18      1      52     8.7378E+00  2.302E+06  5.881E-03  1.169E+01
      58      1     20      1     10      1      52     1.2912E+03  1.201E+13  4.588E-03  1.448E+01
      61      1     20      1     14      1      52     4.5609E+02  2.223E+12  4.678E-02  6.336E+00
      63      1     20      1     16      1      52     4.4915E+02  4.004E+10  1.000E-30  7.039E-01
      65      1     20      1     19      1      52     2.4178E+00  1.239E+04  4.140E-03  2.521E+00
      67      1     21      1     11      1      52     1.2829E+03  1.254E+13  7.349E-03  6.915E+00
      69      1     21      1     15      1      52     4.5271E+02  3.129E+12  1.148E-01  2.888E+00
      72      1     21      1     20      1      52     1.2002E+00  6.004E+02  2.913E-03  1.012E+00
      75      1     22      1     16      1      52     4.5135E+02  4.077E+12  2.339E-01  1.641E+00
      77      1     22      1     21      1      52     1.0028E+00  1.580E+02  1.995E-03  5.179E-01
      79      1     23      1     13      1      52     7.2854E+02  1.118E+12  1.000E-30  2.757E+01
      81      1     23      1     18      1      52     2.6868E+02  3.275E+11  1.000E-30  1.594E+01
      83      1     24      1     12      1      52     7.5883E+02  7.947E+11  1.100E-02  9.952E+00
      85      1     24      1     14      1      52     7.2151E+02  3.470E+11  1.000E-30  5.063E+00
      86      1     24      1     17      1      52     2.8935E+02  1.677E+11  4.400E-02  9.917E+00
      88      1     24      1     19      1      52     2.6784E+02  1.225E+11  1.000E-30  6.207E+00
      90      1     24      1     23      1      52     7.9016E+00  2.391E+06  5.328E-02  5.803E+00
      92      1     25      1     13      1      52     7.4204E+02  1.522E+12  2.965E-03  2.488E+01
      94      1     25      1     15      1      52     7.2254E+02  1.121E+11  1.000E-30  1.742E+00
      96      1     25      1     18      1      52     2.8218E+02  3.177E+11  2.164E-02  1.331E+01
      98      1     25      1     20      1      52     2.7102E+02  5.491E+10  1.000E-30  1.199E+00
     101      1     25      1     24      1      52     5.5989E+00  7.332E+05  1.144E-02  7.334E+00
     103      1     26      1     14      1      52     7.2843E+02  2.252E+12  9.731E-03  7.197E+00
     105      1     26      1     16      1      52     7.2149E+02  2.636E+10  1.000E-30  1.185E+00
     107      1     26      1     19      1      52     2.7476E+02  4.554E+11  8.136E-02  3.568E+00
     109      1     26      1     21      1      52     2.7114E+02  2.339E+10  1.000E-30  4.390E-01
     112      1     26      1     25      1      52     1.3194E+00  2.400E+03  7.775E-03  1.611E+00
     114      1     27      1     15      1      52     7.2446E+02  2.787E+12  1.867E-02  3.414E+00
     117      1     27      1     20      1      52     2.7295E+02  5.847E+11  1.888E-01  1.622E+00
     119      1     27      1     22      1      52     2.7075E+02  6.910E+09  1.000E-30  2.460E-01
     121      1     27      1     26      1      52     6.0740E-01  1.046E+02  6.117E-03  6.514E-01
     123      1     28      1     16      1      52     7.2273E+02  2.562E+12  2.297E-02  2.011E+00
     125      1     28      1     21      1      52     2.7238E+02  7.105E+11  3.707E-01  9.238E-01
     128      1     28      1     27      1      52     6.3240E-01  7.368E+01  5.736E-03  3.357E-01
     129      1     29      1     13      1      52     9.1039E+02  8.891E+11  1.000E-30  2.753E+01
     131      1     29      1     18      1      52     4.5053E+02  3.405E+11  1.000E-30  1.590E+01
     134      1     29      1     24      1      52     1.7396E+02  1.084E+11  1.000E-30  1.005E+01
     136      1     30      1     12      1      52     9.3797E+02  6.720E+11  7.271E-03  6.708E+00
     137      1     30      1     14      1      52     9.0065E+02  2.638E+11  1.000E-30  4.445E+00
     138      1     30      1     17      1      52     4.6848E+02  2.023E+11  1.793E-02  6.672E+00
     140      1     30      1     19      1      52     4.4698E+02  1.206E+11  1.000E-30  3.494E+00
     142      1     30      1     23      1      52     1.8704E+02  4.769E+10  7.154E-02  6.653E+00
     144      1     30      1     25      1      52     1.7354E+02  4.383E+10  1.000E-30  4.287E+00
     146      1     30      1     29      1      52     5.1810E+00  7.246E+05  9.175E-02  3.801E+00
     147      1     31      1     13      1      52     9.1941E+02  1.271E+12  1.257E-03  2.574E+01
     148      1     31      1     15      1      52     8.9991E+02  7.962E+10  1.000E-30  2.470E+00
     150      1     31      1     18      1      52     4.5956E+02  3.769E+11  5.457E-03  1.417E+01
     152      1     31      1     20      1      52     4.4840E+02  4.893E+10  1.000E-30  9.207E-01
     155      1     31      1     24      1      52     1.8298E+02  8.832E+10  3.631E-02  8.254E+00
     157      1     31      1     26      1      52     1.7606E+02  2.242E+10  1.000E-30  8.653E-01
     160      1     31      1     30      1      52     3.8407E+00  2.788E+05  2.020E-02  4.954E+00
     161      1     32      1     14      1      52     9.0519E+02  1.801E+12  3.766E-03  7.668E+00
     162      1     32      1     16      1      52     8.9825E+02  1.701E+10  1.000E-30  1.656E+00
     164      1     32      1     19      1      52     4.5152E+02  5.466E+11  1.785E-02  4.045E+00
     166      1     32      1     21      1      52     4.4790E+02  1.823E+10  1.000E-30  6.062E-01
     169      1     32      1     25      1      52     1.7808E+02  1.171E+11  1.315E-01  2.211E+00
     171      1     32      1     27      1      52     1.7615E+02  1.151E+10  1.000E-30  3.200E-01
     174      1     32      1     31      1      52     7.0280E-01  4.171E+02  1.308E-02  1.109E+00
     175      1     33      1     15      1      52     9.0089E+02  2.016E+12  6.316E-03  3.731E+00
     177      1     33      1     20      1      52     4.4938E+02  6.985E+11  3.559E-02  1.925E+00
     179      1     33      1     22      1      52     4.4717E+02  4.470E+09  1.000E-30  4.598E-01
     181      1     33      1     26      1      52     1.7704E+02  1.403E+11  2.961E-01  1.005E+00
     183      1     33      1     28      1      52     1.7580E+02  5.125E+09  1.000E-30  1.726E-01
     185      1     33      1     32      1      52     2.7490E-01  1.227E+01  1.095E-02  4.606E-01
     186      1     34      1     16      1      52     8.9895E+02  1.490E+12  6.128E-03  2.224E+00
     188      1     34      1     21      1      52     4.4860E+02  7.751E+11  5.358E-02  1.136E+00
     191      1     34      1     27      1      52     1.7685E+02  1.578E+11  5.544E-01  5.708E-01
     194      1     34      1     33      1      52     4.2420E-01  3.145E+01  1.117E-02  2.461E-01
     195      1     35      1     13      1      52     1.0346E+03  6.858E+11  1.000E-30  2.755E+01
     196      1     35      1     18      1      52     5.7478E+02  2.891E+11  1.000E-30  1.592E+01
     198      1     35      1     24      1      52     2.9820E+02  1.214E+11  1.000E-30  1.001E+01
     201      1     35      1     30      1      52     1.1906E+02  4.146E+10  1.000E-30  6.732E+00
     203      1     36      1     12      1      52     1.0606E+03  5.382E+11  5.642E-03  4.776E+00
     204      1     36      1     14      1      52     1.0233E+03  1.980E+11  1.000E-30  5.192E+00
     205      1     36      1     17      1      52     5.9109E+02  1.840E+11  1.132E-02  4.741E+00
     206      1     36      1     19      1      52     5.6958E+02  9.850E+10  1.000E-30  2.594E+00
     207      1     36      1     23      1      52     3.0964E+02  6.289E+10  2.769E-02  4.715E+00
     209      1     36      1     25      1      52     2.9614E+02  4.689E+10  1.000E-30  2.580E+00
     211      1     36      1     29      1      52     1.2779E+02  1.573E+10  1.099E-01  4.689E+00
     213      1     36      1     31      1      52     1.1877E+02  1.762E+10  1.000E-30  3.099E+00
     215      1     36      1     35      1      52     3.5433E+00  2.405E+05  1.457E-01  2.641E+00
     216      1     37      1     13      1      52     1.0410E+03  1.009E+12  6.726E-04  2.627E+01
     217      1     37      1     15      1      52     1.0215E+03  5.720E+10  1.000E-30  3.011E+00
     218      1     37      1     18      1      52     5.8110E+02  3.391E+11  2.325E-03  1.470E+01
     219      1     37      1     20      1      52     5.6995E+02  3.769E+10  1.000E-30  1.270E+00
     221      1     37      1     24      1      52     3.0452E+02  1.141E+11  9.192E-03  8.789E+00
     223      1     37      1     26      1      52     2.9760E+02  2.187E+10  1.000E-30  5.873E-01
     226      1     37      1     30      1      52     1.2539E+02  2.896E+10  5.686E-02  5.515E+00
     228      1     37      1     32      1      52     1.2084E+02  9.830E+09  1.000E-30  6.646E-01
     231      1     37      1     36      1      52     2.7803E+00  1.222E+05  3.347E-02  3.519E+00
     232      1     38      1     14      1      52     1.0264E+03  1.381E+12  1.905E-03  7.946E+00
     233      1     38      1     16      1      52     1.0194E+03  1.144E+10  1.000E-30  1.960E+00
     234      1     38      1     19      1      52     5.7269E+02  4.819E+11  7.054E-03  4.349E+00
     235      1     38      1     21      1      52     5.6908E+02  1.293E+10  1.000E-30  8.794E-01
     237      1     38      1     25      1      52     2.9925E+02  1.612E+11  2.961E-02  2.508E+00
     239      1     38      1     27      1      52     2.9733E+02  1.012E+10  1.000E-30  3.573E-01
     242      1     38      1     31      1      52     1.2188E+02  3.549E+10  1.984E-01  1.483E+00
     244      1     38      1     33      1      52     1.2090E+02  5.639E+09  1.000E-30  2.653E-01
     247      1     38      1     37      1      52     3.3030E-01  4.988E+01  2.050E-02  8.192E-01
     248      1     39      1     15      1      52     1.0219E+03  1.450E+12  2.934E-03  3.925E+00
     249      1     39      1     20      1      52     5.7035E+02  5.847E+11  1.280E-02  2.120E+00
     250      1     39      1     22      1      52     5.6815E+02  2.839E+09  1.000E-30  6.476E-01
     252      1     39      1     26      1      52     2.9801E+02  2.039E+11  5.916E-02  1.193E+00
     254      1     39      1     28      1      52     2.9677E+02  3.910E+09  1.000E-30  2.784E-01
     256      1     39      1     32      1      52     1.2125E+02  3.994E+10  4.233E-01  6.849E-01
     258      1     39      1     34      1      52     1.2055E+02  3.013E+09  1.000E-30  1.487E-01
     260      1     39      1     38      1      52     7.3900E-02  2.820E-01  2.052E-02  2.948E-01
     261      1     40      1     16      1      52     1.0198E+03  9.450E+11  2.479E-03  2.366E+00
     262      1     40      1     21      1      52     5.6945E+02  5.824E+11  1.667E-02  1.272E+00
     264      1     40      1     27      1      52     2.9770E+02  2.358E+11  9.370E-02  7.072E-01
     267      1     40      1     33      1      52     1.2127E+02  4.273E+10  7.622E-01  3.986E-01
     270      1     40      1     39      1      52     2.9800E-01  1.379E+01  1.673E-02  2.064E-01
     271      1     41      1     13      1      52     1.1233E+03  5.294E+11  1.000E-30  2.758E+01
     272      1     41      1     18      1      52     6.6340E+02  2.346E+11  1.000E-30  1.595E+01
     273      1     41      1     24      1      52     3.8682E+02  1.081E+11  1.000E-30  1.003E+01
     275      1     41      1     30      1      52     2.0768E+02  4.859E+10  1.000E-30  6.758E+00
     278      1     41      1     36      1      52     8.5076E+01  1.749E+10  1.000E-30  4.780E+00
     280      1     42      1     12      1      52     1.1482E+03  4.262E+11  4.734E-03  3.539E+00
     281      1     42      1     14      1      52     1.1108E+03  1.500E+11  1.000E-30  5.993E+00
     282      1     42      1     17      1      52     6.7867E+02  1.554E+11  8.506E-03  3.504E+00
     283      1     42      1     19      1      52     6.5716E+02  7.786E+10  1.000E-30  2.741E+00
     284      1     42      1     23      1      52     3.9722E+02  6.044E+10  1.679E-02  3.484E+00
     285      1     42      1     25      1      52     3.8372E+02  4.056E+10  1.000E-30  1.804E+00
     286      1     42      1     29      1      52     2.1536E+02  2.253E+10  4.074E-02  3.471E+00
     288      1     42      1     31      1      52     2.0634E+02  1.998E+10  1.000E-30  1.990E+00
     290      1     42      1     35      1      52     9.1119E+01  5.820E+09  1.608E-01  3.461E+00
     292      1     42      1     37      1      52     8.4795E+01  7.757E+09  1.000E-30  2.339E+00
     294      1     42      1     41      1      52     2.4992E+00  8.617E+04  2.107E-01  1.991E+00
     295      1     43      1     13      1      52     1.1279E+03  7.929E+11  4.083E-04  2.668E+01
     296      1     43      1     15      1      52     1.1084E+03  4.203E+10  1.000E-30  3.389E+00
     297      1     43      1     18      1      52     6.6800E+02  2.841E+11  1.250E-03  1.505E+01
     298      1     43      1     20      1      52     6.5684E+02  2.859E+10  1.000E-30  1.603E+00
     299      1     43      1     24      1      52     3.9142E+02  1.088E+11  3.932E-03  9.134E+00
     300      1     43      1     26      1      52     3.8450E+02  1.795E+10  1.000E-30  7.398E-01
     302      1     43      1     30      1      52     2.1228E+02  4.004E+10  1.441E-02  5.848E+00
     304      1     43      1     32      1      52     2.0774E+02  1.028E+10  1.000E-30  4.480E-01
     307      1     43      1     36      1      52     8.9678E+01  1.073E+10  8.463E-02  3.883E+00
     309      1     43      1     38      1      52     8.6568E+01  4.609E+09  1.000E-30  5.455E-01
     312      1     43      1     42      1      52     2.1031E+00  5.979E+04  5.206E-02  2.619E+00
     313      1     44      1     15      1      52     1.1084E+03  1.069E+12  1.630E-03  4.064E+00
     314      1     44      1     20      1      52     6.5688E+02  4.621E+11  6.153E-03  2.252E+00
     315      1     44      1     22      1      52     6.5468E+02  1.901E+09  1.000E-30  7.809E-01
     316      1     44      1     26      1      52     3.8454E+02  1.901E+11  2.179E-02  1.332E+00
     317      1     44      1     28      1      52     3.8330E+02  2.756E+09  1.000E-30  4.047E-01
     319      1     44      1     32      1      52     2.0778E+02  6.807E+10  8.713E-02  8.189E-01
     321      1     44      1     34      1      52     2.0708E+02  2.596E+09  1.000E-30  2.051E-01
     323      1     44      1     38      1      52     8.6605E+01  1.320E+10  5.636E-01  5.153E-01
     325      1     44      1     40      1      52     8.6233E+01  1.691E+09  1.000E-30  1.519E-01
     327      1     45      1     14      1      52     1.1130E+03  1.061E+12  1.115E-03  8.163E+00
     328      1     45      1     16      1      52     1.1061E+03  8.013E+09  1.000E-30  2.171E+00
     329      1     45      1     19      1      52     6.5935E+02  3.976E+11  3.612E-03  4.553E+00
     330      1     45      1     21      1      52     6.5574E+02  9.353E+09  1.000E-30  1.083E+00
     331      1     45      1     25      1      52     3.8591E+02  1.532E+11  1.181E-02  2.712E+00
     332      1     45      1     27      1      52     3.8399E+02  7.761E+09  1.000E-30  5.272E-01
     334      1     45      1     31      1      52     2.0854E+02  5.473E+10  4.513E-02  1.681E+00
     336      1     45      1     33      1      52     2.0756E+02  5.442E+09  1.000E-30  2.589E-01
     339      1     45      1     37      1      52     8.6990E+01  1.223E+10  2.785E-01  1.074E+00
     341      1     45      1     39      1      52     8.6586E+01  2.854E+09  1.000E-30  2.443E-01
     344      1     45      1     43      1      52     9.2200E-02  1.198E+00  4.160E-02  4.577E-01
     345      1     45      1     44      1      52     5.4600E-02  1.758E-01  1.000E-30  1.884E-01
     346      1     46      1     16      1      52     1.1062E+03  6.369E+11  1.250E-03  2.466E+00
     347      1     46      1     21      1      52     6.5590E+02  4.257E+11  7.265E-03  1.372E+00
     348      1     46      1     27      1      52     3.8415E+02  2.101E+11  3.119E-02  8.091E-01
     350      1     46      1     33      1      52     2.0772E+02  7.920E+10  1.388E-01  4.953E-01
     353      1     46      1     39      1      52     8.6749E+01  1.380E+10  9.322E-01  3.153E-01
     355      1     46      1     44      1      52     2.1720E-01  6.453E+00  1.996E-02  1.999E-01
     357      1     48      1     47      1      52     3.1750E+02  1.954E+10  1.083E-03  1.840E+02
     358      1     49      1     48      1      52     3.6284E+02  1.061E+11  5.955E-05  2.762E+02
     359      1     51      1     50      1      52     7.7750E-01  2.782E+02  5.068E-04  1.384E+02
     360      1     52      1     51      1      52     6.6689E+02  1.647E+12  1.000E-30  4.204E+02
     361      1     54      1     53      1      52     3.0082E+01  9.862E+07  1.000E-30  1.845E+02
     362      1     55      1     53      1      52     1.0120E+02  2.031E+09  1.439E-03  8.075E+01
     363      1     56      1     54      1      52     1.0442E+02  2.278E+09  1.598E-03  7.434E+01
     364      1     56      1     55      1      52     3.3297E+01  1.328E+08  1.000E-30  1.922E+02
     365      1     57      1     55      1      52     9.2670E+01  1.136E+09  2.544E-04  1.109E+02
     367      1     58      1     56      1      52     9.3608E+01  1.177E+09  2.665E-04  1.064E+02
     368      1     58      1     57      1      52     3.4235E+01  1.441E+08  1.000E-30  1.948E+02
     369      1     61      1     60      1      53     7.7081E+01  7.890E+07  1.752E-09  6.465E-03
     370      1     62      1     60      1      53     8.3045E+01  1.187E+08  1.000E-30  6.955E-03
     373      1     63      1     61      1      53     8.0094E+00  2.057E+02  1.000E-30  7.880E-04
     375      1     64      1     60      1      53     4.6515E+02  7.637E+10  7.445E-01  3.857E-02
     378      1     65      1     60      1      53     5.0090E+02  5.574E+10  7.032E-10  4.148E-02
     380      1     65      1     63      1      53     4.1581E+02  2.287E+10  1.614E+00  3.450E-02
     381      1     67      1     66      1      53     9.2071E+01  1.362E+09  1.808E-03  5.729E+01
     383      1     68      1     67      1      53     2.1266E+02  1.788E+10  3.447E-04  3.995E+01
     385      1     69      1     67      1      53     2.3259E+02  1.378E+10  1.000E-30  2.161E+01
     386      1     71      1     70      1      53     1.8245E+01  8.974E+06  6.899E-03  1.282E+01
     388      1     72      1     71      1      53     7.1086E+01  1.613E+09  2.604E-03  3.416E+01
     390      1     73      1     72      1      53     1.1156E+02  6.169E+09  5.269E-03  1.007E+01
     392      1     74      1     71      1      53     8.8734E+02  6.525E+12  1.000E-30  4.808E+01
     393      1     75      1     70      1      53     9.0769E+02  4.583E+12  1.248E-02  2.962E+01
     395      1     75      1     72      1      53     8.1835E+02  1.363E+12  1.000E-30  1.674E+01
     396      1     75      1     74      1      53     2.1014E+00  1.844E+04  2.574E-02  4.745E+00
     398      1     76      1     71      1      53     9.4411E+02  1.244E+13  7.283E-03  4.052E+01
     400      1     76      1     73      1      53     7.6146E+02  2.409E+11  1.000E-30  3.170E+00
     402      1     76      1     75      1      53     5.4666E+01  1.487E+09  8.012E-03  2.271E+01
     404      1     77      1     72      1      53     9.7713E+02  2.678E+13  2.541E-02  1.388E+01
     407      1     77      1     76      1      53     1.0411E+02  1.599E+10  3.389E-02  5.200E+00
     409      1     78      1     73      1      53     1.0763E+03  6.254E+13  7.320E-02  6.408E+00
     411      1     78      1     77      1      53     2.1071E+02  1.137E+11  5.219E-02  2.121E+00
     412      1     79      1     70      1      53     1.3871E+03  4.478E+12  5.587E-03  1.794E+01
     414      1     79      1     72      1      53     1.2978E+03  1.128E+12  1.000E-30  9.346E+00
     415      1     79      1     74      1      53     4.8154E+02  7.291E+11  2.348E-02  1.704E+01
     417      1     79      1     76      1      53     4.2478E+02  3.067E+11  1.000E-30  1.025E+01
     420      1     80      1     71      1      53     1.3753E+03  5.325E+12  1.000E-30  4.806E+01
     422      1     80      1     75      1      53     4.8588E+02  1.511E+12  1.000E-30  2.966E+01
     424      1     80      1     79      1      53     6.4349E+00  1.950E+06  1.000E-30  1.649E+01
     426      1     81      1     71      1      53     1.4208E+03  1.070E+13  1.688E-03  4.371E+01
     428      1     81      1     73      1      53     1.2382E+03  1.938E+11  1.000E-30  4.346E+00
     430      1     81      1     75      1      53     5.3137E+02  2.301E+12  1.221E-02  2.525E+01
     432      1     81      1     77      1      53     3.7259E+02  6.516E+10  1.000E-30  1.918E+00
     434      1     81      1     79      1      53     5.1923E+01  2.578E+09  2.907E-02  1.304E+01
     438      1     82      1     76      1      53     5.7966E+02  5.516E+12  5.259E-02  6.864E+00
     440      1     82      1     78      1      53     2.6484E+02  4.675E+09  1.000E-30  7.585E-01
     442      1     82      1     81      1      53     1.0296E+02  3.257E+10  1.401E-01  3.015E+00
     443      1     83      1     74      1      53     7.7070E+02  8.402E+11  9.993E-03  1.104E+01
     445      1     83      1     76      1      53     7.1393E+02  3.155E+11  1.000E-30  5.486E+00
     447      1     83      1     80      1      53     2.8272E+02  1.546E+11  4.013E-02  1.068E+01
     448      1     83      1     81      1      53     2.3723E+02  7.145E+10  1.000E-30  6.711E+00
     451      1     84      1     75      1      53     7.7945E+02  1.369E+12  1.000E-30  2.963E+01
     452      1     84      1     79      1      53     3.0001E+02  4.698E+11  1.000E-30  1.709E+01
     455      1     84      1     83      1      53     1.0851E+01  1.370E+07  1.000E-30  1.124E+01
     457      1     85      1     75      1      53     8.2063E+02  2.214E+12  2.959E-03  2.681E+01
     459      1     85      1     77      1      53     6.6185E+02  7.633E+10  1.000E-30  1.872E+00
     460      1     85      1     79      1      53     3.4119E+02  6.583E+11  2.361E-02  1.434E+01
     463      1     85      1     82      1      53     1.8630E+02  1.185E+10  1.000E-30  1.286E+00
     464      1     85      1     83      1      53     5.2031E+01  4.609E+09  8.907E-02  8.171E+00
     467      1     86      1     77      1      53     6.7729E+02  1.442E+13  1.507E-01  3.150E+00
     470      1     86      1     82      1      53     2.0174E+02  2.352E+11  2.671E-01  1.231E+00
     473      1     87      1     78      1      53     5.1236E+02  6.536E+12  2.337E-01  1.800E+00
     475      1     87      1     86      1      53     4.5782E+01  6.009E+08  7.251E-02  6.269E-01
     477      1     88      1     76      1      53     8.6948E+02  4.398E+12  1.033E-02  7.791E+00
     479      1     88      1     78      1      53     5.5466E+02  8.925E+09  1.000E-30  1.288E+00
     481      1     88      1     81      1      53     3.9278E+02  1.775E+12  1.024E-01  3.877E+00
     484      1     88      1     85      1      53     1.0351E+02  5.130E+10  4.479E-01  1.919E+00
     485      1     88      1     86      1      53     8.8076E+01  3.712E+08  1.000E-30  4.651E-01
     487      1     89      1     74      1      53     9.5869E+02  7.260E+11  6.319E-03  7.798E+00
     488      1     89      1     76      1      53     9.0192E+02  2.524E+11  1.000E-30  4.830E+00
     490      1     89      1     80      1      53     4.7071E+02  2.056E+11  1.636E-02  7.313E+00
     491      1     89      1     81      1      53     4.2522E+02  9.399E+10  1.000E-30  3.775E+00
     494      1     89      1     84      1      53     1.7714E+02  3.905E+10  6.338E-02  7.163E+00
     495      1     89      1     85      1      53     1.3596E+02  1.572E+10  1.000E-30  4.610E+00
     497      1     90      1     75      1      53     9.7022E+02  1.074E+12  1.000E-30  2.965E+01
     498      1     90      1     79      1      53     4.9078E+02  4.476E+11  1.000E-30  1.712E+01
     501      1     90      1     83      1      53     2.0163E+02  1.814E+11  1.000E-30  1.075E+01
     504      1     90      1     89      1      53     1.3639E+01  2.340E+07  1.000E-30  3.890E+00
     505      1     91      1     75      1      53     1.0099E+03  1.790E+12  1.239E-03  2.773E+01
     506      1     91      1     77      1      53     8.5110E+02  6.147E+10  1.000E-30  2.658E+00
     507      1     91      1     79      1      53     5.3043E+02  6.476E+11  5.662E-03  1.526E+01
     510      1     91      1     82      1      53     3.7555E+02  2.321E+10  1.000E-30  9.761E-01
     511      1     91      1     83      1      53     2.4127E+02  2.574E+11  4.322E-02  8.899E+00
     515      1     91      1     88      1      53     8.5729E+01  1.215E+09  1.000E-30  9.322E-01
     516      1     91      1     89      1      53     5.3287E+01  7.583E+09  2.404E-01  5.445E+00
     518      1     92      1     74      1      53     1.0879E+03  5.904E+11  4.508E-03  6.052E+00
     519      1     92      1     76      1      53     1.0312E+03  1.940E+11  1.000E-30  5.629E+00
     520      1     92      1     80      1      53     5.9995E+02  1.936E+11  1.010E-02  5.336E+00
     521      1     92      1     81      1      53     5.5446E+02  8.420E+10  1.000E-30  2.817E+00
     523      1     92      1     84      1      53     3.0638E+02  5.996E+10  2.499E-02  5.123E+00
     524      1     92      1     85      1      53     2.6520E+02  2.863E+10  1.000E-30  2.781E+00
     527      1     92      1     90      1      53     1.1560E+02  1.083E+10  9.326E-02  5.039E+00
     528      1     92      1     91      1      53     7.5952E+01  2.803E+09  1.000E-30  3.325E+00
     529      1     93      1     75      1      53     1.1014E+03  8.255E+11  1.000E-30  2.967E+01
     530      1     93      1     79      1      53     6.2192E+02  3.724E+11  1.000E-30  1.714E+01
     531      1     93      1     83      1      53     3.3276E+02  1.758E+11  1.000E-30  1.078E+01
     534      1     93      1     89      1      53     1.4478E+02  8.347E+10  1.000E-30  7.245E+00
     537      1     93      1     92      1      53     1.5538E+01  9.791E+07  1.000E-30  5.286E+00
     538      1     94      1     76      1      53     1.0597E+03  3.254E+12  3.906E-03  8.327E+00
     539      1     94      1     78      1      53     7.4491E+02  7.773E+09  1.000E-30  1.792E+00
     541      1     94      1     81      1      53     5.8303E+02  1.454E+12  2.041E-02  4.388E+00
     544      1     94      1     85      1      53     2.9377E+02  7.834E+11  1.923E-01  2.403E+00
     545      1     94      1     86      1      53     2.7833E+02  2.624E+09  1.000E-30  6.416E-01
     549      1     94      1     91      1      53     1.0453E+02  6.119E+10  1.185E+00  1.313E+00
     552      1     95      1     77      1      53     9.6122E+02  8.279E+12  2.188E-02  3.722E+00
     555      1     95      1     82      1      53     4.8567E+02  5.109E+12  2.966E-01  1.771E+00
     558      1     95      1     87      1      53     2.3815E+02  3.992E+09  1.000E-30  2.743E-01
     559      1     95      1     88      1      53     1.9586E+02  3.008E+11  8.717E-01  8.046E-01
     561      1     95      1     94      1      53     5.5996E+00  9.256E+04  1.320E-02  3.450E-01
     562      1     96      1     75      1      53     1.1409E+03  1.405E+12  6.594E-04  2.833E+01
     563      1     96      1     77      1      53     9.8211E+02  4.717E+10  1.000E-30  3.245E+00
     564      1     96      1     79      1      53     6.6145E+02  5.503E+11  2.381E-03  1.580E+01
     565      1     96      1     82      1      53     5.0657E+02  2.274E+10  1.000E-30  1.351E+00
     566      1     96      1     83      1      53     3.7229E+02  2.459E+11  1.012E-02  9.435E+00
     569      1     96      1     88      1      53     2.1675E+02  5.933E+09  1.000E-30  6.263E-01
     570      1     96      1     89      1      53     1.8430E+02  1.286E+11  7.564E-02  5.935E+00
     573      1     96      1     92      1      53     5.5065E+01  1.096E+10  5.789E-01  3.842E+00
     575      1     96      1     94      1      53     2.6491E+01  2.131E+07  1.000E-30  7.165E-01
     578      1     97      1     78      1      53     7.9354E+02  3.581E+12  2.220E-02  2.195E+00
     580      1     97      1     86      1      53     3.2696E+02  1.392E+12  3.951E-01  1.001E+00
     584      1     97      1     95      1      53     4.3029E+01  1.095E+09  3.031E-01  4.146E-01
     585      1     98      1     74      1      53     1.1808E+03  4.711E+11  3.328E-03  5.110E+00
     586      1     98      1     76      1      53     1.1240E+03  1.494E+11  1.000E-30  6.493E+00
     587      1     98      1     80      1      53     6.9278E+02  1.670E+11  7.231E-03  4.157E+00
     588      1     98      1     81      1      53     6.4729E+02  6.978E+10  1.000E-30  2.971E+00
     589      1     98      1     84      1      53     3.9921E+02  6.114E+10  1.510E-02  3.854E+00
     590      1     98      1     85      1      53     3.5803E+02  2.923E+10  1.000E-30  1.948E+00
     592      1     98      1     90      1      53     2.0843E+02  1.970E+10  3.608E-02  3.757E+00
     593      1     98      1     91      1      53     1.6878E+02  8.510E+09  1.000E-30  2.139E+00
     595      1     98      1     93      1      53     7.7294E+01  3.147E+09  1.283E-01  3.707E+00
     597      1     98      1     96      1      53     3.7767E+01  2.891E+08  1.000E-30  2.499E+00
     598      1     99      1     75      1      53     1.1956E+03  6.384E+11  1.000E-30  2.970E+01
     599      1     99      1     79      1      53     7.1611E+02  2.988E+11  1.000E-30  1.717E+01
     600      1     99      1     83      1      53     4.2696E+02  1.504E+11  1.000E-30  1.080E+01
     601      1     99      1     89      1      53     2.3897E+02  7.961E+10  1.000E-30  7.270E+00
     604      1     99      1     92      1      53     1.0973E+02  4.462E+10  1.000E-30  5.119E+00
     607      1     99      1     98      1      53     1.6897E+01  2.592E+08  1.000E-30  3.956E+00
     608      1    100      1     75      1      53     1.2357E+03  1.101E+12  4.002E-04  2.874E+01
     609      1    100      1     77      1      53     1.0769E+03  3.616E+10  1.000E-30  3.648E+00
     610      1    100      1     79      1      53     7.5626E+02  4.510E+11  1.270E-03  1.621E+01
     611      1    100      1     82      1      53     6.0138E+02  1.948E+10  1.000E-30  1.710E+00
     612      1    100      1     83      1      53     4.6710E+02  2.137E+11  4.217E-03  9.844E+00
     613      1    100      1     88      1      53     3.1156E+02  7.457E+09  1.000E-30  7.879E-01
     614      1    100      1     89      1      53     2.7912E+02  1.156E+11  1.707E-02  6.294E+00
     617      1    100      1     92      1      53     1.4988E+02  7.748E+10  1.282E-01  4.174E+00
     619      1    100      1     94      1      53     1.2130E+02  1.151E+09  1.000E-30  4.737E-01
     621      1    100      1     98      1      53     5.7044E+01  1.325E+10  1.255E+00  2.845E+00
     623      1    101      1     76      1      53     1.1918E+03  2.414E+12  1.965E-03  8.606E+00
     624      1    101      1     78      1      53     8.7698E+02  6.065E+09  1.000E-30  2.122E+00
     625      1    101      1     81      1      53     7.1510E+02  1.123E+12  7.805E-03  4.712E+00
     627      1    101      1     85      1      53     4.2583E+02  6.272E+11  3.723E-02  2.721E+00
     628      1    101      1     86      1      53     4.1039E+02  3.384E+09  1.000E-30  9.336E-01
     631      1    101      1     91      1      53     2.3659E+02  4.250E+11  3.399E-01  1.612E+00
     634      1    101      1     95      1      53     1.2646E+02  4.014E+08  1.000E-30  3.810E-01
     635      1    101      1     96      1      53     1.0557E+02  6.264E+10  2.688E+00  9.657E-01
     638      1    101      1    100      1      53     1.0760E+01  8.621E+05  1.455E-02  5.759E-01
     639      1    102      1     77      1      53     1.1469E+03  5.100E+12  7.128E-03  4.059E+00
     641      1    102      1     82      1      53     6.7131E+02  3.290E+12  4.679E-02  2.101E+00
     644      1    102      1     87      1      53     4.2378E+02  3.479E+09  1.000E-30  5.015E-01
     645      1    102      1     88      1      53     3.8149E+02  2.347E+12  5.336E-01  1.115E+00
     647      1    102      1     94      1      53     1.9123E+02  2.911E+11  2.208E+00  5.722E-01
     650      1    102      1     97      1      53     1.4260E+02  2.131E+09  1.000E-30  1.945E-01
     652      1    102      1    101      1      53     5.9168E+01  1.318E+08  1.869E-02  2.940E-01
     653      1    103      1     76      1      53     1.2875E+03  1.831E+12  1.142E-03  8.888E+00
     654      1    103      1     78      1      53     9.7272E+02  4.653E+09  1.000E-30  2.346E+00
     655      1    103      1     81      1      53     8.1083E+02  8.751E+11  3.945E-03  4.936E+00
     656      1    103      1     85      1      53     5.2157E+02  4.912E+11  1.421E-02  2.939E+00
     657      1    103      1     86      1      53     5.0613E+02  3.199E+09  1.000E-30  1.151E+00
     659      1    103      1     91      1      53     3.3233E+02  3.320E+11  6.370E-02  1.829E+00
     662      1    103      1     95      1      53     2.2220E+02  8.722E+08  1.000E-30  5.633E-01
     663      1    103      1     96      1      53     2.0131E+02  2.704E+11  5.732E-01  1.164E+00
     665      1    103      1    100      1      53     1.0650E+02  6.535E+10  5.422E+00  7.570E-01
     667      1    103      1    102      1      53     3.6571E+01  1.260E+07  1.000E-30  2.744E-01
     668      1    104      1     78      1      53     9.7661E+02  1.998E+12  5.872E-03  2.427E+00
     670      1    104      1     86      1      53     5.1003E+02  1.245E+12  5.436E-02  1.226E+00
     674      1    104      1     95      1      53     2.2610E+02  3.893E+11  6.172E-01  6.307E-01
     677      1    104      1    102      1      53     4.0464E+01  1.261E+09  8.266E-01  3.046E-01
     679      1    105      1     77      1      53     1.2750E+03  3.385E+12  3.245E-03  4.267E+00
     680      1    105      1     82      1      53     7.9944E+02  2.170E+12  1.590E-02  2.309E+00
     682      1    105      1     87      1      53     5.5191E+02  2.445E+09  1.000E-30  7.035E-01
     683      1    105      1     88      1      53     5.0962E+02  1.616E+12  8.802E-02  1.317E+00
     685      1    105      1     94      1      53     3.1936E+02  1.253E+12  8.774E-01  7.645E-01
     688      1    105      1     97      1      53     2.7073E+02  2.617E+09  1.000E-30  3.067E-01
     690      1    105      1    101      1      53     1.8730E+02  2.953E+11  4.671E+00  4.478E-01
     692      1    105      1    103      1      53     9.1560E+01  2.164E+08  8.636E-03  2.710E-01
     693      1    105      1    104      1      53     8.7667E+01  8.112E+08  1.000E-30  1.680E-01
     694      1    106      1     78      1      53     1.1024E+03  1.241E+12  2.368E-03  2.575E+00
     695      1    106      1     86      1      53     6.3583E+02  8.713E+11  1.659E-02  1.374E+00
     698      1    106      1     95      1      53     3.5190E+02  4.415E+11  9.683E-02  7.783E-01
     701      1    106      1    102      1      53     1.6626E+02  1.329E+11  9.049E-01  4.426E-01
     704      1    106      1    105      1      53     3.8133E+01  1.295E+09  1.684E+00  2.524E-01
     705      1    107      1     77      1      53     1.3672E+03  2.369E+12  1.774E-03  4.414E+00
     706      1    107      1     82      1      53     8.9170E+02  1.508E+12  7.373E-03  2.457E+00
     707      1    107      1     87      1      53     6.4417E+02  1.728E+09  1.000E-30  8.497E-01
     708      1    107      1     88      1      53     6.0188E+02  1.088E+12  2.993E-02  1.465E+00
     710      1    107      1     94      1      53     4.1162E+02  9.335E+11  1.478E-01  9.120E-01
     712      1    107      1     97      1      53     3.6299E+02  2.136E+09  1.000E-30  4.433E-01
     714      1    107      1    101      1      53     2.7956E+02  7.708E+11  1.338E+00  5.838E-01
     716      1    107      1    103      1      53     1.8382E+02  3.975E+11  8.165E+00  3.890E-01
     717      1    107      1    104      1      53     1.7993E+02  1.427E+09  1.000E-30  2.283E-01
     719      1    107      1    106      1      53     5.4126E+01  2.537E+08  1.000E-30  1.707E-01
     720      1    108      1     78      1      53     1.1926E+03  8.275E+11  1.196E-03  2.675E+00
     721      1    108      1     86      1      53     7.2599E+02  6.156E+11  7.189E-03  1.480E+00
     723      1    108      1     95      1      53     4.4206E+02  3.516E+11  3.160E-02  8.777E-01
     725      1    108      1    102      1      53     2.5642E+02  1.749E+11  1.504E-01  5.445E-01
     728      1    108      1    105      1      53     1.2829E+02  5.573E+10  1.187E+00  3.505E-01
     730      1    108      1    107      1      53     3.6034E+01  1.810E+09  2.691E+00  2.387E-01
     731      1    110      1    109      1      53     1.0325E+02  3.706E+09  1.000E-30  3.596E+02
     732      1    111      1    109      1      53     6.2828E+02  9.392E+11  6.967E-05  4.026E+02
     733      1    114      1    113      1      54     7.1415E+00  1.131E+04  1.000E-30  7.124E-04
     735      1    115      1    114      1      54     4.2027E+02  4.057E+10  1.084E+00  3.482E-02
     736      1    117      1    116      1      54     8.2284E+01  7.397E+07  1.178E+01  7.480E-03
     737      1    118      1    117      1      54     6.5579E+01  2.653E+08  1.877E-04  9.900E+01
     739      1    120      1    119      1      54     2.7707E+01  5.467E+06  2.040E+01  4.628E-03
     740      1    121      1    120      1      54     3.4184E+01  8.351E+07  1.172E-03  3.528E+01
     743      1    122      1    121      1      54     1.1729E+01  7.304E+05  5.343E-04  1.004E+01
     745      1    124      1    119      1      54     9.4819E+02  5.475E+12  1.236E-02  3.134E+01
     746      1    124      1    121      1      54     8.8629E+02  1.776E+12  1.000E-30  1.768E+01
     747      1    123      1    120      1      54     9.0352E+02  6.483E+12  1.000E-30  5.149E+01
     749      1    124      1    123      1      54     1.6956E+01  3.292E+06  6.607E+00  1.734E-02
     750      1    125      1    120      1      54     9.3511E+02  1.166E+13  6.612E-03  4.301E+01
     753      1    125      1    122      1      54     8.8920E+02  4.328E+11  1.000E-30  3.420E+00
     754      1    125      1    124      1      54     1.4632E+01  7.667E+06  2.169E-03  2.233E+01
     757      1    126      1    121      1      54     9.0719E+02  1.928E+13  2.104E-02  1.499E+01
     759      1    126      1    125      1      54     6.2624E+00  2.111E+05  1.972E-03  5.178E+00
     761      1    127      1    122      1      54     9.0472E+02  3.069E+13  5.516E-02  6.865E+00
     763      1    127      1    126      1      54     9.2648E+00  2.532E+05  1.324E-03  2.040E+00
     765      1    129      1    121      1      54     1.3816E+03  1.377E+12  1.000E-30  9.977E+00
     767      1    129      1    123      1      54     5.1224E+02  9.383E+11  2.362E-02  1.811E+01
     768      1    129      1    125      1      54     4.8065E+02  4.772E+11  1.000E-30  1.082E+01
     770      1    128      1    120      1      54     1.4063E+03  5.432E+12  1.000E-30  5.137E+01
     772      1    128      1    124      1      54     4.8585E+02  1.393E+12  1.000E-30  3.178E+01
     775      1    129      1    128      1      54     9.4325E+00  6.863E+05  6.373E+00  2.024E-02
     777      1    130      1    120      1      54     1.4246E+03  6.823E+12  1.304E-02  3.642E+00
     779      1    130      1    122      1      54     1.3787E+03  2.881E+11  1.000E-30  4.678E+00
     780      1    130      1    124      1      54     5.0408E+02  1.818E+12  1.060E-02  2.687E+01
     783      1    130      1    126      1      54     4.8319E+02  1.777E+11  1.000E-30  2.065E+00
     785      1    130      1    129      1      54     8.7978E+00  2.192E+06  4.925E-03  1.297E+01
     788      1    131      1    121      1      54     1.3942E+03  1.515E+13  3.934E-03  1.691E+01
     790      1    131      1    125      1      54     4.9329E+02  2.841E+12  4.006E-02  7.406E+00
     791      1    131      1    127      1      54     4.7777E+02  4.779E+10  1.000E-30  8.140E-01
     793      1    131      1    130      1      54     3.8408E+00  7.216E+04  5.037E-03  3.012E+00
     795      1    132      1    122      1      54     1.3904E+03  1.603E+13  6.320E-03  8.061E+00
     797      1    132      1    126      1      54     4.9497E+02  4.187E+12  9.896E-02  3.366E+00
     799      1    132      1    131      1      54     7.9348E+00  2.935E+05  4.196E-03  1.191E+00
     800      1    133      1    127      1      54     4.8686E+02  5.284E+12  2.009E-01  1.911E+00
     801      1    133      1    132      1      54     1.1594E+00  2.616E+02  1.839E-03  6.019E-01
     802      1    134      1    124      1      54     7.8763E+02  1.329E+12  1.000E-30  3.171E+01
     804      1    134      1    129      1      54     2.9235E+02  3.910E+11  1.000E-30  1.836E+01
     808      1    135      1    123      1      54     8.1021E+02  1.021E+12  1.004E-02  1.149E+01
     809      1    135      1    125      1      54     7.7862E+02  4.261E+11  1.000E-30  1.003E+01
     811      1    135      1    128      1      54     3.0740E+02  2.171E+11  4.119E-02  1.139E+01
     812      1    135      1    130      1      54     2.8917E+02  1.497E+11  1.000E-30  5.796E+00
     814      1    135      1    134      1      54     5.6221E+00  6.126E+05  7.381E-02  3.059E+00
     815      1    136      1    124      1      54     7.9909E+02  1.923E+12  2.355E-03  3.169E+01
     818      1    136      1    126      1      54     7.7820E+02  1.408E+11  1.000E-30  4.995E+00
     819      1    136      1    129      1      54     3.0380E+02  4.078E+11  1.604E-02  1.832E+01
     822      1    136      1    131      1      54     2.9116E+02  6.817E+10  1.000E-30  2.891E+00
     825      1    136      1    135      1      54     5.8334E+00  7.962E+05  9.764E-03  8.230E+00
     827      1    137      1    125      1      54     7.8707E+02  2.858E+12  6.990E-03  1.004E+01
     828      1    137      1    127      1      54     7.7154E+02  3.223E+10  1.000E-30  3.024E+00
     830      1    137      1    130      1      54     2.9761E+02  6.037E+11  5.008E-02  5.811E+00
     831      1    137      1    132      1      54     2.8584E+02  2.689E+10  1.000E-30  1.748E+00
     833      1    137      1    136      1      54     2.6080E+00  2.964E+04  1.059E-02  1.899E+00
     835      1    138      1    126      1      54     7.8806E+02  3.655E+12  1.289E-02  4.997E+00
     837      1    138      1    131      1      54     3.0103E+02  8.793E+11  1.087E-01  2.893E+00
     838      1    138      1    133      1      54     2.9194E+02  8.702E+09  1.000E-30  1.175E+00
     840      1    138      1    137      1      54     7.2571E+00  3.139E+05  9.276E-03  7.597E-01
     841      1    139      1    127      1      54     7.7953E+02  3.241E+12  1.523E-02  3.025E+00
     842      1    139      1    132      1      54     2.9383E+02  1.038E+12  1.951E-01  1.749E+00
     843      1    139      1    138      1      54     7.3047E-01  1.216E+02  5.327E-03  3.875E-01
     844      1    140      1    133      1      54     2.9317E+02  1.269E+12  3.321E-01  1.171E+00
     845      1    140      1    139      1      54     5.0455E-01  1.530E+01  2.795E-03  2.282E-01
     846      1    141      1    124      1      54     9.8280E+02  1.059E+12  1.000E-30  3.169E+01
     847      1    141      1    129      1      54     4.8751E+02  4.076E+11  1.000E-30  1.831E+01
     851      1    141      1    135      1      54     1.8954E+02  1.307E+11  1.000E-30  1.152E+01
     853      1    142      1    123      1      54     1.0032E+03  8.601E+11  6.587E-03  7.737E+00
     854      1    142      1    125      1      54     9.7165E+02  3.236E+11  1.000E-30  1.006E+01
     856      1    142      1    128      1      54     5.0043E+02  2.610E+11  1.641E-02  7.699E+00
     857      1    142      1    130      1      54     4.8220E+02  1.474E+11  1.000E-30  5.826E+00
     859      1    142      1    134      1      54     1.9865E+02  6.182E+10  6.727E-02  7.613E+00
     861      1    142      1    136      1      54     1.8719E+02  5.362E+10  1.000E-30  4.889E+00
     863      1    142      1    141      1      54     3.4847E+00  1.505E+05  1.285E-01  1.934E+00
     864      1    143      1    124      1      54     9.9046E+02  1.602E+12  1.029E-03  3.168E+01
     865      1    143      1    126      1      54     9.6956E+02  1.001E+11  1.000E-30  5.018E+00
     866      1    143      1    129      1      54     4.9517E+02  4.785E+11  4.269E-03  1.831E+01
     869      1    143      1    131      1      54     4.8253E+02  6.111E+10  1.000E-30  2.915E+00
     872      1    143      1    135      1      54     1.9720E+02  1.138E+11  3.239E-02  9.471E+00
     874      1    143      1    137      1      54     1.8876E+02  2.758E+10  1.000E-30  1.006E+00
     877      1    143      1    142      1      54     4.1712E+00  3.423E+05  1.740E-02  5.490E+00
     878      1    144      1    125      1      54     9.7774E+02  2.272E+12  2.871E-03  1.006E+01
     879      1    144      1    127      1      54     9.6221E+02  2.088E+10  1.000E-30  3.047E+00
     881      1    144      1    130      1      54     4.8829E+02  6.980E+11  1.241E-02  5.829E+00
     882      1    144      1    132      1      54     4.7651E+02  2.177E+10  1.000E-30  1.771E+00
     884      1    144      1    136      1      54     1.9328E+02  1.536E+11  1.134E-01  2.576E+00
     885      1    144      1    138      1      54     1.8342E+02  1.259E+10  1.000E-30  3.648E-01
     887      1    144      1    143      1      54     1.9160E+00  1.452E+04  1.946E-02  1.293E+00
     888      1    145      1    126      1      54     9.7835E+02  2.610E+12  4.724E-03  5.019E+00
     890      1    145      1    131      1      54     4.9132E+02  9.392E+11  2.380E-02  2.915E+00
     891      1    145      1    133      1      54     4.8223E+02  5.631E+09  1.000E-30  1.197E+00
     893      1    145      1    137      1      54     1.9755E+02  2.063E+11  2.639E-01  1.160E+00
     894      1    145      1    139      1      54     1.8956E+02  6.426E+09  1.000E-30  1.932E-01
     896      1    145      1    144      1      54     6.8766E+00  3.368E+05  1.689E-02  5.294E-01
     897      1    146      1    127      1      54     9.6958E+02  1.876E+12  4.471E-03  3.045E+00
     898      1    146      1    132      1      54     4.8388E+02  9.978E+11  3.443E-02  1.769E+00
     899      1    146      1    138      1      54     1.9078E+02  2.082E+11  4.822E-01  6.568E-01
     900      1    146      1    140      1      54     1.8955E+02  1.970E+09  1.000E-30  1.316E-01
     901      1    146      1    145      1      54     4.8959E-01  5.162E+01  1.047E-02  2.801E-01
     902      1    147      1    133      1      54     4.8306E+02  8.359E+11  3.524E-02  1.192E+00
     903      1    147      1    139      1      54     1.9039E+02  2.226E+11  8.245E-01  4.232E-01
     904      1    147      1    146      1      54     3.3818E-01  8.633E+00  7.052E-03  1.711E-01
     905      1    148      1    140      1      54     1.9013E+02  2.264E+11  1.332E+00  2.947E-01
     906      1    148      1    147      1      54     2.4746E-01  1.351E+00  3.567E-03  1.131E-01
     907      1    149      1    124      1      54     1.1162E+03  8.166E+11  1.000E-30  3.170E+01
     908      1    149      1    129      1      54     6.2092E+02  3.461E+11  1.000E-30  1.832E+01
     910      1    149      1    135      1      54     3.2295E+02  1.456E+11  1.000E-30  1.154E+01
     913      1    149      1    142      1      54     1.2992E+02  4.994E+10  1.000E-30  7.755E+00
     915      1    150      1    123      1      54     1.1354E+03  6.876E+11  5.119E-03  5.479E+00
     916      1    150      1    125      1      54     1.1038E+03  2.432E+11  1.000E-30  1.008E+01
     917      1    150      1    128      1      54     6.3256E+02  2.364E+11  1.033E-02  5.440E+00
     918      1    150      1    130      1      54     6.1433E+02  1.209E+11  1.000E-30  5.850E+00
     919      1    150      1    134      1      54     3.3078E+02  8.088E+10  2.536E-02  5.412E+00
     921      1    150      1    136      1      54     3.1933E+02  5.739E+10  1.000E-30  2.938E+00
     923      1    150      1    141      1      54     1.3562E+02  2.041E+10  1.031E-01  5.385E+00
     925      1    150      1    143      1      54     1.2796E+02  2.144E+10  1.000E-30  3.532E+00
     927      1    150      1    149      1      54     2.2069E+00  3.717E+04  2.152E-01  1.227E+00
     928      1    151      1    124      1      54     1.1216E+03  1.269E+12  5.605E-04  3.168E+01
     929      1    151      1    126      1      54     1.1007E+03  7.196E+10  1.000E-30  5.041E+00
     930      1    151      1    129      1      54     6.2630E+02  4.287E+11  1.885E-03  1.831E+01
     931      1    151      1    131      1      54     6.1366E+02  4.718E+10  1.000E-30  2.937E+00
     933      1    151      1    135      1      54     3.2833E+02  1.450E+11  8.124E-03  1.007E+01
     935      1    151      1    137      1      54     3.1989E+02  2.716E+10  1.000E-30  6.707E-01
     937      1    151      1    142      1      54     1.3530E+02  3.756E+10  5.088E-02  6.313E+00
     939      1    151      1    144      1      54     1.2921E+02  1.196E+10  1.000E-30  7.634E-01
     941      1    151      1    150      1      54     3.1681E+00  1.733E+05  2.907E-02  3.860E+00
     942      1    152      1    125      1      54     1.1084E+03  1.741E+12  1.502E-03  1.009E+01
     943      1    152      1    127      1      54     1.0929E+03  1.410E+10  1.000E-30  3.068E+00
     944      1    152      1    130      1      54     6.1900E+02  6.111E+11  5.251E-03  5.852E+00
     945      1    152      1    132      1      54     6.0722E+02  1.571E+10  1.000E-30  1.793E+00
     947      1    152      1    136      1      54     3.2399E+02  2.058E+11  2.546E-02  2.918E+00
     948      1    152      1    138      1      54     3.1413E+02  1.173E+10  1.000E-30  4.012E-01
     950      1    152      1    143      1      54     1.3263E+02  4.728E+10  1.718E-01  1.724E+00
     951      1    152      1    145      1      54     1.2383E+02  5.778E+09  1.000E-30  2.962E-01
     953      1    152      1    151      1      54     1.4980E+00  7.957E+03  3.097E-02  9.433E-01
     954      1    153      1    126      1      54     1.1088E+03  1.865E+12  2.300E-03  5.039E+00
     955      1    153      1    131      1      54     6.2180E+02  7.696E+11  9.339E-03  2.936E+00
     956      1    153      1    133      1      54     6.1271E+02  3.578E+09  1.000E-30  1.218E+00
     958      1    153      1    137      1      54     3.2803E+02  2.799E+11  5.221E-02  1.379E+00
     959      1    153      1    139      1      54     3.2004E+02  4.938E+09  1.000E-30  3.096E-01
     961      1    153      1    144      1      54     1.3736E+02  6.256E+10  3.868E-01  7.875E-01
     962      1    153      1    146      1      54     1.2999E+02  3.789E+09  1.000E-30  1.620E-01
     963      1    153      1    152      1      54     6.6466E+00  3.610E+05  2.661E-02  4.058E-01
     964      1    154      1    127      1      54     1.0999E+03  1.184E+12  1.910E-03  3.066E+00
     965      1    154      1    132      1      54     6.1421E+02  7.350E+11  1.185E-02  1.789E+00
     966      1    154      1    138      1      54     3.2112E+02  3.003E+11  8.171E-02  8.122E-01
     967      1    154      1    140      1      54     3.1988E+02  1.234E+09  1.000E-30  2.493E-01
     968      1    154      1    145      1      54     1.3082E+02  5.685E+10  6.726E-01  4.529E-01
     969      1    154      1    147      1      54     1.3000E+02  1.749E+09  1.000E-30  1.106E-01
     970      1    154      1    153      1      54     3.4390E-01  2.273E+01  1.629E-02  2.281E-01
     971      1    155      1    133      1      54     6.1329E+02  4.864E+11  9.476E-03  1.212E+00
     972      1    155      1    139      1      54     3.2062E+02  3.074E+11  1.063E-01  5.398E-01
     973      1    155      1    146      1      54     1.3057E+02  5.767E+10  1.093E+00  2.974E-01
     974      1    155      1    148      1      54     1.2999E+02  5.425E+08  1.000E-30  8.618E-02
     975      1    155      1    154      1      54     2.3759E-01  4.247E+00  1.133E-02  1.488E-01
     976      1    156      1    124      1      54     1.2114E+03  6.300E+11  1.000E-30  3.170E+01
     977      1    156      1    129      1      54     7.1613E+02  2.802E+11  1.000E-30  1.833E+01
     978      1    156      1    135      1      54     4.1816E+02  1.300E+11  1.000E-30  1.157E+01
     980      1    156      1    142      1      54     2.2513E+02  5.868E+10  1.000E-30  7.780E+00
     983      1    156      1    150      1      54     9.3002E+01  2.130E+10  1.000E-30  5.487E+00
     985      1    157      1    123      1      54     1.2298E+03  5.449E+11  4.305E-03  4.048E+00
     986      1    157      1    125      1      54     1.1982E+03  1.839E+11  1.000E-30  1.011E+01
     987      1    157      1    128      1      54     7.2695E+02  1.992E+11  7.747E-03  4.010E+00
     988      1    157      1    130      1      54     7.0872E+02  9.564E+10  1.000E-30  5.873E+00
     989      1    157      1    134      1      54     4.2517E+02  7.779E+10  1.537E-02  3.988E+00
     990      1    157      1    136      1      54     4.1371E+02  4.967E+10  1.000E-30  2.065E+00
     991      1    157      1    141      1      54     2.3000E+02  2.904E+10  3.750E-02  3.974E+00
     993      1    157      1    143      1      54     2.2235E+02  2.438E+10  1.000E-30  2.256E+00
     995      1    157      1    149      1      54     9.6594E+01  7.536E+09  1.511E-01  3.962E+00
     997      1    157      1    151      1      54     9.1219E+01  9.333E+09  1.000E-30  2.654E+00
     999      1    157      1    156      1      54     1.3856E+00  8.432E+03  3.450E-01  7.859E-01
    1000      1    158      1    124      1      54     1.2153E+03  9.951E+11  3.447E-04  3.171E+01
    1001      1    158      1    126      1      54     1.1944E+03  5.284E+10  1.000E-30  5.065E+00
    1002      1    158      1    129      1      54     7.2004E+02  3.585E+11  1.034E-03  1.833E+01
    1003      1    158      1    131      1      54     7.0740E+02  3.593E+10  1.000E-30  2.961E+00
    1004      1    158      1    135      1      54     4.2207E+02  1.380E+11  3.467E-03  1.048E+01
    1005      1    158      1    137      1      54     4.1363E+02  2.239E+10  1.000E-30  8.409E-01
    1007      1    158      1    142      1      54     2.2904E+02  5.130E+10  1.282E-02  6.690E+00
    1009      1    158      1    144      1      54     2.2296E+02  1.270E+10  1.000E-30  5.043E-01
    1011      1    158      1    150      1      54     9.6914E+01  1.406E+10  7.616E-02  4.435E+00
    1012      1    158      1    152      1      54     9.2248E+01  5.530E+09  1.000E-30  6.180E-01
    1014      1    158      1    157      1      54     2.5273E+00  9.996E+04  4.585E-02  2.842E+00
    1015      1    159      1    125      1      54     1.2019E+03  1.336E+12  9.001E-04  1.011E+01
    1016      1    159      1    127      1      54     1.1864E+03  9.929E+09  1.000E-30  3.094E+00
    1017      1    159      1    130      1      54     7.1248E+02  5.023E+11  2.801E-03  5.876E+00
    1018      1    159      1    132      1      54     7.0070E+02  1.136E+10  1.000E-30  1.816E+00
    1019      1    159      1    136      1      54     4.1747E+02  1.948E+11  1.020E-02  3.146E+00
    1020      1    159      1    138      1      54     4.0761E+02  9.208E+09  1.000E-30  5.934E-01
    1022      1    159      1    143      1      54     2.2610E+02  7.065E+10  3.918E-02  1.947E+00
    1023      1    159      1    145      1      54     2.1731E+02  6.077E+09  1.000E-30  2.821E-01
    1025      1    159      1    151      1      54     9.4977E+01  1.657E+10  2.451E-01  1.236E+00
    1026      1    159      1    153      1      54     8.6832E+01  2.685E+09  1.000E-30  2.649E-01
    1028      1    159      1    158      1      54     1.2307E+00  4.926E+03  4.525E-02  7.347E-01
    1029      1    160      1    126      1      54     1.2022E+03  1.366E+12  1.312E-03  5.063E+00
    1030      1    160      1    131      1      54     7.1513E+02  6.042E+11  4.730E-03  2.959E+00
    1031      1    160      1    133      1      54     7.0604E+02  2.403E+09  1.000E-30  1.241E+00
    1032      1    160      1    137      1      54     4.2136E+02  2.558E+11  1.936E-02  1.530E+00
    1033      1    160      1    139      1      54     4.1337E+02  3.468E+09  1.000E-30  4.511E-01
    1035      1    160      1    144      1      54     2.3069E+02  9.700E+10  7.919E-02  9.321E-01
    1036      1    160      1    146      1      54     2.2332E+02  3.268E+09  1.000E-30  2.208E-01
    1037      1    160      1    152      1      54     9.9979E+01  2.213E+10  5.328E-01  5.818E-01
    1038      1    160      1    154      1      54     9.2988E+01  2.129E+09  1.000E-30  1.594E-01
    1039      1    160      1    159      1      54     6.4994E+00  3.878E+05  3.596E-02  3.441E-01
    1040      1    161      1    127      1      54     1.1932E+03  7.993E+11  9.996E-04  3.087E+00
    1041      1    161      1    132      1      54     7.0745E+02  5.349E+11  5.505E-03  1.812E+00
    1042      1    161      1    138      1      54     4.1436E+02  2.649E+11  2.757E-02  9.178E-01
    1043      1    161      1    140      1      54     4.1312E+02  7.675E+08  1.000E-30  3.555E-01
    1044      1    161      1    145      1      54     2.2406E+02  1.012E+11  1.229E-01  5.604E-01
    1045      1    161      1    147      1      54     2.2323E+02  1.295E+09  1.000E-30  1.835E-01
    1046      1    161      1    153      1      54     9.3583E+01  1.815E+10  8.398E-01  3.491E-01
    1047      1    161      1    155      1      54     9.3001E+01  1.180E+09  1.000E-30  1.155E-01
    1048      1    161      1    160      1      54     2.5061E-01  1.061E+01  2.049E-02  2.119E-01
    1049      1    162      1    133      1      54     7.0646E+02  3.080E+11  3.803E-03  1.233E+00
    1050      1    162      1    139      1      54     4.1380E+02  2.405E+11  3.021E-02  6.244E-01
    1051      1    162      1    146      1      54     2.2375E+02  1.090E+11  1.682E-01  3.806E-01
    1052      1    162      1    148      1      54     2.2316E+02  3.276E+08  1.000E-30  1.553E-01
    1053      1    162      1    154      1      54     9.3412E+01  1.885E+10  1.271E+00  2.397E-01
    1054      1    162      1    161      1      54     1.7317E-01  2.108E+00  1.352E-02  1.512E-01
