#  File format type:   4
#
#  SPECT3D transition powers file.
#  RUN NAME:  xe_750-1300_4mm
#  Total number of transitions   =     1380
#  Number of written transitions =      624
#  Plasma temperature (eV)       =     4.0000E+02
#  Mass density (g/cm3)          =     2.1803E-01
#  Cell areal density (g/cm2)    =     8.7214E-02
#  Material mass fractions       =     1.0000E+00
#  DCA material number fractions =     1.0000E+00
# -----------------------------------------------------
#
#
#   Trans.  Trans  Upper  Upper  Lower  Lower   Ioniz   Energy     Line Power Line Center Line Width
#   Index   Model  Level  Model  Level  Model   Stage   (eV)       (W/cm2)    Opt. Depth      eV
# --------------------------------------------------------------------------------------------------
       1      1      3      1      2      1      52     1.1982E+02  1.335E+11  7.967E-05  3.235E-02
       2      1      4      1      2      1      52     4.9234E+02  1.294E+12  1.133E+02  8.260E-02
       4      1      6      1      5      1      52     1.0651E+02  3.592E+11  3.161E-01  7.881E+01
       6      1      7      1      6      1      52     6.8034E+01  6.263E+10  4.410E-02  9.474E+01
       7      1      9      1      8      1      52     3.8672E+01  1.297E+10  1.045E+00  2.902E+01
       9      1     10      1      9      1      52     3.4641E+01  1.383E+10  2.865E-01  3.162E+01
      11      1     11      1     10      1      52     9.4480E+00  5.766E+07  1.065E-01  8.747E+00
      13      1     12      1      9      1      52     8.3242E+02  1.097E+15  1.000E-30  4.532E+01
      14      1     13      1      8      1      52     8.9349E+02  2.159E+14  2.600E+00  2.783E+01
      16      1     13      1     10      1      52     8.2018E+02  2.902E+14  1.000E-30  1.600E+01
      17      1     13      1     12      1      52     2.2396E+01  2.104E+09  2.556E+00  1.732E+01
      19      1     14      1      9      1      52     8.6975E+02  6.695E+14  1.465E+00  3.804E+01
      21      1     14      1     11      1      52     8.2566E+02  6.922E+13  1.000E-30  3.418E+00
      23      1     14      1     13      1      52     1.4925E+01  1.094E+09  5.069E-01  2.093E+01
      25      1     15      1     10      1      52     8.3968E+02  5.110E+14  4.715E+00  1.330E+01
      28      1     15      1     14      1      52     4.5752E+00  9.197E+06  3.218E-01  5.010E+00
      30      1     16      1     11      1      52     8.3260E+02  4.174E+14  1.192E+01  6.255E+00
      32      1     16      1     15      1      52     2.3647E+00  4.497E+05  1.531E-01  2.252E+00
      34      1     17      1      9      1      52     1.3019E+03  9.203E+14  1.000E-30  4.568E+01
      36      1     17      1     13      1      52     4.4709E+02  2.332E+14  1.000E-30  2.882E+01
      38      1     18      1      8      1      52     1.3534E+03  3.409E+14  1.158E+00  1.691E+01
      40      1     18      1     10      1      52     1.2800E+03  2.248E+14  1.000E-30  9.570E+00
      41      1     18      1     12      1      52     4.8226E+02  2.466E+13  4.654E+00  1.697E+01
      43      1     18      1     14      1      52     4.4493E+02  7.788E+13  1.000E-30  1.065E+01
      45      1     18      1     17      1      52     1.2770E+01  3.160E+08  4.847E+00  1.099E+01
      47      1     19      1      9      1      52     1.3234E+03  1.159E+15  3.404E-01  4.140E+01
      49      1     19      1     11      1      52     1.2793E+03  4.575E+13  1.000E-30  4.955E+00
      51      1     19      1     13      1      52     4.6860E+02  7.936E+13  2.256E+00  2.454E+01
      53      1     19      1     15      1      52     4.4910E+02  2.844E+13  1.000E-30  2.835E+00
      56      1     19      1     18      1      52     8.7378E+00  2.045E+08  1.035E+00  1.324E+01
      58      1     20      1     10      1      52     1.2912E+03  1.182E+15  8.481E-01  1.534E+01
      61      1     20      1     14      1      52     4.5609E+02  5.873E+13  7.904E+00  7.375E+00
      63      1     20      1     16      1      52     4.4915E+02  8.008E+12  1.000E-30  1.619E+00
      65      1     20      1     19      1      52     2.4178E+00  1.723E+06  5.119E-01  3.946E+00
      67      1     21      1     11      1      52     1.2829E+03  9.860E+14  1.287E+00  7.642E+00
      69      1     21      1     15      1      52     4.5271E+02  7.210E+13  1.709E+01  3.766E+00
      72      1     21      1     20      1      52     1.2002E+00  9.870E+04  2.399E-01  2.249E+00
      75      1     22      1     16      1      52     4.5135E+02  9.139E+13  3.156E+01  2.330E+00
      77      1     22      1     21      1      52     1.0028E+00  2.851E+04  1.170E-01  1.528E+00
      79      1     23      1     13      1      52     7.2854E+02  2.236E+14  1.000E-30  2.950E+01
      81      1     23      1     18      1      52     2.6868E+02  6.550E+13  1.000E-30  1.827E+01
      83      1     24      1     12      1      52     7.5883E+02  5.071E+13  1.818E+00  1.188E+01
      85      1     24      1     14      1      52     7.2151E+02  6.941E+13  1.000E-30  6.948E+00
      86      1     24      1     17      1      52     2.8935E+02  5.178E+12  7.014E+00  1.225E+01
      88      1     24      1     19      1      52     2.6784E+02  2.450E+13  1.000E-30  8.479E+00
      90      1     24      1     23      1      52     7.9016E+00  1.021E+08  6.817E+00  8.820E+00
      92      1     25      1     13      1      52     7.4204E+02  1.837E+14  5.323E-01  2.674E+01
      94      1     25      1     15      1      52     7.2254E+02  2.243E+13  1.000E-30  3.509E+00
      96      1     25      1     18      1      52     2.8218E+02  1.323E+13  3.603E+00  1.557E+01
      98      1     25      1     20      1      52     2.7102E+02  1.098E+13  1.000E-30  3.325E+00
     101      1     25      1     24      1      52     5.5989E+00  5.380E+07  1.601E+00  1.028E+01
     103      1     26      1     14      1      52     7.2843E+02  1.634E+14  1.477E+00  8.907E+00
     105      1     26      1     16      1      52     7.2149E+02  5.272E+12  1.000E-30  2.772E+00
     107      1     26      1     19      1      52     2.7476E+02  2.184E+13  9.521E+00  5.664E+00
     109      1     26      1     21      1      52     2.7114E+02  4.678E+12  1.000E-30  2.347E+00
     112      1     26      1     25      1      52     1.3194E+00  3.380E+05  5.022E-01  4.381E+00
     114      1     27      1     15      1      52     7.2446E+02  1.746E+14  2.355E+00  4.919E+00
     117      1     27      1     20      1      52     2.7295E+02  2.533E+13  1.531E+01  3.486E+00
     119      1     27      1     22      1      52     2.7075E+02  1.382E+12  1.000E-30  1.883E+00
     121      1     27      1     26      1      52     6.0740E-01  1.779E+04  2.013E-01  3.158E+00
     123      1     28      1     16      1      52     7.2273E+02  2.072E+14  2.466E+00  3.271E+00
     125      1     28      1     21      1      52     2.7238E+02  3.027E+13  2.235E+01  2.505E+00
     128      1     28      1     27      1      52     6.3240E-01  1.342E+04  1.134E-01  2.516E+00
     129      1     29      1     13      1      52     9.1039E+02  1.778E+14  1.000E-30  3.055E+01
     131      1     29      1     18      1      52     4.5053E+02  6.809E+13  1.000E-30  1.932E+01
     134      1     29      1     24      1      52     1.7396E+02  2.168E+13  1.000E-30  1.415E+01
     136      1     30      1     12      1      52     9.3797E+02  6.355E+13  9.516E-01  9.734E+00
     137      1     30      1     14      1      52     9.0065E+02  5.276E+13  1.000E-30  7.427E+00
     138      1     30      1     17      1      52     4.6848E+02  1.363E+13  2.240E+00  1.010E+01
     140      1     30      1     19      1      52     4.4698E+02  2.412E+13  1.000E-30  6.862E+00
     142      1     30      1     23      1      52     1.8704E+02  2.402E+12  8.342E+00  1.077E+01
     144      1     30      1     25      1      52     1.7354E+02  8.766E+12  1.000E-30  8.328E+00
     146      1     30      1     29      1      52     5.1810E+00  4.043E+07  7.037E+00  8.986E+00
     147      1     31      1     13      1      52     9.1941E+02  1.999E+14  2.014E-01  2.867E+01
     148      1     31      1     15      1      52     8.9991E+02  1.592E+13  1.000E-30  5.317E+00
     150      1     31      1     18      1      52     4.5956E+02  3.836E+13  7.979E-01  1.750E+01
     152      1     31      1     20      1      52     4.4840E+02  9.785E+12  1.000E-30  4.126E+00
     155      1     31      1     24      1      52     1.8298E+02  4.372E+12  4.456E+00  1.228E+01
     157      1     31      1     26      1      52     1.7606E+02  4.483E+12  1.000E-30  4.714E+00
     160      1     31      1     30      1      52     3.8407E+00  2.529E+07  1.849E+00  1.006E+01
     161      1     32      1     14      1      52     9.0519E+02  2.293E+14  4.560E-01  1.042E+01
     162      1     32      1     16      1      52     8.9825E+02  3.402E+12  1.000E-30  4.285E+00
     164      1     32      1     19      1      52     4.5152E+02  5.198E+13  1.629E+00  7.183E+00
     166      1     32      1     21      1      52     4.4790E+02  3.646E+12  1.000E-30  3.556E+00
     169      1     32      1     25      1      52     1.7808E+02  6.620E+12  7.560E+00  6.022E+00
     171      1     32      1     27      1      52     1.7615E+02  2.302E+12  1.000E-30  3.869E+00
     174      1     32      1     31      1      52     7.0280E-01  6.373E+04  3.749E-01  5.981E+00
     175      1     33      1     15      1      52     9.0089E+02  2.746E+14  5.602E-01  6.229E+00
     177      1     33      1     20      1      52     4.4938E+02  6.219E+13  2.038E+00  4.782E+00
     179      1     33      1     22      1      52     4.4717E+02  8.939E+11  1.000E-30  3.091E+00
     181      1     33      1     26      1      52     1.7704E+02  8.571E+12  9.088E+00  4.505E+00
     183      1     33      1     28      1      52     1.7580E+02  1.025E+12  1.000E-30  3.346E+00
     185      1     33      1     32      1      52     2.7490E-01  2.194E+03  1.459E-01  4.984E+00
     186      1     34      1     16      1      52     8.9895E+02  2.208E+14  4.086E-01  4.412E+00
     188      1     34      1     21      1      52     4.4860E+02  6.983E+13  2.100E+00  3.646E+00
     191      1     34      1     27      1      52     1.7685E+02  1.086E+13  1.068E+01  3.679E+00
     194      1     34      1     33      1      52     4.2420E-01  5.900E+03  8.732E-02  4.330E+00
     195      1     35      1     13      1      52     1.0346E+03  1.372E+14  1.000E-30  3.216E+01
     196      1     35      1     18      1      52     5.7478E+02  5.782E+13  1.000E-30  2.092E+01
     198      1     35      1     24      1      52     2.9820E+02  2.429E+13  1.000E-30  1.570E+01
     201      1     35      1     30      1      52     1.1906E+02  8.292E+12  1.000E-30  1.350E+01
     203      1     36      1     12      1      52     1.0606E+03  7.629E+13  4.846E-01  9.395E+00
     204      1     36      1     14      1      52     1.0233E+03  3.960E+13  1.000E-30  9.767E+00
     205      1     36      1     17      1      52     5.9109E+02  2.145E+13  9.237E-01  9.759E+00
     206      1     36      1     19      1      52     5.6958E+02  1.970E+13  1.000E-30  7.554E+00
     207      1     36      1     23      1      52     3.0964E+02  5.473E+12  2.099E+00  1.042E+01
     209      1     36      1     25      1      52     2.9614E+02  9.377E+12  1.000E-30  8.213E+00
     211      1     36      1     29      1      52     1.2779E+02  8.666E+11  7.584E+00  1.147E+01
     213      1     36      1     31      1      52     1.1877E+02  3.524E+12  1.000E-30  9.793E+00
     215      1     36      1     35      1      52     3.5433E+00  1.570E+07  5.703E+00  1.099E+01
     216      1     37      1     13      1      52     1.0410E+03  1.816E+14  7.937E-02  3.079E+01
     217      1     37      1     15      1      52     1.0215E+03  1.144E+13  1.000E-30  7.436E+00
     218      1     37      1     18      1      52     5.8110E+02  5.136E+13  2.416E-01  1.962E+01
     219      1     37      1     20      1      52     5.6995E+02  7.538E+12  1.000E-30  6.053E+00
     221      1     37      1     24      1      52     3.0452E+02  1.400E+13  7.894E-01  1.439E+01
     223      1     37      1     26      1      52     2.9760E+02  4.375E+12  1.000E-30  6.014E+00
     226      1     37      1     30      1      52     1.2539E+02  2.040E+12  3.786E+00  1.220E+01
     228      1     37      1     32      1      52     1.2084E+02  1.966E+12  1.000E-30  7.115E+00
     231      1     37      1     36      1      52     2.7803E+00  1.170E+07  1.690E+00  1.178E+01
     232      1     38      1     14      1      52     1.0264E+03  2.378E+14  1.167E-01  1.224E+01
     233      1     38      1     16      1      52     1.0194E+03  2.289E+12  1.000E-30  6.128E+00
     234      1     38      1     19      1      52     5.7269E+02  7.575E+13  3.166E-01  9.026E+00
     235      1     38      1     21      1      52     5.6908E+02  2.587E+12  1.000E-30  5.368E+00
     237      1     38      1     25      1      52     2.9925E+02  1.953E+13  8.925E-01  7.859E+00
     239      1     38      1     27      1      52     2.9733E+02  2.023E+12  1.000E-30  5.445E+00
     242      1     38      1     31      1      52     1.2188E+02  2.900E+12  3.890E+00  7.895E+00
     244      1     38      1     33      1      52     1.2090E+02  1.128E+12  1.000E-30  6.328E+00
     247      1     38      1     37      1      52     3.3030E-01  8.215E+03  2.754E-01  8.796E+00
     248      1     39      1     15      1      52     1.0219E+03  2.713E+14  7.549E-02  7.901E+00
     249      1     39      1     20      1      52     5.7035E+02  9.917E+13  2.184E-01  6.455E+00
     250      1     39      1     22      1      52     5.6815E+02  5.678E+11  1.000E-30  4.757E+00
     252      1     39      1     26      1      52     2.9801E+02  2.843E+13  6.580E-01  6.171E+00
     254      1     39      1     28      1      52     2.9677E+02  7.819E+11  1.000E-30  4.930E+00
     256      1     39      1     32      1      52     1.2125E+02  4.176E+12  3.438E+00  6.687E+00
     258      1     39      1     34      1      52     1.2055E+02  6.026E+11  1.000E-30  5.710E+00
     260      1     39      1     38      1      52     7.3900E-02  5.285E+01  1.045E-01  7.823E+00
     261      1     40      1     16      1      52     1.0198E+03  1.872E+14  1.263E-02  5.962E+00
     262      1     40      1     21      1      52     5.6945E+02  1.121E+14  6.748E-02  5.189E+00
     264      1     40      1     27      1      52     2.9770E+02  4.060E+13  3.520E-01  5.223E+00
     267      1     40      1     33      1      52     1.2127E+02  6.028E+12  2.922E+00  5.890E+00
     270      1     40      1     39      1      52     2.9800E-01  2.658E+03  6.539E-02  7.163E+00
     271      1     41      1     13      1      52     1.1233E+03  1.059E+14  1.000E-30  3.440E+01
     272      1     41      1     18      1      52     6.6340E+02  4.691E+13  1.000E-30  2.317E+01
     273      1     41      1     24      1      52     3.8682E+02  2.162E+13  1.000E-30  1.794E+01
     275      1     41      1     30      1      52     2.0768E+02  9.718E+12  1.000E-30  1.574E+01
     278      1     41      1     36      1      52     8.5076E+01  3.498E+12  1.000E-30  1.535E+01
     280      1     42      1     12      1      52     1.1482E+03  7.324E+13  1.818E-01  1.038E+01
     281      1     42      1     14      1      52     1.1108E+03  3.001E+13  1.000E-30  1.279E+01
     282      1     42      1     17      1      52     6.7867E+02  2.453E+13  3.129E-01  1.075E+01
     283      1     42      1     19      1      52     6.5716E+02  1.557E+13  1.000E-30  9.927E+00
     284      1     42      1     23      1      52     3.9722E+02  8.258E+12  5.829E-01  1.142E+01
     285      1     42      1     25      1      52     3.8372E+02  8.111E+12  1.000E-30  9.664E+00
     286      1     42      1     29      1      52     2.1536E+02  2.398E+12  1.323E+00  1.247E+01
     288      1     42      1     31      1      52     2.0634E+02  3.996E+12  1.000E-30  1.091E+01
     290      1     42      1     35      1      52     9.1119E+01  4.062E+11  5.093E+00  1.404E+01
     292      1     42      1     37      1      52     8.4795E+01  1.551E+12  1.000E-30  1.282E+01
     294      1     42      1     41      1      52     2.4992E+00  6.887E+06  4.206E+00  1.477E+01
     295      1     43      1     13      1      52     1.1279E+03  1.586E+14  1.000E-30  3.340E+01
     296      1     43      1     15      1      52     1.1084E+03  8.405E+12  1.000E-30  1.002E+01
     297      1     43      1     18      1      52     6.6800E+02  5.690E+13  1.000E-30  2.217E+01
     298      1     43      1     20      1      52     6.5684E+02  5.719E+12  1.000E-30  8.594E+00
     299      1     43      1     24      1      52     3.9142E+02  2.185E+13  1.000E-30  1.694E+01
     300      1     43      1     26      1      52     3.8450E+02  3.591E+12  1.000E-30  8.374E+00
     302      1     43      1     30      1      52     2.1228E+02  7.649E+12  7.174E-02  1.474E+01
     304      1     43      1     32      1      52     2.0774E+02  2.055E+12  1.000E-30  9.106E+00
     307      1     43      1     36      1      52     8.9678E+01  1.212E+12  1.309E+00  1.435E+01
     309      1     43      1     38      1      52     8.6568E+01  9.218E+11  1.000E-30  1.073E+01
     312      1     43      1     42      1      52     2.1031E+00  6.397E+06  1.357E+00  1.530E+01
     313      1     44      1     15      1      52     1.1084E+03  2.141E+14  1.000E-30  1.014E+01
     314      1     44      1     20      1      52     6.5688E+02  9.326E+13  1.000E-30  8.689E+00
     315      1     44      1     22      1      52     6.5468E+02  3.802E+11  1.000E-30  6.991E+00
     316      1     44      1     26      1      52     3.8454E+02  3.923E+13  1.000E-30  8.411E+00
     317      1     44      1     28      1      52     3.8330E+02  5.512E+11  1.000E-30  7.158E+00
     319      1     44      1     32      1      52     2.0778E+02  1.529E+13  1.000E-30  8.922E+00
     321      1     44      1     34      1      52     2.0708E+02  5.193E+11  1.000E-30  7.868E+00
     323      1     44      1     38      1      52     8.6605E+01  4.481E+12  1.000E-30  1.015E+01
     325      1     44      1     40      1      52     8.6233E+01  3.382E+11  1.000E-30  9.210E+00
     327      1     45      1     14      1      52     1.1130E+03  2.125E+14  1.000E-30  1.462E+01
     328      1     45      1     16      1      52     1.1061E+03  1.603E+12  1.000E-30  8.505E+00
     329      1     45      1     19      1      52     6.5935E+02  7.981E+13  1.000E-30  1.140E+01
     330      1     45      1     21      1      52     6.5574E+02  1.871E+12  1.000E-30  7.739E+00
     331      1     45      1     25      1      52     3.8591E+02  3.116E+13  1.000E-30  1.023E+01
     332      1     45      1     27      1      52     3.8399E+02  1.552E+12  1.000E-30  7.782E+00
     334      1     45      1     31      1      52     2.0854E+02  1.166E+13  1.000E-30  1.026E+01
     336      1     45      1     33      1      52     2.0756E+02  1.088E+12  1.000E-30  8.488E+00
     339      1     45      1     37      1      52     8.6990E+01  3.349E+12  1.000E-30  1.122E+01
     341      1     45      1     39      1      52     8.6586E+01  5.709E+11  1.000E-30  9.939E+00
     344      1     45      1     43      1      52     9.2200E-02  2.145E+02  1.986E-01  1.280E+01
     345      1     45      1     44      1      52     5.4600E-02  3.516E+01  1.000E-30  1.198E+01
     346      1     46      1     16      1      52     1.1062E+03  1.275E+14  1.000E-30  8.081E+00
     347      1     46      1     21      1      52     6.5590E+02  8.605E+13  1.000E-30  7.309E+00
     348      1     46      1     27      1      52     3.8415E+02  4.391E+13  1.000E-30  7.345E+00
     350      1     46      1     33      1      52     2.0772E+02  1.889E+13  1.000E-30  8.006E+00
     353      1     46      1     39      1      52     8.6749E+01  5.922E+12  1.000E-30  9.292E+00
     355      1     46      1     44      1      52     2.1720E-01  1.256E+03  4.923E-02  1.127E+01
     357      1     48      1     47      1      52     3.1750E+02  3.027E+12  2.165E-01  1.840E+02
     358      1     49      1     48      1      52     3.6284E+02  2.086E+13  1.191E-02  2.763E+02
     359      1     51      1     50      1      52     7.7750E-01  4.870E+04  1.013E-01  1.384E+02
     360      1     52      1     51      1      52     6.6689E+02  3.294E+14  1.000E-30  4.205E+02
     361      1     54      1     53      1      52     3.0082E+01  1.972E+10  1.000E-30  1.846E+02
     362      1     55      1     53      1      52     1.0120E+02  2.947E+11  2.876E-01  8.084E+01
     363      1     56      1     54      1      52     1.0442E+02  3.218E+11  3.194E-01  7.436E+01
     364      1     56      1     55      1      52     3.3297E+01  2.656E+10  1.000E-30  1.923E+02
     365      1     57      1     55      1      52     9.2670E+01  2.118E+11  5.085E-02  1.109E+02
     367      1     58      1     56      1      52     9.3608E+01  2.187E+11  5.329E-02  1.064E+02
     368      1     58      1     57      1      52     3.4235E+01  2.883E+10  1.000E-30  1.948E+02
     369      1     61      1     60      1      53     7.7081E+01  1.578E+10  1.555E-05  2.616E-02
     370      1     62      1     60      1      53     8.3045E+01  2.374E+10  1.000E-30  2.696E-02
     373      1     63      1     61      1      53     8.0094E+00  4.115E+04  1.000E-30  1.689E-02
     375      1     64      1     60      1      53     4.6515E+02  1.268E+12  7.257E+01  7.845E-02
     378      1     65      1     60      1      53     5.0090E+02  1.115E+13  1.391E-05  8.322E-02
     380      1     65      1     63      1      53     4.1581E+02  4.221E+11  1.538E+02  7.182E-02
     381      1     67      1     66      1      53     9.2071E+01  1.860E+11  3.611E-01  5.739E+01
     383      1     68      1     67      1      53     2.1266E+02  3.257E+12  6.879E-02  4.004E+01
     385      1     69      1     67      1      53     2.3259E+02  2.756E+12  1.000E-30  2.170E+01
     386      1     71      1     70      1      53     1.8245E+01  6.855E+08  1.349E+00  1.312E+01
     388      1     72      1     71      1      53     7.1086E+01  1.967E+11  5.167E-01  3.443E+01
     390      1     73      1     72      1      53     1.1156E+02  5.487E+11  1.031E+00  1.029E+01
     392      1     74      1     71      1      53     8.8734E+02  1.305E+15  1.000E-30  4.864E+01
     393      1     75      1     70      1      53     9.0769E+02  2.408E+14  2.448E+00  3.019E+01
     395      1     75      1     72      1      53     8.1835E+02  2.727E+14  1.000E-30  1.727E+01
     396      1     75      1     74      1      53     2.1014E+00  6.719E+05  4.440E+00  5.484E+00
     398      1     76      1     71      1      53     9.4411E+02  9.161E+14  1.434E+00  4.105E+01
     400      1     76      1     73      1      53     7.6146E+02  4.819E+13  1.000E-30  3.632E+00
     402      1     76      1     75      1      53     5.4666E+01  1.043E+11  1.554E+00  2.341E+01
     404      1     77      1     72      1      53     9.7713E+02  8.763E+14  4.899E+00  1.433E+01
     407      1     77      1     76      1      53     1.0411E+02  4.687E+11  6.049E+00  5.815E+00
     409      1     78      1     73      1      53     1.0763E+03  1.009E+15  1.375E+01  6.767E+00
     411      1     78      1     77      1      53     2.1071E+02  3.351E+12  8.373E+00  2.623E+00
     412      1     79      1     70      1      53     1.3871E+03  3.938E+14  1.054E+00  1.893E+01
     414      1     79      1     72      1      53     1.2978E+03  2.256E+14  1.000E-30  1.031E+01
     415      1     79      1     74      1      53     4.8154E+02  2.587E+13  4.370E+00  1.821E+01
     417      1     79      1     76      1      53     4.2478E+02  6.134E+13  1.000E-30  1.137E+01
     420      1     80      1     71      1      53     1.3753E+03  1.065E+15  1.000E-30  4.905E+01
     422      1     80      1     75      1      53     4.8588E+02  3.023E+14  1.000E-30  3.084E+01
     424      1     80      1     79      1      53     6.4349E+00  3.900E+08  1.000E-30  1.805E+01
     426      1     81      1     71      1      53     1.4208E+03  1.501E+15  3.272E-01  4.465E+01
     428      1     81      1     73      1      53     1.2382E+03  3.876E+13  1.000E-30  5.226E+00
     430      1     81      1     75      1      53     5.3137E+02  1.253E+14  2.319E+00  2.637E+01
     432      1     81      1     77      1      53     3.7259E+02  1.303E+13  1.000E-30  2.941E+00
     434      1     81      1     79      1      53     5.1923E+01  8.241E+10  5.210E+00  1.454E+01
     438      1     82      1     76      1      53     5.7966E+02  1.320E+14  9.028E+00  7.872E+00
     440      1     82      1     78      1      53     2.6484E+02  9.350E+11  1.000E-30  1.631E+00
     442      1     82      1     81      1      53     1.0296E+02  8.923E+11  1.886E+01  4.391E+00
     443      1     83      1     74      1      53     7.7070E+02  5.611E+13  1.689E+00  1.290E+01
     445      1     83      1     76      1      53     7.1393E+02  6.311E+13  1.000E-30  7.302E+00
     447      1     83      1     80      1      53     2.8272E+02  4.792E+12  6.546E+00  1.293E+01
     448      1     83      1     81      1      53     2.3723E+02  1.429E+13  1.000E-30  8.897E+00
     451      1     84      1     75      1      53     7.7945E+02  2.738E+14  1.000E-30  3.149E+01
     452      1     84      1     79      1      53     3.0001E+02  9.396E+13  1.000E-30  1.934E+01
     455      1     84      1     83      1      53     1.0851E+01  2.739E+09  1.000E-30  1.415E+01
     457      1     85      1     75      1      53     8.2063E+02  2.662E+14  5.373E-01  2.861E+01
     459      1     85      1     77      1      53     6.6185E+02  1.527E+13  1.000E-30  3.573E+00
     460      1     85      1     79      1      53     3.4119E+02  2.545E+13  3.997E+00  1.652E+01
     463      1     85      1     82      1      53     1.8630E+02  2.370E+12  1.000E-30  3.330E+00
     464      1     85      1     83      1      53     5.2031E+01  1.255E+11  1.301E+01  1.101E+01
     467      1     86      1     77      1      53     6.7729E+02  2.823E+14  2.309E+01  4.007E+00
     470      1     86      1     82      1      53     2.0174E+02  8.661E+12  2.525E+01  2.431E+00
     473      1     87      1     78      1      53     5.1236E+02  1.380E+14  3.277E+01  2.467E+00
     475      1     87      1     86      1      53     4.5782E+01  3.811E+10  5.024E+00  1.602E+00
     477      1     88      1     76      1      53     8.6948E+02  3.024E+14  1.614E+00  9.444E+00
     479      1     88      1     78      1      53     5.5466E+02  1.785E+12  1.000E-30  2.806E+00
     481      1     88      1     81      1      53     3.9278E+02  6.001E+13  1.263E+01  5.900E+00
     484      1     88      1     85      1      53     1.0351E+02  1.898E+12  3.390E+01  4.590E+00
     485      1     88      1     86      1      53     8.8076E+01  7.425E+10  1.000E-30  2.291E+00
     487      1     89      1     74      1      53     9.5869E+02  7.049E+13  8.783E-01  1.072E+01
     488      1     89      1     76      1      53     9.0192E+02  5.048E+13  1.000E-30  7.703E+00
     490      1     89      1     80      1      53     4.7071E+02  1.353E+13  2.153E+00  1.061E+01
     491      1     89      1     81      1      53     4.2522E+02  1.880E+13  1.000E-30  7.016E+00
     494      1     89      1     84      1      53     1.7714E+02  1.633E+12  7.761E+00  1.113E+01
     495      1     89      1     85      1      53     1.3596E+02  3.144E+12  1.000E-30  8.500E+00
     497      1     90      1     75      1      53     9.7022E+02  2.148E+14  1.000E-30  3.257E+01
     498      1     90      1     79      1      53     4.9078E+02  8.953E+13  1.000E-30  2.042E+01
     501      1     90      1     83      1      53     2.0163E+02  3.628E+13  1.000E-30  1.472E+01
     504      1     90      1     89      1      53     1.3639E+01  4.680E+09  1.000E-30  8.891E+00
     505      1     91      1     75      1      53     1.0099E+03  2.809E+14  2.035E-01  3.056E+01
     506      1     91      1     77      1      53     8.5110E+02  1.229E+13  1.000E-30  5.397E+00
     507      1     91      1     79      1      53     5.3043E+02  6.369E+13  8.549E-01  1.848E+01
     510      1     91      1     82      1      53     3.7555E+02  4.642E+12  1.000E-30  4.058E+00
     511      1     91      1     83      1      53     2.4127E+02  1.106E+13  5.560E+00  1.278E+01
     515      1     91      1     88      1      53     8.5729E+01  2.430E+11  1.000E-30  4.630E+00
     516      1     91      1     89      1      53     5.3287E+01  2.806E+11  2.376E+01  1.036E+01
     518      1     92      1     74      1      53     1.0879E+03  8.483E+13  4.539E-01  1.051E+01
     519      1     92      1     76      1      53     1.0312E+03  3.881E+13  1.000E-30  1.004E+01
     520      1     92      1     80      1      53     5.9995E+02  2.262E+13  9.137E-01  1.017E+01
     521      1     92      1     81      1      53     5.5446E+02  1.684E+13  1.000E-30  7.593E+00
     523      1     92      1     84      1      53     3.0638E+02  5.234E+12  2.065E+00  1.062E+01
     524      1     92      1     85      1      53     2.6520E+02  5.727E+12  1.000E-30  8.205E+00
     527      1     92      1     90      1      53     1.1560E+02  6.070E+11  6.992E+00  1.157E+01
     528      1     92      1     91      1      53     7.5952E+01  5.605E+11  1.000E-30  9.767E+00
     529      1     93      1     75      1      53     1.1014E+03  1.651E+14  1.000E-30  3.412E+01
     530      1     93      1     79      1      53     6.2192E+02  7.447E+13  1.000E-30  2.197E+01
     531      1     93      1     83      1      53     3.3276E+02  3.517E+13  1.000E-30  1.627E+01
     534      1     93      1     89      1      53     1.4478E+02  1.669E+13  1.000E-30  1.378E+01
     537      1     93      1     92      1      53     1.5538E+01  1.958E+10  1.000E-30  1.334E+01
     538      1     94      1     76      1      53     1.0597E+03  4.021E+14  4.988E-01  1.099E+01
     539      1     94      1     78      1      53     7.4491E+02  1.555E+12  1.000E-30  4.317E+00
     541      1     94      1     81      1      53     5.8303E+02  1.276E+14  2.006E+00  7.417E+00
     544      1     94      1     85      1      53     2.9377E+02  3.776E+13  1.228E+01  6.081E+00
     545      1     94      1     86      1      53     2.7833E+02  5.249E+11  1.000E-30  3.475E+00
     549      1     94      1     91      1      53     1.0453E+02  3.199E+12  4.181E+01  6.009E+00
     552      1     95      1     77      1      53     9.6122E+02  4.581E+14  2.879E+00  5.185E+00
     555      1     95      1     82      1      53     4.8567E+02  1.904E+14  2.602E+01  3.577E+00
     558      1     95      1     87      1      53     2.3815E+02  7.983E+11  1.000E-30  1.849E+00
     559      1     95      1     88      1      53     1.9586E+02  1.436E+13  3.562E+01  3.226E+00
     561      1     95      1     94      1      53     5.5996E+00  1.599E+07  1.940E-01  3.754E+00
     562      1     96      1     75      1      53     1.1409E+03  2.515E+14  8.323E-02  3.268E+01
     563      1     96      1     77      1      53     9.8211E+02  9.433E+12  1.000E-30  7.503E+00
     564      1     96      1     79      1      53     6.6145E+02  8.133E+13  2.683E-01  2.053E+01
     565      1     96      1     82      1      53     5.0657E+02  4.548E+12  1.000E-30  5.953E+00
     566      1     96      1     83      1      53     3.7229E+02  2.833E+13  9.512E-01  1.483E+01
     569      1     96      1     88      1      53     2.1675E+02  1.187E+12  1.000E-30  5.844E+00
     570      1     96      1     89      1      53     1.8430E+02  7.821E+12  5.565E+00  1.237E+01
     573      1     96      1     92      1      53     5.5065E+01  4.536E+11  3.238E+01  1.180E+01
     575      1     96      1     94      1      53     2.6491E+01  4.262E+09  1.000E-30  6.921E+00
     578      1     97      1     78      1      53     7.9354E+02  2.861E+14  2.531E+00  3.412E+00
     580      1     97      1     86      1      53     3.2696E+02  5.599E+13  2.623E+01  2.525E+00
     584      1     97      1     95      1      53     4.3029E+01  7.236E+10  7.758E+00  2.514E+00
     585      1     98      1     74      1      53     1.1808E+03  8.063E+13  1.854E-01  1.171E+01
     586      1     98      1     76      1      53     1.1240E+03  2.987E+13  1.000E-30  1.304E+01
     587      1     98      1     80      1      53     6.9278E+02  2.594E+13  3.350E-01  1.114E+01
     588      1     98      1     81      1      53     6.4729E+02  1.396E+13  1.000E-30  9.891E+00
     589      1     98      1     84      1      53     3.9921E+02  8.159E+12  6.253E-01  1.150E+01
     590      1     98      1     85      1      53     3.5803E+02  5.845E+12  1.000E-30  9.516E+00
     592      1     98      1     90      1      53     2.0843E+02  2.051E+12  1.377E+00  1.243E+01
     593      1     98      1     91      1      53     1.6878E+02  1.702E+12  1.000E-30  1.073E+01
     595      1     98      1     93      1      53     7.7294E+01  2.218E+11  4.595E+00  1.390E+01
     597      1     98      1     96      1      53     3.7767E+01  5.781E+10  1.000E-30  1.259E+01
     598      1     99      1     75      1      53     1.1956E+03  1.277E+14  1.000E-30  3.629E+01
     599      1     99      1     79      1      53     7.1611E+02  5.976E+13  1.000E-30  2.414E+01
     600      1     99      1     83      1      53     4.2696E+02  3.007E+13  1.000E-30  1.843E+01
     601      1     99      1     89      1      53     2.3897E+02  1.592E+13  1.000E-30  1.594E+01
     604      1     99      1     92      1      53     1.0973E+02  8.925E+12  1.000E-30  1.531E+01
     607      1     99      1     98      1      53     1.6897E+01  5.185E+10  1.000E-30  1.628E+01
     608      1    100      1     75      1      53     1.2357E+03  2.192E+14  4.261E-03  3.522E+01
     609      1    100      1     77      1      53     1.0769E+03  7.233E+12  1.000E-30  1.003E+01
     610      1    100      1     79      1      53     7.5626E+02  8.855E+13  1.357E-02  2.307E+01
     611      1    100      1     82      1      53     6.0138E+02  3.895E+12  1.000E-30  8.438E+00
     612      1    100      1     83      1      53     4.6710E+02  4.093E+13  5.055E-02  1.737E+01
     613      1    100      1     88      1      53     3.1156E+02  1.491E+12  1.000E-30  8.133E+00
     614      1    100      1     89      1      53     2.7912E+02  1.914E+13  2.609E-01  1.485E+01
     617      1    100      1     92      1      53     1.4988E+02  6.842E+12  2.734E+00  1.426E+01
     619      1    100      1     94      1      53     1.2130E+02  2.302E+11  1.000E-30  8.806E+00
     621      1    100      1     98      1      53     5.7044E+01  7.670E+11  3.631E+01  1.506E+01
     623      1    101      1     76      1      53     1.1918E+03  4.040E+14  1.423E-01  1.275E+01
     624      1    101      1     78      1      53     8.7698E+02  1.213E+12  1.000E-30  6.128E+00
     625      1    101      1     81      1      53     7.1510E+02  1.657E+14  4.209E-01  9.221E+00
     627      1    101      1     85      1      53     4.2583E+02  6.591E+13  1.351E+00  7.879E+00
     628      1    101      1     86      1      53     4.1039E+02  6.768E+11  1.000E-30  5.247E+00
     631      1    101      1     91      1      53     2.3659E+02  2.853E+13  8.020E+00  7.788E+00
     634      1    101      1     95      1      53     1.2646E+02  8.029E+10  1.000E-30  5.270E+00
     635      1    101      1     96      1      53     1.0557E+02  5.369E+12  4.432E+01  8.648E+00
     638      1    101      1    100      1      53     1.0760E+01  1.502E+08  1.856E-01  1.038E+01
     639      1    102      1     77      1      53     1.1469E+03  6.536E+14  6.857E-01  6.476E+00
     641      1    102      1     82      1      53     6.7131E+02  2.531E+14  2.996E+00  4.862E+00
     644      1    102      1     87      1      53     4.2378E+02  6.958E+11  1.000E-30  3.031E+00
     645      1    102      1     88      1      53     3.8149E+02  1.223E+14  1.875E+01  4.492E+00
     647      1    102      1     94      1      53     1.9123E+02  2.350E+13  3.810E+01  4.936E+00
     650      1    102      1     97      1      53     1.4260E+02  4.262E+11  1.000E-30  3.245E+00
     652      1    102      1    101      1      53     5.9168E+01  2.342E+10  1.666E-01  6.124E+00
     653      1    103      1     76      1      53     1.2875E+03  3.667E+14  1.000E-30  1.511E+01
     654      1    103      1     78      1      53     9.7272E+02  9.305E+11  1.000E-30  8.435E+00
     655      1    103      1     81      1      53     8.1083E+02  1.757E+14  1.000E-30  1.153E+01
     656      1    103      1     85      1      53     5.2157E+02  1.003E+14  1.000E-30  1.018E+01
     657      1    103      1     86      1      53     5.0613E+02  6.398E+11  1.000E-30  7.547E+00
     659      1    103      1     91      1      53     3.3233E+02  7.245E+13  1.000E-30  1.009E+01
     662      1    103      1     95      1      53     2.2220E+02  1.744E+11  1.000E-30  7.535E+00
     663      1    103      1     96      1      53     2.0131E+02  6.534E+13  4.747E-01  1.093E+01
     665      1    103      1    100      1      53     1.0650E+02  8.688E+12  4.448E+01  1.264E+01
     667      1    103      1    102      1      53     3.6571E+01  2.521E+09  1.000E-30  8.181E+00
     668      1    104      1     78      1      53     9.7661E+02  2.911E+14  4.367E-01  4.538E+00
     670      1    104      1     86      1      53     5.1003E+02  1.061E+14  2.409E+00  3.644E+00
     674      1    104      1     95      1      53     2.2610E+02  2.482E+13  1.377E+01  3.624E+00
     677      1    104      1    102      1      53     4.0464E+01  1.166E+11  8.286E+00  4.234E+00
     679      1    105      1     77      1      53     1.2750E+03  6.111E+14  1.178E-01  8.111E+00
     680      1    105      1     82      1      53     7.9944E+02  3.317E+14  3.806E-01  6.497E+00
     682      1    105      1     87      1      53     5.5191E+02  4.889E+11  1.000E-30  4.660E+00
     683      1    105      1     88      1      53     5.0962E+02  1.809E+14  1.358E+00  6.121E+00
     685      1    105      1     94      1      53     3.1936E+02  1.145E+14  9.063E+00  6.555E+00
     688      1    105      1     97      1      53     2.7073E+02  5.233E+11  1.000E-30  4.784E+00
     690      1    105      1    101      1      53     1.8730E+02  3.677E+13  3.737E+01  7.705E+00
     692      1    105      1    103      1      53     9.1560E+01  4.106E+10  6.521E-02  9.601E+00
     693      1    105      1    104      1      53     8.7667E+01  1.622E+11  1.000E-30  5.520E+00
     694      1    106      1     78      1      53     1.1024E+03  2.407E+14  3.405E-02  6.042E+00
     695      1    106      1     86      1      53     6.3583E+02  1.558E+14  1.549E-01  5.148E+00
     698      1    106      1     95      1      53     3.5190E+02  6.485E+13  6.459E-01  5.128E+00
     701      1    106      1    102      1      53     1.6626E+02  1.659E+13  4.719E+00  5.728E+00
     704      1    106      1    105      1      53     3.8133E+01  1.664E+11  8.327E+00  6.951E+00
     705      1    107      1     77      1      53     1.3672E+03  4.747E+14  1.000E-30  1.028E+01
     706      1    107      1     82      1      53     8.9170E+02  3.048E+14  1.000E-30  8.665E+00
     707      1    107      1     87      1      53     6.4417E+02  3.455E+11  1.000E-30  6.827E+00
     708      1    107      1     88      1      53     6.0188E+02  2.271E+14  1.000E-30  8.289E+00
     710      1    107      1     94      1      53     4.1162E+02  2.248E+14  1.000E-30  8.723E+00
     712      1    107      1     97      1      53     3.6299E+02  4.273E+11  1.000E-30  6.941E+00
     714      1    107      1    101      1      53     2.7956E+02  4.058E+14  1.000E-30  9.862E+00
     716      1    107      1    103      1      53     1.8382E+02  5.387E+13  3.665E+01  1.174E+01
     717      1    107      1    104      1      53     1.7993E+02  2.854E+11  1.000E-30  7.601E+00
     719      1    107      1    106      1      53     5.4126E+01  5.075E+10  1.000E-30  8.886E+00
     720      1    108      1     78      1      53     1.1926E+03  1.657E+14  1.000E-30  8.086E+00
     721      1    108      1     86      1      53     7.2599E+02  1.244E+14  1.000E-30  7.199E+00
     723      1    108      1     95      1      53     4.4206E+02  7.354E+13  1.000E-30  7.172E+00
     725      1    108      1    102      1      53     2.5642E+02  4.224E+13  1.000E-30  7.775E+00
     728      1    108      1    105      1      53     1.2829E+02  2.711E+13  1.000E-30  8.994E+00
     730      1    108      1    107      1      53     3.6034E+01  2.215E+11  8.163E+00  1.089E+01
     731      1    110      1    109      1      53     1.0325E+02  7.412E+11  1.000E-30  3.597E+02
     732      1    111      1    109      1      53     6.2828E+02  1.841E+14  1.393E-02  4.026E+02
     733      1    114      1    113      1      54     7.1415E+00  2.261E+06  1.000E-30  1.633E-02
     735      1    115      1    114      1      54     4.2027E+02  7.057E+11  1.040E+02  7.193E-02
     736      1    117      1    116      1      54     8.2284E+01  1.014E+10  1.334E+02  9.805E-02
     737      1    118      1    117      1      54     6.5579E+01  5.033E+10  3.751E-02  9.907E+01
     739      1    120      1    119      1      54     2.7707E+01  7.416E+08  4.588E+01  2.915E-01
     740      1    121      1    120      1      54     3.4184E+01  1.274E+10  2.327E-01  3.554E+01
     743      1    122      1    121      1      54     1.1729E+01  1.274E+08  1.047E-01  1.025E+01
     745      1    124      1    119      1      54     9.4819E+02  2.892E+14  2.428E+00  3.189E+01
     746      1    124      1    121      1      54     8.8629E+02  3.552E+14  1.000E-30  1.820E+01
     747      1    123      1    120      1      54     9.0352E+02  1.297E+15  1.000E-30  5.203E+01
     749      1    124      1    123      1      54     1.6956E+01  3.343E+08  2.816E+01  7.317E-01
     750      1    125      1    120      1      54     9.3511E+02  9.083E+14  1.304E+00  4.351E+01
     753      1    125      1    122      1      54     8.8920E+02  8.655E+13  1.000E-30  3.872E+00
     754      1    125      1    124      1      54     1.4632E+01  9.998E+08  4.211E-01  2.300E+01
     757      1    126      1    121      1      54     9.0719E+02  7.177E+14  4.073E+00  1.542E+01
     759      1    126      1    125      1      54     6.2624E+00  2.900E+07  3.538E-01  5.764E+00
     761      1    127      1    122      1      54     9.0472E+02  5.893E+14  1.044E+01  7.204E+00
     763      1    127      1    126      1      54     9.2648E+00  3.936E+07  2.131E-01  2.513E+00
     765      1    129      1    121      1      54     1.3816E+03  2.754E+14  1.000E-30  1.091E+01
     767      1    129      1    123      1      54     5.1224E+02  3.300E+13  4.426E+00  1.925E+01
     768      1    129      1    125      1      54     4.8065E+02  9.543E+13  1.000E-30  1.191E+01
     770      1    128      1    120      1      54     1.4063E+03  1.086E+15  1.000E-30  5.234E+01
     772      1    128      1    124      1      54     4.8585E+02  2.786E+14  1.000E-30  3.291E+01
     775      1    129      1    128      1      54     9.4325E+00  8.944E+07  1.609E+01  1.522E+00
     777      1    130      1    120      1      54     1.4246E+03  4.076E+14  2.052E+00  4.553E+00
     779      1    130      1    122      1      54     1.3787E+03  5.761E+13  1.000E-30  5.535E+00
     780      1    130      1    124      1      54     5.0408E+02  1.082E+14  2.022E+00  2.794E+01
     783      1    130      1    126      1      54     4.8319E+02  3.555E+13  1.000E-30  3.056E+00
     785      1    130      1    129      1      54     8.7978E+00  2.119E+08  8.779E-01  1.441E+01
     788      1    131      1    121      1      54     1.3942E+03  1.594E+15  7.383E-01  1.772E+01
     790      1    131      1    125      1      54     4.9329E+02  7.701E+13  6.988E+00  8.373E+00
     791      1    131      1    127      1      54     4.7777E+02  9.559E+12  1.000E-30  1.665E+00
     793      1    131      1    130      1      54     3.8408E+00  7.860E+06  6.872E-01  4.333E+00
     795      1    132      1    122      1      54     1.3904E+03  1.353E+15  1.135E+00  8.745E+00
     797      1    132      1    126      1      54     4.9497E+02  9.101E+13  1.554E+01  4.184E+00
     799      1    132      1    131      1      54     7.9348E+00  4.354E+07  3.992E-01  2.337E+00
     800      1    133      1    127      1      54     4.8686E+02  1.074E+14  2.903E+01  2.554E+00
     801      1    133      1    132      1      54     1.1594E+00  4.678E+04  1.274E-01  1.539E+00
     802      1    134      1    124      1      54     7.8763E+02  2.659E+14  1.000E-30  3.351E+01
     804      1    134      1    129      1      54     2.9235E+02  7.821E+13  1.000E-30  2.053E+01
     808      1    135      1    123      1      54     8.1021E+02  6.751E+13  1.715E+00  1.330E+01
     809      1    135      1    125      1      54     7.7862E+02  8.522E+13  1.000E-30  1.179E+01
     811      1    135      1    128      1      54     3.0740E+02  6.410E+12  6.854E+00  1.356E+01
     812      1    135      1    130      1      54     2.8917E+02  2.994E+13  1.000E-30  7.906E+00
     814      1    135      1    134      1      54     5.6221E+00  3.302E+07  7.234E+00  5.867E+00
     815      1    136      1    124      1      54     7.9909E+02  2.485E+14  4.342E-01  3.342E+01
     818      1    136      1    126      1      54     7.7820E+02  2.816E+13  1.000E-30  6.639E+00
     819      1    136      1    129      1      54     3.0380E+02  1.967E+13  2.795E+00  2.042E+01
     822      1    136      1    131      1      54     2.9116E+02  1.363E+13  1.000E-30  4.864E+00
     825      1    136      1    135      1      54     5.8334E+00  5.968E+07  1.445E+00  1.096E+01
     827      1    137      1    125      1      54     7.8707E+02  2.397E+14  1.150E+00  1.163E+01
     828      1    137      1    127      1      54     7.7154E+02  6.446E+12  1.000E-30  4.500E+00
     830      1    137      1    130      1      54     2.9761E+02  2.085E+13  7.160E+00  7.756E+00
     831      1    137      1    132      1      54     2.8584E+02  5.378E+12  1.000E-30  3.518E+00
     833      1    137      1    136      1      54     2.6080E+00  3.602E+06  8.176E-01  4.467E+00
     835      1    138      1    126      1      54     7.8806E+02  2.340E+14  1.875E+00  6.399E+00
     837      1    138      1    131      1      54     3.0103E+02  3.833E+13  1.255E+01  4.623E+00
     838      1    138      1    133      1      54     2.9194E+02  1.740E+12  1.000E-30  2.696E+00
     840      1    138      1    137      1      54     7.2571E+00  4.773E+07  3.739E-01  3.084E+00
     841      1    139      1    127      1      54     7.7953E+02  2.128E+14  1.987E+00  4.198E+00
     842      1    139      1    132      1      54     2.9383E+02  4.097E+13  1.892E+01  3.216E+00
     843      1    139      1    138      1      54     7.3047E-01  2.179E+04  1.324E-01  2.409E+00
     844      1    140      1    133      1      54     2.9317E+02  4.644E+13  2.878E+01  2.347E+00
     845      1    140      1    139      1      54     5.0455E-01  2.927E+03  4.985E-02  1.905E+00
     846      1    141      1    124      1      54     9.8280E+02  2.117E+14  1.000E-30  3.451E+01
     847      1    141      1    129      1      54     4.8751E+02  8.153E+13  1.000E-30  2.150E+01
     851      1    141      1    135      1      54     1.8954E+02  2.614E+13  1.000E-30  1.535E+01
     853      1    142      1    123      1      54     1.0032E+03  8.132E+13  9.253E-01  1.056E+01
     854      1    142      1    125      1      54     9.7165E+02  6.473E+13  1.000E-30  1.283E+01
     856      1    142      1    128      1      54     5.0043E+02  1.652E+13  2.224E+00  1.089E+01
     857      1    142      1    130      1      54     4.8220E+02  2.948E+13  1.000E-30  8.955E+00
     859      1    142      1    134      1      54     1.9865E+02  2.368E+12  8.578E+00  1.144E+01
     861      1    142      1    136      1      54     1.8719E+02  1.072E+13  1.000E-30  8.640E+00
     863      1    142      1    141      1      54     3.4847E+00  9.291E+06  6.188E+00  6.758E+00
     864      1    143      1    124      1      54     9.9046E+02  2.591E+14  1.734E-01  3.442E+01
     865      1    143      1    126      1      54     9.6956E+02  2.002E+13  1.000E-30  7.664E+00
     866      1    143      1    129      1      54     4.9517E+02  5.248E+13  6.754E-01  2.141E+01
     869      1    143      1    131      1      54     4.8253E+02  1.222E+13  1.000E-30  5.890E+00
     872      1    143      1    135      1      54     1.9720E+02  5.251E+12  4.321E+00  1.321E+01
     874      1    143      1    137      1      54     1.8876E+02  5.517E+12  1.000E-30  4.575E+00
     877      1    143      1    142      1      54     4.1712E+00  3.152E+07  1.763E+00  1.022E+01
     878      1    144      1    125      1      54     9.7774E+02  3.028E+14  3.933E-01  1.262E+01
     879      1    144      1    127      1      54     9.6221E+02  4.176E+12  1.000E-30  5.491E+00
     881      1    144      1    130      1      54     4.8829E+02  5.673E+13  1.419E+00  8.742E+00
     882      1    144      1    132      1      54     4.7651E+02  4.354E+12  1.000E-30  4.509E+00
     884      1    144      1    136      1      54     1.9328E+02  8.332E+12  7.910E+00  6.111E+00
     885      1    144      1    138      1      54     1.8342E+02  2.517E+12  1.000E-30  3.656E+00
     887      1    144      1    143      1      54     1.9160E+00  1.880E+06  7.013E-01  5.810E+00
     888      1    145      1    126      1      54     9.7835E+02  3.192E+14  5.154E-01  7.340E+00
     890      1    145      1    131      1      54     4.9132E+02  8.382E+13  1.948E+00  5.565E+00
     891      1    145      1    133      1      54     4.8223E+02  1.126E+12  1.000E-30  3.638E+00
     893      1    145      1    137      1      54     1.9755E+02  1.171E+13  1.001E+01  4.404E+00
     894      1    145      1    139      1      54     1.8956E+02  1.285E+12  1.000E-30  3.135E+00
     896      1    145      1    144      1      54     6.8766E+00  5.500E+07  2.805E-01  4.722E+00
     897      1    146      1    127      1      54     9.6958E+02  2.795E+14  3.921E-01  5.080E+00
     898      1    146      1    132      1      54     4.8388E+02  8.731E+13  2.119E+00  4.098E+00
     899      1    146      1    138      1      54     1.9078E+02  1.308E+13  1.168E+01  3.540E+00
     900      1    146      1    140      1      54     1.8955E+02  3.940E+11  1.000E-30  2.670E+00
     901      1    146      1    145      1      54     4.8959E-01  9.569E+03  1.004E-01  4.064E+00
     902      1    147      1    133      1      54     4.8306E+02  7.939E+13  1.736E+00  3.158E+00
     903      1    147      1    139      1      54     1.9039E+02  1.562E+13  1.494E+01  2.890E+00
     904      1    147      1    146      1      54     3.3818E-01  1.668E+03  4.749E-02  3.480E+00
     905      1    148      1    140      1      54     1.9013E+02  1.830E+13  1.945E+01  2.310E+00
     906      1    148      1    147      1      54     2.4746E-01  2.662E+02  1.894E-02  2.898E+00
     907      1    149      1    124      1      54     1.1162E+03  1.633E+14  1.000E-30  3.600E+01
     908      1    149      1    129      1      54     6.2092E+02  6.921E+13  1.000E-30  2.298E+01
     910      1    149      1    135      1      54     3.2295E+02  2.913E+13  1.000E-30  1.685E+01
     913      1    149      1    142      1      54     1.2992E+02  9.988E+12  1.000E-30  1.406E+01
     915      1    150      1    123      1      54     1.1354E+03  9.633E+13  5.045E-01  9.776E+00
     916      1    150      1    125      1      54     1.1038E+03  4.863E+13  1.000E-30  1.434E+01
     917      1    150      1    128      1      54     6.3256E+02  2.703E+13  9.727E-01  1.011E+01
     918      1    150      1    130      1      54     6.1433E+02  2.417E+13  1.000E-30  1.046E+01
     919      1    150      1    134      1      54     3.3078E+02  6.839E+12  2.234E+00  1.072E+01
     921      1    150      1    136      1      54     3.1933E+02  1.148E+13  1.000E-30  8.167E+00
     923      1    150      1    141      1      54     1.3562E+02  1.070E+12  8.308E+00  1.169E+01
     925      1    150      1    143      1      54     1.2796E+02  4.289E+12  1.000E-30  9.743E+00
     927      1    150      1    149      1      54     2.2069E+00  2.927E+06  4.396E+00  8.994E+00
     928      1    151      1    124      1      54     1.1216E+03  2.294E+14  7.520E-02  3.587E+01
     929      1    151      1    126      1      54     1.1007E+03  1.439E+13  1.000E-30  9.148E+00
     930      1    151      1    129      1      54     6.2630E+02  6.559E+13  2.303E-01  2.287E+01
     931      1    151      1    131      1      54     6.1366E+02  9.437E+12  1.000E-30  7.373E+00
     933      1    151      1    135      1      54     3.2833E+02  1.485E+13  8.255E-01  1.527E+01
     935      1    151      1    137      1      54     3.1989E+02  5.433E+12  1.000E-30  5.701E+00
     937      1    151      1    142      1      54     1.3530E+02  2.542E+12  4.074E+00  1.251E+01
     939      1    151      1    144      1      54     1.2921E+02  2.393E+12  1.000E-30  6.741E+00
     941      1    151      1    150      1      54     3.1681E+00  1.654E+07  1.681E+00  1.152E+01
     942      1    152      1    125      1      54     1.1084E+03  2.963E+14  1.268E-01  1.407E+01
     943      1    152      1    127      1      54     1.0929E+03  2.820E+12  1.000E-30  6.937E+00
     944      1    152      1    130      1      54     6.1900E+02  9.357E+13  3.533E-01  1.019E+01
     945      1    152      1    132      1      54     6.0722E+02  3.143E+12  1.000E-30  5.956E+00
     947      1    152      1    136      1      54     3.2399E+02  2.315E+13  1.079E+00  7.878E+00
     948      1    152      1    138      1      54     3.1413E+02  2.345E+12  1.000E-30  5.118E+00
     950      1    152      1    143      1      54     1.3263E+02  3.465E+12  4.683E+00  7.667E+00
     951      1    152      1    145      1      54     1.2383E+02  1.156E+12  1.000E-30  5.913E+00
     953      1    152      1    151      1      54     1.4980E+00  1.148E+06  5.171E-01  8.333E+00
     954      1    153      1    126      1      54     1.1088E+03  3.382E+14  1.112E-01  8.736E+00
     955      1    153      1    131      1      54     6.2180E+02  1.206E+14  3.265E-01  6.962E+00
     956      1    153      1    133      1      54     6.1271E+02  7.156E+11  1.000E-30  5.033E+00
     958      1    153      1    137      1      54     3.2803E+02  3.363E+13  9.943E-01  5.999E+00
     959      1    153      1    139      1      54     3.2004E+02  9.876E+11  1.000E-30  4.626E+00
     961      1    153      1    144      1      54     1.3736E+02  5.630E+12  4.548E+00  6.355E+00
     962      1    153      1    146      1      54     1.2999E+02  7.579E+11  1.000E-30  5.320E+00
     963      1    153      1    152      1      54     6.6466E+00  6.327E+07  2.001E-01  7.385E+00
     964      1    154      1    127      1      54     1.0999E+03  2.268E+14  4.723E-02  6.404E+00
     965      1    154      1    132      1      54     6.1421E+02  1.258E+14  2.044E-01  5.422E+00
     966      1    154      1    138      1      54     3.2112E+02  4.114E+13  7.574E-01  4.999E+00
     967      1    154      1    140      1      54     3.1988E+02  2.468E+11  1.000E-30  4.091E+00
     968      1    154      1    145      1      54     1.3082E+02  6.458E+12  4.213E+00  5.540E+00
     969      1    154      1    147      1      54     1.3000E+02  3.499E+11  1.000E-30  4.722E+00
     970      1    154      1    153      1      54     3.4390E-01  4.340E+03  7.561E-02  6.676E+00
     971      1    155      1    133      1      54     6.1329E+02  9.285E+13  6.477E-02  4.398E+00
     972      1    155      1    139      1      54     3.2062E+02  5.035E+13  4.600E-01  4.227E+00
     973      1    155      1    146      1      54     1.3057E+02  8.472E+12  4.118E+00  4.827E+00
     974      1    155      1    148      1      54     1.2999E+02  1.085E+11  1.000E-30  4.093E+00
     975      1    155      1    154      1      54     2.3759E-01  8.323E+02  3.859E-02  5.968E+00
     976      1    156      1    124      1      54     1.2114E+03  1.260E+14  1.000E-30  3.806E+01
     977      1    156      1    129      1      54     7.1613E+02  5.604E+13  1.000E-30  2.506E+01
     978      1    156      1    135      1      54     4.1816E+02  2.600E+13  1.000E-30  1.893E+01
     980      1    156      1    142      1      54     2.2513E+02  1.174E+13  1.000E-30  1.614E+01
     983      1    156      1    150      1      54     9.3002E+01  4.260E+12  1.000E-30  1.531E+01
     985      1    157      1    123      1      54     1.2298E+03  9.090E+13  2.214E-01  1.041E+01
     986      1    157      1    125      1      54     1.1982E+03  3.677E+13  1.000E-30  1.643E+01
     987      1    157      1    128      1      54     7.2695E+02  3.012E+13  3.798E-01  1.074E+01
     988      1    157      1    130      1      54     7.0872E+02  1.913E+13  1.000E-30  1.255E+01
     989      1    157      1    134      1      54     4.2517E+02  9.991E+12  7.065E-01  1.136E+01
     990      1    157      1    136      1      54     4.1371E+02  9.935E+12  1.000E-30  9.361E+00
     991      1    157      1    141      1      54     2.3000E+02  2.846E+12  1.616E+00  1.234E+01
     993      1    157      1    143      1      54     2.2235E+02  4.875E+12  1.000E-30  1.053E+01
     995      1    157      1    149      1      54     9.6594E+01  4.786E+11  6.141E+00  1.380E+01
     997      1    157      1    151      1      54     9.1219E+01  1.867E+12  1.000E-30  1.238E+01
     999      1    157      1    156      1      54     1.3856E+00  8.870E+05  2.943E+00  1.267E+01
    1000      1    158      1    124      1      54     1.2153E+03  1.958E+14  1.114E-02  3.795E+01
    1001      1    158      1    126      1      54     1.1944E+03  1.057E+13  1.000E-30  1.122E+01
    1002      1    158      1    129      1      54     7.2004E+02  6.872E+13  3.062E-02  2.493E+01
    1003      1    158      1    131      1      54     7.0740E+02  7.186E+12  1.000E-30  9.446E+00
    1004      1    158      1    135      1      54     4.2207E+02  2.548E+13  9.173E-02  1.772E+01
    1005      1    158      1    137      1      54     4.1363E+02  4.479E+12  1.000E-30  7.919E+00
    1007      1    158      1    142      1      54     2.2904E+02  8.086E+12  3.252E-01  1.493E+01
    1009      1    158      1    144      1      54     2.2296E+02  2.541E+12  1.000E-30  8.530E+00
    1011      1    158      1    150      1      54     9.6914E+01  1.311E+12  2.072E+00  1.414E+01
    1012      1    158      1    152      1      54     9.2248E+01  1.106E+12  1.000E-30  1.006E+01
    1014      1    158      1    157      1      54     2.5273E+00  1.053E+07  1.383E+00  1.461E+01
    1015      1    159      1    125      1      54     1.2019E+03  2.674E+14  1.000E-30  1.610E+01
    1016      1    159      1    127      1      54     1.1864E+03  1.986E+12  1.000E-30  8.972E+00
    1017      1    159      1    130      1      54     7.1248E+02  1.007E+14  1.000E-30  1.222E+01
    1018      1    159      1    132      1      54     7.0070E+02  2.273E+12  1.000E-30  7.989E+00
    1019      1    159      1    136      1      54     4.1747E+02  3.954E+13  1.000E-30  1.012E+01
    1020      1    159      1    138      1      54     4.0761E+02  1.842E+12  1.000E-30  7.320E+00
    1022      1    159      1    143      1      54     2.2610E+02  1.493E+13  1.000E-30  9.899E+00
    1023      1    159      1    145      1      54     2.1731E+02  1.215E+12  1.000E-30  7.909E+00
    1025      1    159      1    151      1      54     9.4977E+01  2.715E+12  7.462E-01  1.064E+01
    1026      1    159      1    153      1      54     8.6832E+01  5.370E+11  1.000E-30  9.253E+00
    1028      1    159      1    158      1      54     1.2307E+00  7.866E+05  3.749E-01  1.217E+01
    1029      1    160      1    126      1      54     1.2022E+03  2.736E+14  1.000E-30  1.071E+01
    1030      1    160      1    131      1      54     7.1513E+02  1.214E+14  1.000E-30  8.931E+00
    1031      1    160      1    133      1      54     7.0604E+02  4.806E+11  1.000E-30  7.002E+00
    1032      1    160      1    137      1      54     4.2136E+02  5.260E+13  1.000E-30  8.096E+00
    1033      1    160      1    139      1      54     4.1337E+02  6.936E+11  1.000E-30  6.713E+00
    1035      1    160      1    144      1      54     2.3069E+02  2.158E+13  1.000E-30  8.446E+00
    1036      1    160      1    146      1      54     2.2332E+02  6.536E+11  1.000E-30  7.325E+00
    1037      1    160      1    152      1      54     9.9979E+01  7.358E+12  1.000E-30  9.507E+00
    1038      1    160      1    154      1      54     9.2988E+01  4.258E+11  1.000E-30  8.553E+00
    1039      1    160      1    159      1      54     6.4994E+00  7.165E+07  1.478E-01  1.127E+01
    1040      1    161      1    127      1      54     1.1932E+03  1.600E+14  1.000E-30  8.299E+00
    1041      1    161      1    132      1      54     7.0745E+02  1.078E+14  1.000E-30  7.318E+00
    1042      1    161      1    138      1      54     4.1436E+02  5.510E+13  1.000E-30  6.978E+00
    1043      1    161      1    140      1      54     4.1312E+02  1.535E+11  1.000E-30  6.071E+00
    1044      1    161      1    145      1      54     2.2406E+02  2.371E+13  1.000E-30  7.520E+00
    1045      1    161      1    147      1      54     2.2323E+02  2.590E+11  1.000E-30  6.668E+00
    1046      1    161      1    153      1      54     9.3583E+01  7.378E+12  1.000E-30  8.670E+00
    1047      1    161      1    155      1      54     9.3001E+01  2.359E+11  1.000E-30  7.808E+00
    1048      1    161      1    160      1      54     2.5061E-01  2.051E+03  5.694E-02  1.047E+01
    1049      1    162      1    133      1      54     7.0646E+02  6.183E+13  1.000E-30  6.201E+00
    1050      1    162      1    139      1      54     4.1380E+02  5.021E+13  1.000E-30  6.093E+00
    1051      1    162      1    146      1      54     2.2375E+02  2.684E+13  1.000E-30  6.691E+00
    1052      1    162      1    148      1      54     2.2316E+02  6.551E+10  1.000E-30  5.943E+00
    1053      1    162      1    154      1      54     9.3412E+01  9.412E+12  1.000E-30  7.840E+00
    1054      1    162      1    161      1      54     1.7317E-01  4.150E+02  3.048E-02  9.615E+00
