#  File format type:   4
#
#  SPECT3D transition powers file.
#  RUN NAME:  ne_20-160ev_1e18-1e22_4mm
#  Total number of transitions   =     4122
#  Number of written transitions =      865
#  Plasma temperature (eV)       =     4.0000E+01
#  Mass density (g/cm3)          =     3.3515E-05
#  Cell areal density (g/cm2)    =     1.3406E-05
#  Material mass fractions       =     1.0000E+00
#  DCA material number fractions =     1.0000E+00
# -----------------------------------------------------
#
#
#   Trans.  Trans  Upper  Upper  Lower  Lower   Ioniz   Energy     Line Power Line Center Line Width
#   Index   Model  Level  Model  Level  Model   Stage   (eV)       (W/cm2)    Opt. Depth      eV
# --------------------------------------------------------------------------------------------------
       1      1      3      1      2      1       8     1.5889E+01  5.951E+05  8.403E+00  2.059E-03
       2      1      4      1      2      1       8     1.6093E+01  8.012E+05  1.763E+01  2.081E-03
       5      1      5      1      3      1       8     1.2048E+02  5.980E+06  1.226E+00  1.424E-02
       6      1      5      1      4      1       8     1.2027E+02  7.789E+06  2.424E+00  1.422E-02
       7      1      6      1      2      1       8     1.4074E+02  4.955E+07  3.793E+00  8.355E-02
      10      1      6      1      5      1       8     4.3741E+00  6.491E+03  3.889E-03  6.991E-02
      12      1      7      1      3      1       8     1.2638E+02  1.700E+07  3.207E+01  1.470E-02
      13      1      7      1      4      1       8     1.2617E+02  2.942E+07  3.307E+01  2.785E-02
      15      1      7      1      6      1       8     1.5251E+00  1.117E+02  7.585E-04  5.130E-02
      17      1      8      1      3      1       8     1.6632E+02  1.100E+06  1.690E-01  2.150E-02
      18      1      8      1      4      1       8     1.6612E+02  1.882E+06  3.306E-01  2.148E-02
      20      1      8      1      6      1       8     4.1472E+01  6.795E+05  1.637E-02  7.593E-02
      22      1      9      1      2      1       8     1.8400E+02  7.593E+06  2.307E+00  3.713E-02
      25      1      9      1      5      1       8     4.7632E+01  1.668E+06  1.200E-01  2.326E-02
      27      1      9      1      7      1       8     4.1733E+01  2.785E+05  2.493E-02  2.050E-02
      28      1      9      1      8      1       8     1.7861E+00  1.131E+02  1.327E-03  2.057E-02
      30      1     10      1      3      1       8     1.6874E+02  5.921E+06  4.164E+00  2.127E-02
      31      1     10      1      4      1       8     1.6854E+02  8.118E+06  7.195E+00  2.393E-02
      33      1     10      1      6      1       8     4.3893E+01  6.468E+06  1.827E-01  7.189E-02
      36      1     10      1      9      1       8     6.3499E-01  2.967E+00  3.499E-04  1.640E-02
      41      1     11      1      7      1       8     4.2397E+01  9.167E+06  1.891E+00  2.693E-02
      43      1     11      1     10      1       8     2.8907E-02  2.345E-05  1.000E-30  1.637E-02
      45      1     12      1      3      1       8     1.8712E+02  3.513E+05  4.990E-02  2.869E-02
      46      1     12      1      4      1       8     1.8692E+02  6.568E+05  9.728E-02  2.867E-02
      48      1     12      1      6      1       8     6.2272E+01  2.418E+05  3.512E-03  8.310E-02
      51      1     12      1      9      1       8     1.9015E+01  5.243E+04  7.742E-03  2.738E-02
      53      1     13      1      2      1       8     2.0394E+02  3.374E+06  1.201E+00  3.053E-02
      56      1     13      1      5      1       8     6.7569E+01  7.556E+05  4.961E-02  1.663E-02
      58      1     13      1      7      1       8     6.1670E+01  9.194E+04  3.007E-03  3.731E-02
      59      1     13      1      8      1       8     2.1723E+01  9.827E+04  1.842E-02  1.396E-02
      61      1     13      1     10      1       8     1.9302E+01  3.547E+04  7.469E-03  1.760E-02
      63      1     13      1     12      1       8     9.2247E-01  1.018E+01  3.894E-04  1.665E-02
      65      1     14      1      3      1       8     1.8836E+02  3.526E+06  1.167E+00  2.807E-02
      66      1     14      1      4      1       8     1.8816E+02  4.958E+06  2.284E+00  2.805E-02
      68      1     14      1      6      1       8     6.3509E+01  2.795E+06  4.181E-02  8.249E-02
      71      1     14      1      9      1       8     2.0251E+01  3.657E+05  5.090E-02  2.675E-02
      73      1     14      1     11      1       8     1.9587E+01  1.356E+04  2.698E-03  1.888E-02
      75      1     14      1     13      1       8     3.1361E-01  2.453E-01  8.572E-05  1.583E-02
      80      1     15      1      7      1       8     6.1991E+01  4.250E+06  1.804E-01  3.537E-02
      82      1     15      1     10      1       8     1.9623E+01  7.826E+05  2.169E-01  1.565E-02
      85      1     15      1     14      1       8     7.4800E-03  3.491E-07  1.000E-30  1.382E-02
      91      1     16      1     11      1       8     1.9655E+01  1.941E+06  7.335E-01  1.597E-02
      93      1     16      1     15      1       8     6.0560E-02  7.499E-05  1.000E-30  1.108E-02
      95      1     17      1      3      1       8     1.9833E+02  1.540E+05  1.766E-02  3.900E-02
      96      1     17      1      4      1       8     1.9813E+02  3.019E+05  3.456E-02  3.897E-02
      97      1     17      1      6      1       8     7.3479E+01  1.127E+05  1.272E-03  9.340E-02
      99      1     17      1      9      1       8     3.0222E+01  3.195E+04  1.502E-03  3.768E-02
     102      1     17      1     13      1       8     1.0284E+01  8.275E+03  2.262E-03  2.675E-02
     104      1     18      1      2      1       8     2.1470E+02  2.605E+06  4.655E-01  4.088E-02
     107      1     18      1      5      1       8     7.8336E+01  3.942E+05  1.332E-02  2.699E-02
     108      1     18      1      7      1       8     7.2437E+01  4.114E+04  9.109E-04  4.768E-02
     109      1     18      1      8      1       8     3.2490E+01  7.037E+04  3.868E-03  2.432E-02
     111      1     18      1     10      1       8     3.0069E+01  1.993E+04  1.184E-03  2.796E-02
     113      1     18      1     12      1       8     1.1689E+01  1.242E+04  2.617E-03  2.701E-02
     115      1     18      1     14      1       8     1.0453E+01  6.969E+03  1.888E-03  2.612E-02
     117      1     18      1     17      1       8     4.8232E-01  1.163E+00  7.532E-05  3.488E-02
     119      1     19      1      3      1       8     1.9902E+02  2.612E+06  4.155E-01  3.811E-02
     120      1     19      1      4      1       8     1.9882E+02  4.270E+06  8.153E-01  3.808E-02
     121      1     19      1      6      1       8     7.4170E+01  1.349E+06  1.554E-02  9.252E-02
     123      1     19      1      9      1       8     3.0912E+01  2.510E+05  1.177E-02  3.679E-02
     125      1     19      1     11      1       8     3.0248E+01  6.454E+03  3.834E-04  2.892E-02
     127      1     19      1     13      1       8     1.0975E+01  4.426E+04  1.110E-02  2.586E-02
     129      1     19      1     15      1       8     1.0654E+01  4.140E+03  1.194E-03  2.385E-02
     132      1     19      1     18      1       8     2.0831E-01  7.594E-02  2.503E-05  3.389E-02
     136      1     20      1      7      1       8     7.2924E+01  1.985E+06  5.133E-02  4.359E-02
     138      1     20      1     10      1       8     3.0556E+01  5.206E+05  3.619E-02  2.390E-02
     141      1     20      1     14      1       8     1.0940E+01  1.099E+05  3.156E-02  2.459E-02
     143      1     20      1     16      1       8     1.0872E+01  1.786E+03  5.775E-04  2.184E-02
     145      1     20      1     19      1       8     2.7887E-01  2.953E-02  4.917E-06  3.232E-02
     148      1     21      1     11      1       8     3.0535E+01  7.083E+05  5.028E-02  2.553E-02
     150      1     21      1     15      1       8     1.0940E+01  2.098E+05  7.521E-02  2.049E-02
     153      1     21      1     20      1       8     7.5365E-03  1.620E-07  1.000E-30  2.738E-02
     157      1     22      1     16      1       8     1.0881E+01  3.472E+05  1.730E-01  1.607E-02
     159      1     22      1     21      1       8     1.3214E-03  1.052E-10  1.000E-30  2.217E-02
     161      1     23      1      3      1       8     2.0517E+02  8.140E+04  6.949E-03  5.483E-02
     162      1     23      1      4      1       8     2.0497E+02  1.613E+05  1.361E-02  5.481E-02
     163      1     23      1      6      1       8     8.0323E+01  6.236E+04  5.649E-04  1.092E-01
     164      1     23      1      9      1       8     3.7065E+01  1.954E+04  4.458E-04  5.351E-02
     166      1     23      1     13      1       8     1.7128E+01  6.742E+03  4.500E-04  4.258E-02
     169      1     23      1     18      1       8     6.3616E+00  2.139E+03  6.845E-04  5.061E-02
     171      1     24      1      2      1       8     2.2123E+02  1.684E+06  1.770E-01  6.203E-02
     172      1     24      1      5      1       8     8.4862E+01  2.267E+05  4.059E-03  4.813E-02
     173      1     24      1      7      1       8     7.8963E+01  2.196E+04  3.340E-04  6.365E-02
     174      1     24      1      8      1       8     3.9016E+01  4.590E+04  1.069E-03  4.546E-02
     175      1     24      1     10      1       8     3.6595E+01  1.156E+04  3.051E-04  4.394E-02
     176      1     24      1     12      1       8     1.8215E+01  1.135E+04  6.691E-04  4.816E-02
     178      1     24      1     14      1       8     1.6979E+01  5.204E+03  3.571E-04  4.210E-02
     180      1     24      1     17      1       8     7.0085E+00  2.435E+03  6.385E-04  5.603E-02
     182      1     24      1     19      1       8     6.3179E+00  1.858E+03  6.139E-04  4.983E-02
     184      1     24      1     23      1       8     1.6457E-01  3.622E-02  1.071E-05  7.036E-02
     186      1     25      1      3      1       8     2.0544E+02  1.626E+06  1.631E-01  5.373E-02
     187      1     25      1      4      1       8     2.0523E+02  2.902E+06  3.194E-01  5.372E-02
     188      1     25      1      6      1       8     8.0584E+01  7.611E+05  7.013E-03  1.081E-01
     189      1     25      1      9      1       8     3.7326E+01  1.586E+05  3.679E-03  5.242E-02
     190      1     25      1     11      1       8     3.6662E+01  3.408E+03  9.152E-05  4.454E-02
     192      1     25      1     13      1       8     1.7389E+01  3.906E+04  2.611E-03  4.149E-02
     194      1     25      1     15      1       8     1.7068E+01  2.686E+03  1.961E-04  3.948E-02
     197      1     25      1     18      1       8     6.6220E+00  8.439E+03  2.549E-03  4.952E-02
     199      1     25      1     20      1       8     6.1349E+00  1.114E+03  4.219E-04  4.788E-02
     202      1     25      1     24      1       8     9.5840E-02  5.397E-03  4.405E-06  6.929E-02
     204      1     26      1      7      1       8     7.9363E+01  1.068E+06  1.764E-02  5.974E-02
     205      1     26      1     10      1       8     3.6995E+01  3.067E+05  8.910E-03  4.003E-02
     207      1     26      1     14      1       8     1.7379E+01  8.708E+04  6.363E-03  3.819E-02
     209      1     26      1     16      1       8     1.7311E+01  9.477E+02  7.597E-05  3.544E-02
     211      1     26      1     19      1       8     6.7178E+00  2.170E+04  6.890E-03  4.591E-02
     213      1     26      1     21      1       8     6.4314E+00  8.073E+02  3.135E-04  4.249E-02
     216      1     26      1     25      1       8     3.0410E-01  3.963E-02  3.375E-06  6.097E-02
     218      1     27      1     11      1       8     3.6971E+01  3.467E+05  1.099E-02  3.870E-02
     220      1     27      1     15      1       8     1.7377E+01  1.420E+05  1.196E-02  3.364E-02
     223      1     27      1     20      1       8     6.4438E+00  3.445E+04  1.358E-02  4.204E-02
     225      1     27      1     22      1       8     6.4350E+00  3.115E+02  1.439E-04  3.627E-02
     227      1     27      1     26      1       8     4.8600E-03  5.221E-08  1.000E-30  5.463E-02
     230      1     28      1     16      1       8     1.7317E+01  1.586E+05  1.630E-02  2.830E-02
     232      1     28      1     21      1       8     6.4372E+00  5.894E+04  2.805E-02  3.534E-02
     235      1     28      1     27      1       8     9.6000E-04  7.189E-11  1.000E-30  4.725E-02
     236      1     29      1      2      1       8     2.2538E+02  1.097E+06  8.220E-02  8.090E-02
     237      1     29      1      5      1       8     8.9018E+01  1.424E+05  1.631E-03  6.700E-02
     238      1     29      1      7      1       8     8.3119E+01  1.313E+04  1.350E-04  8.770E-02
     239      1     29      1      8      1       8     4.3172E+01  3.049E+04  3.841E-04  6.434E-02
     240      1     29      1     10      1       8     4.0751E+01  7.146E+03  9.982E-05  6.798E-02
     241      1     29      1     12      1       8     2.2372E+01  8.503E+03  2.240E-04  6.703E-02
     242      1     29      1     14      1       8     2.1136E+01  3.465E+03  1.023E-04  6.614E-02
     243      1     29      1     17      1       8     1.1165E+01  2.522E+03  1.874E-04  7.490E-02
     245      1     29      1     19      1       8     1.0474E+01  1.583E+03  1.352E-04  7.386E-02
     247      1     29      1     23      1       8     4.3209E+00  5.244E+02  1.904E-04  8.925E-02
     249      1     29      1     25      1       8     4.0605E+00  5.766E+02  2.407E-04  8.810E-02
     252      1     30      1      3      1       8     2.0959E+02  4.874E+04  2.934E-03  7.859E-02
     253      1     30      1      4      1       8     2.0939E+02  9.667E+04  5.730E-03  7.856E-02
     254      1     30      1      6      1       8     8.4742E+01  3.804E+04  2.721E-04  1.331E-01
     255      1     30      1      9      1       8     4.1484E+01  1.252E+04  1.596E-04  7.727E-02
     256      1     30      1     13      1       8     2.1547E+01  4.758E+03  1.353E-04  6.634E-02
     258      1     30      1     18      1       8     1.0780E+01  1.939E+03  1.552E-04  7.436E-02
     261      1     30      1     24      1       8     4.2541E+00  7.116E+02  2.672E-04  9.410E-02
     263      1     30      1     29      1       8     9.7810E-02  7.683E-03  3.766E-06  1.121E-01
     265      1     31      1      3      1       8     2.0968E+02  1.039E+06  6.772E-02  7.737E-02
     266      1     31      1      4      1       8     2.0947E+02  1.959E+06  1.325E-01  7.735E-02
     267      1     31      1      6      1       8     8.4824E+01  4.707E+05  3.413E-03  1.318E-01
     268      1     31      1      9      1       8     4.1566E+01  1.043E+05  1.348E-03  7.605E-02
     269      1     31      1     11      1       8     4.0902E+01  2.014E+03  2.851E-05  6.818E-02
     270      1     31      1     13      1       8     2.1629E+01  2.917E+04  8.410E-04  6.512E-02
     271      1     31      1     15      1       8     2.1308E+01  1.706E+03  5.234E-05  6.311E-02
     273      1     31      1     18      1       8     1.0862E+01  8.879E+03  7.130E-04  7.315E-02
     275      1     31      1     20      1       8     1.0375E+01  9.639E+02  8.888E-05  7.152E-02
     278      1     31      1     24      1       8     4.3360E+00  2.208E+03  8.099E-04  9.289E-02
     280      1     31      1     26      1       8     3.9361E+00  3.838E+02  1.808E-04  8.453E-02
     282      1     31      1     29      1       8     1.7973E-01  5.375E-02  7.698E-06  1.109E-01
     285      1     32      1      7      1       8     8.3517E+01  6.265E+05  6.944E-03  8.261E-02
     286      1     32      1     10      1       8     4.1149E+01  1.902E+05  2.864E-03  6.289E-02
     287      1     32      1     14      1       8     2.1534E+01  6.039E+04  1.876E-03  6.106E-02
     288      1     32      1     16      1       8     2.1466E+01  5.282E+02  1.747E-05  5.831E-02
     290      1     32      1     19      1       8     1.0872E+01  1.979E+04  1.691E-03  6.878E-02
     292      1     32      1     21      1       8     1.0586E+01  5.511E+02  5.359E-05  6.535E-02
     295      1     32      1     25      1       8     4.4586E+00  5.799E+03  2.126E-03  8.357E-02
     297      1     32      1     27      1       8     4.1496E+00  3.453E+02  1.596E-04  7.727E-02
     300      1     32      1     31      1       8     2.1835E-01  1.544E-02  1.513E-06  1.063E-01
     302      1     33      1     11      1       8     4.1124E+01  1.930E+05  3.160E-03  6.042E-02
     303      1     33      1     15      1       8     2.1530E+01  8.867E+04  3.065E-03  5.535E-02
     305      1     33      1     20      1       8     1.0597E+01  3.019E+04  3.010E-03  6.376E-02
     307      1     33      1     22      1       8     1.0588E+01  1.752E+02  1.945E-05  5.798E-02
     309      1     33      1     26      1       8     4.1578E+00  7.960E+03  3.690E-03  7.646E-02
     311      1     33      1     28      1       8     4.1519E+00  2.010E+02  1.050E-04  6.888E-02
     313      1     33      1     32      1       8     3.3000E-03  1.863E-08  1.000E-30  9.818E-02
     315      1     34      1     16      1       8     2.1470E+01  7.989E+04  3.203E-03  4.854E-02
     317      1     34      1     21      1       8     1.0590E+01  4.202E+04  4.831E-03  5.559E-02
     320      1     34      1     27      1       8     4.1536E+00  1.322E+04  6.980E-03  6.765E-02
     323      1     34      1     33      1       8     6.7000E-04  3.215E-11  1.000E-30  8.833E-02
     324      1     35      1      2      1       8     2.2829E+02  7.353E+05  3.754E-02  1.155E-01
     325      1     35      1      5      1       8     9.1926E+01  9.356E+04  6.819E-04  1.016E-01
     326      1     35      1      7      1       8     8.6026E+01  8.449E+03  5.927E-05  1.223E-01
     327      1     35      1      8      1       8     4.6080E+01  2.093E+04  1.562E-04  9.897E-02
     328      1     35      1     10      1       8     4.3659E+01  4.665E+03  3.856E-05  1.026E-01
     329      1     35      1     12      1       8     2.5279E+01  6.213E+03  8.866E-05  1.017E-01
     330      1     35      1     14      1       8     2.4043E+01  2.362E+03  3.708E-05  1.008E-01
     331      1     35      1     17      1       8     1.4072E+01  2.098E+03  7.076E-05  1.095E-01
     332      1     35      1     19      1       8     1.3382E+01  1.183E+03  4.434E-05  1.085E-01
     333      1     35      1     23      1       8     7.2283E+00  6.597E+02  6.514E-05  1.239E-01
     335      1     35      1     25      1       8     6.9679E+00  5.681E+02  6.089E-05  1.227E-01
     338      1     35      1     30      1       8     2.8096E+00  1.342E+02  6.782E-05  1.467E-01
     339      1     35      1     31      1       8     2.7277E+00  1.937E+02  1.048E-04  1.455E-01
     342      1     36      1      3      1       8     2.1248E+02  6.885E+05  3.031E-02  1.117E-01
     343      1     36      1      4      1       8     2.1228E+02  1.335E+06  5.924E-02  1.117E-01
     344      1     36      1      6      1       8     8.7628E+01  3.048E+05  1.716E-03  1.661E-01
     345      1     36      1      9      1       8     4.4371E+01  7.004E+04  5.518E-04  1.104E-01
     346      1     36      1     11      1       8     4.3707E+01  1.263E+03  1.056E-05  1.025E-01
     347      1     36      1     13      1       8     2.4434E+01  2.080E+04  3.220E-04  9.949E-02
     348      1     36      1     15      1       8     2.4112E+01  1.092E+03  1.771E-05  9.748E-02
     349      1     36      1     18      1       8     1.3667E+01  7.054E+03  2.563E-04  1.075E-01
     350      1     36      1     20      1       8     1.3180E+01  6.719E+02  2.708E-05  1.059E-01
     352      1     36      1     24      1       8     7.1406E+00  2.375E+03  2.438E-04  1.273E-01
     354      1     36      1     26      1       8     6.7407E+00  3.619E+02  4.327E-05  1.189E-01
     356      1     36      1     29      1       8     2.9843E+00  6.871E+02  3.104E-04  1.452E-01
     359      1     36      1     32      1       8     2.5862E+00  1.287E+02  8.089E-05  1.406E-01
     361      1     36      1     35      1       8     7.6880E-02  4.345E-03  2.102E-06  1.792E-01
     363      1     37      1      3      1       8     2.1253E+02  3.113E+04  1.316E-03  1.128E-01
     364      1     37      1      4      1       8     2.1233E+02  6.200E+04  2.577E-03  1.128E-01
     365      1     37      1      6      1       8     8.7681E+01  2.466E+04  1.371E-04  1.672E-01
     366      1     37      1      9      1       8     4.4424E+01  8.325E+03  6.453E-05  1.115E-01
     367      1     37      1     13      1       8     2.4486E+01  3.295E+03  5.011E-05  1.006E-01
     368      1     37      1     18      1       8     1.3720E+01  1.446E+03  5.149E-05  1.086E-01
     370      1     37      1     24      1       8     7.1935E+00  6.420E+02  6.421E-05  1.283E-01
     372      1     37      1     29      1       8     3.0372E+00  2.888E+02  1.248E-04  1.463E-01
     375      1     37      1     35      1       8     1.2981E-01  2.095E-02  3.611E-06  1.803E-01
     378      1     38      1      7      1       8     8.6367E+01  3.940E+05  2.957E-03  1.159E-01
     379      1     38      1     10      1       8     4.3999E+01  1.239E+05  1.085E-03  9.622E-02
     380      1     38      1     14      1       8     2.4383E+01  4.167E+04  6.831E-04  9.439E-02
     381      1     38      1     16      1       8     2.4315E+01  3.178E+02  5.448E-06  9.164E-02
     382      1     38      1     19      1       8     1.3722E+01  1.519E+04  5.777E-04  1.021E-01
     383      1     38      1     21      1       8     1.3435E+01  3.515E+02  1.470E-05  9.869E-02
     385      1     38      1     25      1       8     7.3080E+00  5.680E+03  5.852E-04  1.167E-01
     387      1     38      1     27      1       8     6.9990E+00  2.746E+02  3.274E-05  1.106E-01
     390      1     38      1     31      1       8     3.0677E+00  1.750E+03  7.813E-04  1.394E-01
     392      1     38      1     33      1       8     2.8461E+00  1.534E+02  8.510E-05  1.313E-01
     395      1     38      1     36      1       8     2.6320E-01  2.814E-02  1.205E-06  1.732E-01
     397      1     39      1     11      1       8     4.3972E+01  1.173E+05  1.106E-03  9.258E-02
     398      1     39      1     15      1       8     2.4378E+01  5.712E+04  1.016E-03  8.751E-02
     399      1     39      1     20      1       8     1.3445E+01  2.221E+04  9.538E-04  9.592E-02
     400      1     39      1     22      1       8     1.3436E+01  9.994E+01  4.626E-06  9.014E-02
     402      1     39      1     26      1       8     7.0062E+00  8.169E+03  9.878E-04  1.087E-01
     404      1     39      1     28      1       8     7.0004E+00  1.383E+02  1.816E-05  1.011E-01
     406      1     39      1     32      1       8     2.8517E+00  2.307E+03  1.278E-03  1.305E-01
     408      1     39      1     34      1       8     2.8478E+00  1.074E+02  6.524E-05  1.204E-01
     410      1     39      1     38      1       8     2.3300E-03  7.180E-09  1.000E-30  1.630E-01
     412      1     40      1     16      1       8     2.4318E+01  4.550E+04  9.080E-04  7.907E-02
     413      1     40      1     21      1       8     1.3438E+01  2.724E+04  1.309E-03  8.612E-02
     415      1     40      1     27      1       8     7.0018E+00  1.201E+04  1.615E-03  9.818E-02
     418      1     40      1     33      1       8     2.8489E+00  3.709E+03  2.265E-03  1.189E-01
     421      1     40      1     39      1       8     5.0000E-04  1.632E-11  1.000E-30  1.503E-01
     422      1     41      1      2      1       8     2.3041E+02  4.911E+05  1.803E-02  1.640E-01
     423      1     41      1      5      1       8     9.4046E+01  6.263E+04  3.099E-04  1.501E-01
     424      1     41      1      7      1       8     8.8147E+01  5.505E+03  2.773E-05  1.708E-01
     425      1     41      1      8      1       8     4.8200E+01  1.435E+04  7.043E-05  1.474E-01
     426      1     41      1     10      1       8     4.5779E+01  3.102E+03  1.645E-05  1.511E-01
     427      1     41      1     12      1       8     2.7399E+01  4.450E+03  3.947E-05  1.501E-01
     428      1     41      1     14      1       8     2.6163E+01  1.613E+03  1.556E-05  1.492E-01
     429      1     41      1     17      1       8     1.6192E+01  1.611E+03  3.076E-05  1.580E-01
     430      1     41      1     19      1       8     1.5502E+01  8.487E+02  1.770E-05  1.570E-01
     431      1     41      1     23      1       8     9.3485E+00  5.895E+02  2.708E-05  1.723E-01
     432      1     41      1     25      1       8     9.0881E+00  4.500E+02  2.198E-05  1.712E-01
     434      1     41      1     30      1       8     4.9298E+00  1.969E+02  2.628E-05  1.951E-01
     435      1     41      1     31      1       8     4.8479E+00  2.148E+02  2.981E-05  1.939E-01
     438      1     41      1     36      1       8     2.0433E+00  9.177E+01  5.659E-05  2.277E-01
     439      1     41      1     37      1       8     1.9904E+00  4.565E+01  2.959E-05  2.287E-01
     442      1     42      1      3      1       8     2.1466E+02  2.047E+04  6.300E-04  1.606E-01
     443      1     42      1      4      1       8     2.1445E+02  4.080E+04  1.234E-03  1.606E-01
     444      1     42      1      6      1       8     8.9806E+01  1.633E+04  7.092E-05  2.150E-01
     445      1     42      1      9      1       8     4.6549E+01  5.607E+03  2.906E-05  1.593E-01
     446      1     42      1     13      1       8     2.6612E+01  2.280E+03  2.138E-05  1.484E-01
     447      1     42      1     18      1       8     1.5845E+01  1.044E+03  2.084E-05  1.564E-01
     448      1     42      1     24      1       8     9.3186E+00  5.028E+02  2.329E-05  1.761E-01
     449      1     42      1     29      1       8     5.1623E+00  2.594E+02  3.159E-05  1.941E-01
     452      1     42      1     35      1       8     2.2549E+00  1.271E+02  6.388E-05  2.281E-01
     455      1     42      1     41      1       8     1.3470E-01  3.330E-02  3.470E-06  2.761E-01
     457      1     43      1      3      1       8     2.1481E+02  4.543E+05  1.438E-02  1.597E-01
     458      1     43      1      4      1       8     2.1460E+02  8.921E+05  2.804E-02  1.600E-01
     459      1     43      1      6      1       8     8.9955E+01  2.031E+05  8.929E-04  2.141E-01
     460      1     43      1      9      1       8     4.6697E+01  4.831E+04  2.529E-04  1.584E-01
     461      1     43      1     11      1       8     4.6033E+01  8.262E+02  4.531E-06  1.505E-01
     462      1     43      1     13      1       8     2.6760E+01  1.515E+04  1.426E-04  1.475E-01
     463      1     43      1     15      1       8     2.6439E+01  7.408E+02  7.240E-06  1.455E-01
     464      1     43      1     18      1       8     1.5993E+01  5.631E+03  1.120E-04  1.555E-01
     465      1     43      1     20      1       8     1.5506E+01  4.909E+02  1.060E-05  1.539E-01
     466      1     43      1     24      1       8     9.4670E+00  2.250E+03  1.024E-04  1.748E-01
     467      1     43      1     26      1       8     9.0671E+00  3.094E+02  1.574E-05  1.664E-01
     468      1     43      1     29      1       8     5.3107E+00  9.690E+02  1.129E-04  1.938E-01
     471      1     43      1     32      1       8     4.9126E+00  1.800E+02  2.519E-05  1.882E-01
     473      1     43      1     35      1       8     2.4033E+00  3.762E+02  1.683E-04  2.278E-01
     476      1     43      1     38      1       8     2.0633E+00  8.249E+01  5.167E-05  2.210E-01
     478      1     43      1     41      1       8     2.8315E-01  2.162E-01  5.132E-06  2.758E-01
     481      1     44      1      7      1       8     8.8434E+01  2.544E+05  1.358E-03  1.630E-01
     482      1     44      1     10      1       8     4.6067E+01  8.198E+04  4.568E-04  1.433E-01
     483      1     44      1     14      1       8     2.6451E+01  2.860E+04  2.864E-04  1.414E-01
     484      1     44      1     16      1       8     2.6383E+01  2.000E+02  2.072E-06  1.387E-01
     485      1     44      1     19      1       8     1.5789E+01  1.107E+04  2.353E-04  1.492E-01
     486      1     44      1     21      1       8     1.5503E+01  2.278E+02  5.214E-06  1.457E-01
     487      1     44      1     25      1       8     9.3757E+00  4.591E+03  2.217E-04  1.636E-01
     488      1     44      1     27      1       8     9.0667E+00  1.905E+02  1.026E-05  1.577E-01
     490      1     44      1     31      1       8     5.1355E+00  1.825E+03  2.358E-04  1.864E-01
     492      1     44      1     33      1       8     4.9138E+00  1.356E+02  2.007E-05  1.784E-01
     495      1     44      1     36      1       8     2.3309E+00  7.480E+02  3.672E-04  2.201E-01
     497      1     44      1     39      1       8     2.0654E+00  7.325E+01  4.826E-05  2.099E-01
     500      1     44      1     43      1       8     4.4800E-03  1.136E-07  5.213E-09  2.677E-01
     502      1     45      1     11      1       8     4.6039E+01  7.425E+04  4.499E-04  1.381E-01
     503      1     45      1     15      1       8     2.6445E+01  3.755E+04  4.017E-04  1.330E-01
     504      1     45      1     20      1       8     1.5512E+01  1.566E+04  3.680E-04  1.414E-01
     505      1     45      1     22      1       8     1.5503E+01  5.993E+01  1.489E-06  1.356E-01
     506      1     45      1     26      1       8     9.0733E+00  6.580E+03  3.611E-04  1.543E-01
     507      1     45      1     28      1       8     9.0675E+00  8.767E+01  5.107E-06  1.467E-01
     509      1     45      1     32      1       8     4.9189E+00  2.606E+03  3.893E-04  1.760E-01
     511      1     45      1     34      1       8     4.9149E+00  8.452E+01  1.349E-05  1.658E-01
     513      1     45      1     38      1       8     2.0695E+00  7.951E+02  5.236E-04  2.085E-01
     515      1     45      1     40      1       8     2.0666E+00  5.736E+01  4.057E-05  1.958E-01
     517      1     45      1     44      1       8     1.7200E-03  3.018E-09  1.000E-30  2.550E-01
     519      1     46      1     16      1       8     2.6385E+01  2.755E+04  3.230E-04  1.227E-01
     520      1     46      1     21      1       8     1.5505E+01  1.774E+04  4.562E-04  1.298E-01
     521      1     46      1     27      1       8     9.0688E+00  8.929E+03  5.348E-04  1.419E-01
     523      1     46      1     33      1       8     4.9159E+00  3.895E+03  6.319E-04  1.626E-01
     526      1     46      1     39      1       8     2.0675E+00  1.258E+03  8.931E-04  1.940E-01
     529      1     46      1     45      1       8     3.9000E-04  9.089E-12  1.000E-30  2.390E-01
     531      1     47      1      3      1       8     8.7211E+02  2.206E+00  1.699E-02  1.494E-01
     532      1     47      1      4      1       8     8.7191E+02  4.138E+00  3.188E-02  1.494E-01
     533      1     48      1      2      1       8     8.9208E+02  6.010E-03  7.738E-05  1.107E-01
     537      1     49      1      2      1       8     8.9222E+02  3.070E-02  3.964E-04  1.107E-01
     540      1     49      1     47      1       8     4.2178E+00  3.855E-11  1.000E-30  1.017E-03
     541      1     50      1      2      1       8     8.9249E+02  1.298E-04  1.685E-06  1.107E-01
     545      1     51      1      2      1       8     9.0805E+02  4.224E+01  1.306E+00  1.597E-01
     548      1     51      1     47      1       8     2.0048E+01  4.926E-04  1.805E-11  4.998E-02
     549      1     52      1      2      1       8     9.0805E+02  6.527E+01  2.678E+00  1.607E-01
     552      1     52      1     47      1       8     2.0048E+01  9.717E-04  3.488E-11  5.099E-02
     553      1     53      1      2      1       8     9.0805E+02  8.426E+00  2.416E-01  1.178E-01
     556      1     53      1     47      1       8     2.0048E+01  1.558E-05  4.280E-12  8.127E-03
     557      1     54      1      2      1       8     9.0805E+02  1.164E+01  3.783E-01  1.169E-01
     560      1     54      1     47      1       8     2.0048E+01  4.098E-05  1.305E-11  7.182E-03
     562      1     55      1      3      1       8     8.9529E+02  7.191E-03  1.029E-04  1.110E-01
     563      1     55      1      4      1       8     8.9508E+02  6.924E-04  9.705E-06  1.110E-01
     564      1     55      1     48      1       8     1.9095E+01  7.987E-05  9.581E-11  2.365E-03
     565      1     55      1     49      1       8     1.8959E+01  3.883E-04  4.745E-10  2.351E-03
     566      1     55      1     51      1       8     3.1293E+00  8.556E-12  1.000E-30  5.367E-03
     568      1     55      1     53      1       8     3.1293E+00  9.599E-12  1.000E-30  1.267E-03
     571      1     56      1      3      1       8     8.9556E+02  2.549E-04  3.667E-06  1.111E-01
     572      1     56      1      4      1       8     8.9536E+02  1.743E-02  2.457E-04  1.110E-01
     573      1     56      1     48      1       8     1.9367E+01  4.193E-04  4.851E-10  2.391E-03
     574      1     56      1     49      1       8     1.9231E+01  1.309E-04  1.543E-10  2.377E-03
     575      1     56      1     50      1       8     1.8959E+01  4.159E-04  5.094E-10  2.347E-03
     577      1     56      1     52      1       8     3.4014E+00  1.429E-11  1.000E-30  5.546E-03
     579      1     56      1     54      1       8     3.4014E+00  1.025E-11  1.000E-30  1.152E-03
     582      1     57      1      4      1       8     8.9549E+02  4.504E-02  6.369E-04  1.111E-01
     583      1     57      1     49      1       8     1.9367E+01  4.514E-04  5.178E-10  2.411E-03
     584      1     57      1     50      1       8     1.9095E+01  9.956E-04  1.186E-09  2.381E-03
     586      1     57      1     52      1       8     3.5375E+00  9.721E-11  1.000E-30  5.580E-03
     591      1     58      1      4      1       8     9.0433E+02  5.430E+01  1.235E+00  1.871E-01
     592      1     58      1      6      1       8     7.7968E+02  5.996E-03  1.673E-06  1.606E-01
     593      1     58      1      9      1       8     7.3642E+02  1.443E-03  8.718E-08  1.582E-01
     594      1     58      1     13      1       8     7.1649E+02  5.755E-04  1.860E-08  1.610E-01
     595      1     58      1     18      1       8     7.0572E+02  2.914E-04  6.741E-09  1.690E-01
     596      1     58      1     24      1       8     6.9919E+02  1.690E-04  3.042E-09  1.836E-01
     598      1     58      1     49      1       8     2.8203E+01  2.035E-08  3.647E-16  7.841E-02
     599      1     58      1     50      1       8     2.7931E+01  9.576E-07  1.747E-14  7.838E-02
     600      1     58      1     52      1       8     1.2374E+01  1.093E-04  4.841E-12  8.158E-02
     601      1     58      1     54      1       8     1.2374E+01  7.710E-06  3.616E-13  7.719E-02
     603      1     59      1      3      1       8     9.0453E+02  3.853E+01  7.486E-01  1.871E-01
     604      1     59      1      4      1       8     9.0433E+02  7.345E+00  9.388E-02  1.871E-01
     605      1     59      1      6      1       8     7.7968E+02  4.028E-03  8.409E-07  2.201E-01
     606      1     59      1      9      1       8     7.3642E+02  9.660E-04  5.475E-08  1.703E-01
     607      1     59      1     13      1       8     7.1649E+02  3.848E-04  1.243E-08  1.610E-01
     608      1     59      1     18      1       8     7.0572E+02  1.942E-04  4.493E-09  1.691E-01
     609      1     59      1     24      1       8     6.9919E+02  8.834E-05  1.590E-09  1.837E-01
     611      1     59      1     49      1       8     2.8203E+01  1.046E-07  1.874E-15  7.843E-02
     612      1     59      1     50      1       8     2.7931E+01  5.387E-08  9.824E-16  7.840E-02
     613      1     59      1     51      1       8     1.2374E+01  6.260E-05  2.778E-12  8.144E-02
     614      1     59      1     52      1       8     1.2374E+01  1.118E-05  4.952E-13  8.160E-02
     615      1     59      1     53      1       8     1.2374E+01  2.192E-06  1.026E-13  7.734E-02
     616      1     59      1     54      1       8     1.2374E+01  2.570E-06  1.205E-13  7.720E-02
     618      1     60      1      3      1       8     9.0793E+02  1.374E+01  1.382E+00  1.205E-01
     619      1     60      1      4      1       8     9.0773E+02  9.801E+00  6.461E-01  1.205E-01
     620      1     60      1      6      1       8     7.8308E+02  1.157E-03  6.460E-07  1.611E-01
     621      1     60      1      9      1       8     7.3982E+02  2.167E-04  3.981E-08  1.055E-01
     622      1     60      1     13      1       8     7.1989E+02  7.987E-05  8.972E-09  9.443E-02
     623      1     60      1     18      1       8     7.0912E+02  2.522E-05  1.976E-09  1.024E-01
     624      1     60      1     48      1       8     3.1741E+01  4.048E-08  1.097E-14  1.182E-02
     627      1     60      1     51      1       8     1.5775E+01  1.592E-06  9.951E-13  1.482E-02
     628      1     60      1     52      1       8     1.5775E+01  5.719E-07  3.541E-13  1.497E-02
     629      1     60      1     53      1       8     1.5775E+01  4.886E-05  4.452E-11  1.072E-02
     630      1     60      1     54      1       8     1.5775E+01  2.468E-05  2.279E-11  1.058E-02
     632      1     61      1      3      1       8     9.0821E+02  9.171E+00  5.997E-01  1.208E-01
     633      1     61      1      4      1       8     9.0800E+02  1.990E+01  3.384E+00  1.208E-01
     634      1     61      1      6      1       8     7.8335E+02  2.296E-03  1.356E-06  1.532E-01
     635      1     61      1      9      1       8     7.4010E+02  4.318E-04  8.073E-08  1.041E-01
     636      1     61      1     13      1       8     7.2016E+02  1.588E-04  1.788E-08  9.473E-02
     637      1     61      1     18      1       8     7.0939E+02  5.949E-05  4.670E-09  1.028E-01
     638      1     61      1     24      1       8     7.0287E+02  3.384E-05  1.974E-09  1.173E-01
     639      1     61      1     48      1       8     3.2013E+01  2.277E-08  5.884E-15  1.214E-02
     640      1     61      1     49      1       8     3.1877E+01  2.651E-08  6.914E-15  1.213E-02
     641      1     61      1     50      1       8     3.1605E+01  6.732E-08  1.788E-14  1.210E-02
     642      1     61      1     51      1       8     1.6047E+01  2.929E-08  1.721E-14  1.514E-02
     643      1     61      1     52      1       8     1.6047E+01  5.858E-06  3.410E-12  1.530E-02
     644      1     61      1     53      1       8     1.6047E+01  2.763E-05  2.347E-11  1.104E-02
     645      1     61      1     54      1       8     1.6047E+01  1.269E-04  1.092E-10  1.090E-02
     647      1     62      1      3      1       8     9.1773E+02  5.717E+00  1.512E-01  1.474E-01
     648      1     62      1      4      1       8     9.1753E+02  1.114E+01  3.462E-01  1.474E-01
     649      1     62      1     48      1       8     4.1537E+01  4.790E-08  1.035E-15  3.870E-02
     650      1     62      1     49      1       8     4.1401E+01  2.542E-07  5.523E-15  3.868E-02
     652      1     62      1     51      1       8     2.5571E+01  1.495E-04  4.361E-12  4.170E-02
     653      1     62      1     52      1       8     2.5571E+01  3.019E-04  8.770E-12  4.185E-02
     654      1     62      1     53      1       8     2.5571E+01  1.180E-05  3.847E-13  3.760E-02
     655      1     62      1     54      1       8     2.5571E+01  1.719E-05  5.630E-13  3.746E-02
     657      1     63      1     48      1       8     9.9589E+02  2.589E-10  1.118E-11  1.152E-01
     658      1     63      1     49      1       8     9.9575E+02  1.297E-09  5.587E-11  1.151E-01
     669      1     64      1     48      1       8     9.9602E+02  1.287E-09  5.579E-11  1.151E-01
     670      1     64      1     49      1       8     9.9589E+02  4.116E-10  1.778E-11  1.151E-01
     671      1     64      1     50      1       8     9.9561E+02  1.390E-09  5.973E-11  1.151E-01
     681      1     65      1     49      1       8     9.9610E+02  1.386E-09  6.016E-11  1.152E-01
     682      1     65      1     50      1       8     9.9583E+02  3.228E-09  1.393E-10  1.151E-01
     693      1     66      1     47      1       8     1.0024E+03  7.934E-10  3.116E-11  1.126E-01
     703      1     67      1     47      1       8     1.0028E+03  1.567E-09  6.205E-11  1.126E-01
     716      1     68      1     51      1       8     9.9193E+02  1.904E-10  5.726E-12  1.193E-01
     717      1     68      1     52      1       8     9.9193E+02  4.265E-11  1.281E-12  1.195E-01
     718      1     68      1     53      1       8     9.9193E+02  1.694E-09  5.299E-11  1.152E-01
     719      1     68      1     54      1       8     9.9193E+02  3.351E-10  1.050E-11  1.151E-01
     730      1     69      1     50      1       8     1.0075E+03  6.156E-13  3.400E-14  1.163E-01
     731      1     69      1     52      1       8     9.9193E+02  3.013E-10  9.048E-12  1.195E-01
     732      1     69      1     54      1       8     9.9193E+02  3.095E-09  9.696E-11  1.151E-01
     739      1     70      1     55      1       8     9.9383E+02  5.157E-10  1.965E-11  1.184E-01
     740      1     70      1     56      1       8     9.9356E+02  1.031E-09  3.904E-11  1.184E-01
     741      1     70      1     57      1       8     9.9342E+02  1.545E-09  5.837E-11  1.184E-01
     756      1     71      1     51      1       8     9.9913E+02  8.885E-12  3.106E-13  1.203E-01
     757      1     71      1     52      1       8     9.9913E+02  9.119E-11  3.183E-12  1.204E-01
     758      1     71      1     53      1       8     9.9913E+02  3.196E-10  1.162E-11  1.162E-01
     759      1     71      1     54      1       8     9.9913E+02  5.526E-10  2.012E-11  1.160E-01
     769      1     72      1     51      1       8     1.0009E+03  5.808E-10  2.107E-11  1.205E-01
     770      1     72      1     52      1       8     1.0009E+03  2.518E-10  9.123E-12  1.207E-01
     771      1     72      1     53      1       8     1.0009E+03  3.732E-11  1.408E-12  1.164E-01
     772      1     72      1     54      1       8     1.0009E+03  6.475E-11  2.446E-12  1.163E-01
     785      1     73      1     51      1       8     1.0011E+03  2.856E-10  1.041E-11  1.206E-01
     786      1     73      1     52      1       8     1.0011E+03  1.409E-09  5.129E-11  1.207E-01
     787      1     73      1     53      1       8     1.0011E+03  2.565E-11  9.720E-13  1.165E-01
     788      1     73      1     54      1       8     1.0011E+03  1.446E-10  5.490E-12  1.163E-01
     801      1     74      1     58      1       8     9.9171E+02  1.626E-10  4.858E-12  1.207E-01
     802      1     74      1     59      1       8     9.9171E+02  1.050E-09  3.136E-11  1.207E-01
     803      1     74      1     60      1       8     9.8831E+02  1.107E-09  1.636E-11  1.257E-01
     804      1     74      1     61      1       8     9.8804E+02  2.225E-10  3.272E-12  1.257E-01
     816      1     75      1     57      1       8     1.0006E+03  5.842E-13  2.569E-14  1.190E-01
     817      1     75      1     58      1       8     9.9173E+02  1.790E-09  5.350E-11  1.207E-01
     818      1     75      1     59      1       8     9.9173E+02  2.078E-10  6.210E-12  1.207E-01
     819      1     75      1     61      1       8     9.8806E+02  1.811E-09  2.664E-11  1.257E-01
     830      1     76      1     59      1       8     9.9649E+02  3.564E-10  1.177E-11  1.212E-01
     831      1     76      1     60      1       8     9.9309E+02  3.607E-10  5.897E-12  1.263E-01
     832      1     76      1     61      1       8     9.9282E+02  1.558E-10  2.533E-12  1.262E-01
     833      1     76      1     62      1       8     9.8329E+02  2.614E-10  6.250E-12  1.197E-01
     845      1     77      1     58      1       8     9.9651E+02  5.463E-10  1.805E-11  1.213E-01
     846      1     77      1     59      1       8     9.9651E+02  5.754E-11  1.901E-12  1.213E-01
     847      1     77      1     60      1       8     9.9311E+02  1.589E-10  2.598E-12  1.263E-01
     848      1     77      1     61      1       8     9.9284E+02  1.038E-09  1.688E-11  1.262E-01
     849      1     77      1     62      1       8     9.8331E+02  4.715E-10  1.128E-11  1.197E-01
     900      1     82      1     48      1       8     1.1525E+03  1.345E-12  4.272E-12  1.265E-01
     931      1     84      1     48      1       8     1.1526E+03  1.388E-12  4.419E-12  1.265E-01
     932      1     84      1     49      1       8     1.1524E+03  1.681E-12  5.333E-12  1.266E-01
     954      1     85      1     49      1       8     1.1526E+03  3.519E-12  1.121E-11  1.265E-01
     955      1     85      1     50      1       8     1.1523E+03  1.320E-12  4.179E-12  1.265E-01
     971      1     86      1     50      1       8     1.1525E+03  6.420E-12  2.041E-11  1.265E-01
     996      1     88      1     53      1       8     1.1375E+03  1.132E-12  2.046E-12  1.257E-01
     997      1     88      1     54      1       8     1.1375E+03  5.136E-13  9.296E-13  1.256E-01
    1018      1     89      1     53      1       8     1.1375E+03  5.588E-13  1.011E-12  1.257E-01
    1019      1     89      1     54      1       8     1.1375E+03  2.363E-12  4.281E-12  1.255E-01
    1036      1     90      1     48      1       8     1.1538E+03  5.121E-13  1.675E-12  1.267E-01
    1037      1     90      1     49      1       8     1.1537E+03  1.060E-12  3.455E-12  1.267E-01
    1038      1     90      1     50      1       8     1.1534E+03  1.211E-12  3.926E-12  1.267E-01
    1060      1     91      1     49      1       8     1.1553E+03  1.369E-12  4.617E-12  1.269E-01
    1080      1     92      1     48      1       8     1.1555E+03  1.177E-12  3.990E-12  1.269E-01
    1082      1     92      1     50      1       8     1.1551E+03  1.675E-12  5.628E-12  1.269E-01
    1102      1     93      1     49      1       8     1.1555E+03  1.329E-12  4.504E-12  1.269E-01
    1103      1     93      1     50      1       8     1.1552E+03  3.496E-12  1.178E-11  1.269E-01
    1120      1     94      1     47      1       8     1.1602E+03  6.221E-13  4.883E-12  1.270E-01
    1135      1     95      1     47      1       8     1.1603E+03  1.241E-12  9.763E-12  1.270E-01
    1155      1     96      1     53      1       8     1.1407E+03  1.910E-12  3.703E-12  1.260E-01
    1176      1     97      1     52      1       8     1.1410E+03  5.303E-13  9.993E-13  1.303E-01
    1177      1     97      1     54      1       8     1.1410E+03  3.504E-12  6.837E-12  1.259E-01
    1263      1    102      1     54      1       8     1.1429E+03  7.406E-13  1.506E-12  1.261E-01
    1626      1    120      1     51      1       8     1.1526E+03  1.537E-12  3.728E-12  1.313E-01
    1661      1    121      1     52      1       8     1.1526E+03  2.876E-12  6.970E-12  1.315E-01
    1689      1    122      1     51      1       8     1.1533E+03  6.917E-13  1.704E-12  1.315E-01
    1717      1    123      1     52      1       8     1.1534E+03  1.807E-12  4.456E-12  1.317E-01
    1749      1    124      1     52      1       8     1.1543E+03  5.218E-13  1.312E-12  1.316E-01
    1909      1    132      1    131      1       9     9.0508E+02  6.106E-05  2.968E-07  1.121E-01
    1911      1    133      1    132      1       9     9.7030E+00  1.409E-03  8.846E-09  1.336E-03
    1912      1    134      1    131      1       9     9.1482E+02  1.756E+01  1.286E-01  1.132E-01
    1913      1    134      1    132      1       9     9.7402E+00  4.001E-03  3.191E-08  1.344E-03
    1915      1    135      1    131      1       9     9.1501E+02  1.527E-02  8.994E-05  1.132E-01
    1916      1    135      1    132      1       9     9.9323E+00  7.175E-03  4.236E-08  1.361E-03
    1922      1    136      1    134      1       9     5.1824E-01  7.658E-12  1.000E-30  3.453E-04
    1924      1    137      1    131      1       9     9.2202E+02  8.203E+02  1.967E+02  1.198E-01
    1925      1    137      1    132      1       9     1.6939E+01  1.889E-05  3.008E-12  7.949E-03
    1929      1    137      1    136      1       9     6.6803E+00  9.851E-04  1.597E-09  6.839E-03
    1932      1    138      1    133      1       9     1.5434E+02  2.644E-03  1.948E-09  1.772E-02
    1933      1    138      1    134      1       9     1.5430E+02  7.926E-03  5.515E-09  1.772E-02
    1934      1    138      1    135      1       9     1.5411E+02  1.316E-02  9.699E-09  1.770E-02
    1936      1    138      1    137      1       9     1.4710E+02  2.948E-06  1.953E-12  2.278E-02
    1937      1    139      1    131      1       9     1.0718E+03  3.353E-03  2.317E-02  1.221E-01
    1938      1    139      1    132      1       9     1.6673E+02  1.639E-01  2.902E-08  8.991E-02
    1941      1    139      1    136      1       9     1.5648E+02  2.361E-05  2.331E-11  1.797E-02
    1943      1    139      1    138      1       9     2.6959E+00  2.442E-07  1.145E-12  7.276E-02
    1948      1    140      1    134      1       9     1.5701E+02  4.545E-06  2.604E-12  1.801E-02
    1951      1    140      1    137      1       9     1.4981E+02  8.405E-03  4.592E-09  2.306E-02
    1955      1    141      1    133      1       9     1.5857E+02  5.813E-02  7.037E-08  1.813E-02
    1956      1    141      1    134      1       9     1.5853E+02  1.743E-01  1.086E-07  3.324E-02
    1957      1    141      1    135      1       9     1.5834E+02  2.905E-01  2.351E-07  2.708E-02
    1959      1    141      1    137      1       9     1.5133E+02  3.687E-03  3.660E-09  2.550E-02
    1961      1    141      1    139      1       9     1.5355E+00  1.795E-08  1.259E-12  5.708E-02
    1963      1    142      1    131      1       9     1.0738E+03  2.915E-01  3.916E+01  1.240E-01
    1964      1    142      1    132      1       9     1.6869E+02  4.300E-05  2.377E-11  2.092E-02
    1968      1    142      1    136      1       9     1.5843E+02  6.633E-02  4.300E-08  1.981E-02
    1970      1    142      1    138      1       9     4.6532E+00  4.989E-10  1.000E-30  3.890E-03
    1971      1    142      1    140      1       9     1.9404E+00  2.984E-08  1.043E-12  3.595E-03
    1972      1    142      1    141      1       9     4.2177E-01  1.876E-12  1.000E-30  6.074E-03
    1976      1    143      1    134      1       9     1.5918E+02  4.070E-03  3.117E-09  1.818E-02
    1977      1    143      1    135      1       9     1.5899E+02  1.867E-03  1.514E-09  1.816E-02
    1979      1    143      1    137      1       9     1.5198E+02  2.345E-01  1.712E-07  2.323E-02
    1981      1    143      1    139      1       9     2.1891E+00  8.519E-10  4.683E-16  6.389E-02
    1983      1    143      1    142      1       9     2.3184E-01  8.551E-11  1.471E-11  3.345E-03
    1986      1    144      1    133      1       9     2.1068E+02  1.177E-04  2.769E-10  2.570E-02
    1987      1    144      1    134      1       9     2.1064E+02  3.533E-04  2.307E-10  8.692E-02
    1988      1    144      1    135      1       9     2.1045E+02  5.868E-04  1.378E-09  2.568E-02
    1990      1    144      1    137      1       9     2.0344E+02  3.817E-04  3.217E-10  8.009E-02
    1992      1    144      1    139      1       9     5.3644E+01  1.996E-04  3.711E-12  8.852E-02
    1995      1    144      1    142      1       9     5.1687E+01  5.866E-05  2.145E-12  6.889E-02
    1997      1    145      1    131      1       9     1.1265E+03  2.425E-02  8.680E+00  1.880E-01
    1998      1    145      1    132      1       9     2.2141E+02  8.748E-03  8.883E-09  6.780E-02
    2001      1    145      1    136      1       9     2.1116E+02  2.406E-03  2.317E-09  7.582E-02
    2003      1    145      1    138      1       9     5.7375E+01  8.797E-04  3.343E-11  4.707E-02
    2005      1    145      1    140      1       9     5.4663E+01  2.543E-04  1.178E-11  5.114E-02
    2006      1    145      1    141      1       9     5.3144E+01  9.536E-05  7.137E-13  1.530E-01
    2008      1    145      1    143      1       9     5.2490E+01  2.388E-05  1.325E-13  3.321E-01
    2009      1    145      1    144      1       9     1.0350E+00  2.358E-09  1.281E-14  2.853E-01
    2019      1    147      1    141      1       9     5.3800E+01  3.670E-03  7.635E-12  5.132E-01
    2021      1    147      1    143      1       9     5.3146E+01  3.129E-03  1.001E-11  5.376E-01
    2025      1    146      1    133      1       9     2.1228E+02  4.191E-04  1.013E-09  2.538E-02
    2026      1    146      1    134      1       9     2.1224E+02  3.883E-03  7.251E-09  3.106E-02
    2027      1    146      1    135      1       9     2.1205E+02  1.512E-02  2.485E-08  3.732E-02
    2029      1    146      1    137      1       9     2.0505E+02  1.038E-02  2.215E-08  3.215E-02
    2031      1    146      1    139      1       9     5.5250E+01  1.745E-03  4.343E-11  6.366E-02
    2034      1    146      1    142      1       9     5.3293E+01  8.586E-04  1.661E-10  1.235E-02
    2037      1    146      1    145      1       9     5.7043E-01  3.248E-10  1.000E-30  2.626E-02
    2041      1    148      1    133      1       9     2.3620E+02  2.406E-05  8.151E-11  3.249E-02
    2042      1    148      1    134      1       9     2.3617E+02  7.219E-05  1.121E-10  6.632E-02
    2043      1    148      1    135      1       9     2.3597E+02  1.199E-04  4.055E-10  3.247E-02
    2045      1    148      1    137      1       9     2.2897E+02  9.626E-05  1.946E-10  6.003E-02
    2047      1    148      1    139      1       9     7.9172E+01  5.366E-05  8.423E-13  8.955E-02
    2050      1    148      1    142      1       9     7.7215E+01  1.802E-05  8.099E-13  4.563E-02
    2053      1    148      1    145      1       9     2.4493E+01  1.592E-05  1.694E-13  2.709E-01
    2055      1    149      1    131      1       9     1.1515E+03  8.650E-03  4.359E+00  1.809E-01
    2056      1    149      1    132      1       9     2.4643E+02  1.980E-03  4.487E-09  5.472E-02
    2057      1    149      1    136      1       9     2.3617E+02  5.542E-04  1.234E-09  5.821E-02
    2058      1    149      1    138      1       9     8.2392E+01  2.635E-04  1.160E-11  3.593E-02
    2060      1    149      1    140      1       9     7.9679E+01  7.946E-05  4.122E-12  3.835E-02
    2061      1    149      1    141      1       9     7.8160E+01  2.413E-05  2.597E-13  9.121E-02
    2063      1    149      1    143      1       9     7.7507E+01  6.432E-06  5.557E-14  1.749E-01
    2064      1    149      1    144      1       9     2.6051E+01  4.996E-05  1.888E-13  7.173E-01
    2067      1    149      1    146      1       9     2.4446E+01  1.182E-05  9.032E-14  3.989E-01
    2068      1    149      1    148      1       9     5.2350E-01  1.568E-10  4.174E-15  1.512E-01
    2071      1    150      1    134      1       9     2.3681E+02  7.858E-04  2.590E-09  3.174E-02
    2072      1    150      1    135      1       9     2.3662E+02  3.074E-03  1.071E-08  3.171E-02
    2074      1    150      1    137      1       9     2.2961E+02  2.135E-03  7.060E-09  3.679E-02
    2076      1    150      1    139      1       9     7.9816E+01  4.746E-04  9.124E-12  7.242E-02
    2079      1    150      1    142      1       9     7.7858E+01  2.465E-04  2.867E-11  1.690E-02
    2082      1    150      1    145      1       9     2.5136E+01  9.546E-05  2.928E-13  8.897E-01
    2083      1    150      1    147      1       9     2.4480E+01  4.834E-06  2.609E-14  5.732E-01
    2086      1    150      1    149      1       9     1.1969E-01  9.565E-13  1.000E-30  2.800E-02
    2087      1    150      1    133      1       9     2.3685E+02  8.519E-05  2.975E-10  3.173E-02
    2092      1    151      1    141      1       9     7.8555E+01  6.876E-04  1.196E-12  5.536E-01
    2094      1    151      1    143      1       9     7.7901E+01  5.902E-04  1.636E-12  5.346E-01
    2097      1    151      1    146      1       9     2.4841E+01  2.615E-04  1.067E-12  7.085E-01
    2099      1    151      1    150      1       9     2.7499E-01  6.215E-12  2.399E-17  6.143E-01
    2105      1    152      1    147      1       9     2.5212E+01  3.146E-04  1.352E-12  6.636E-01
    2108      1    152      1    151      1       9     4.5655E-01  9.283E-12  1.402E-17  5.584E-01
    2109      1    153      1    131      1       9     1.1649E+03  5.005E-03  3.711E+00  1.636E-01
    2110      1    153      1    132      1       9     2.5979E+02  8.251E-04  2.854E-09  4.697E-02
    2111      1    153      1    138      1       9     9.5753E+01  9.882E-05  5.025E-12  2.994E-02
    2112      1    153      1    141      1       9     9.1522E+01  9.471E-06  1.541E-13  5.944E-02
    2113      1    153      1    144      1       9     3.9413E+01  2.483E-05  3.588E-14  1.013E+00
    2116      1    153      1    146      1       9     3.7807E+01  5.860E-06  5.668E-14  1.611E-01
    2117      1    153      1    148      1       9     1.3885E+01  4.425E-06  6.304E-14  4.408E-01
    2119      1    153      1    150      1       9     1.3241E+01  2.089E-06  8.859E-14  1.644E-01
    2121      1    153      1    136      1       9     2.4953E+02  3.176E-04  1.086E-09  4.932E-02
    2122      1    153      1    140      1       9     9.3040E+01  3.530E-05  2.033E-12  3.310E-02
    2123      1    153      1    143      1       9     9.0868E+01  2.626E-06  4.758E-14  8.123E-02
    2125      1    154      1    133      1       9     2.5020E+02  8.546E-06  2.995E-11  4.136E-02
    2126      1    154      1    134      1       9     2.5017E+02  2.561E-05  5.572E-11  6.320E-02
    2127      1    154      1    135      1       9     2.4997E+02  4.255E-05  1.487E-10  4.134E-02
    2128      1    154      1    137      1       9     2.4297E+02  4.385E-05  1.204E-10  5.781E-02
    2129      1    154      1    139      1       9     9.3172E+01  2.176E-05  3.114E-13  9.692E-02
    2130      1    154      1    142      1       9     9.1214E+01  8.323E-06  3.902E-13  4.164E-02
    2132      1    154      1    145      1       9     3.8492E+01  8.805E-06  2.446E-14  5.265E-01
    2135      1    154      1    149      1       9     1.3476E+01  2.397E-06  1.348E-13  1.173E-01
    2137      1    154      1    153      1       9     1.1458E-01  1.027E-12  2.606E-16  1.987E-01
    2139      1    155      1    141      1       9     9.2082E+01  5.314E-04  1.264E-12  3.996E-01
    2140      1    155      1    143      1       9     9.1429E+01  1.725E-04  4.376E-13  5.699E-01
    2143      1    155      1    146      1       9     3.8368E+01  1.761E-04  4.586E-13  5.794E-01
    2145      1    155      1    150      1       9     1.3802E+01  3.771E-05  4.041E-13  5.838E-01
    2147      1    155      1    152      1       9     1.3071E+01  4.889E-07  6.117E-15  5.815E-01
    2150      1    156      1    133      1       9     2.5067E+02  2.879E-04  1.042E-09  4.025E-02
    2151      1    156      1    134      1       9     2.5064E+02  8.640E-04  2.757E-09  4.307E-02
    2152      1    156      1    135      1       9     2.5045E+02  1.435E-03  4.982E-09  4.183E-02
    2153      1    156      1    137      1       9     2.4344E+02  8.067E-04  2.613E-09  4.881E-02
    2154      1    156      1    139      1       9     9.3643E+01  3.415E-04  4.954E-12  9.489E-02
    2155      1    156      1    142      1       9     9.1686E+01  1.109E-04  7.245E-12  2.889E-02
    2157      1    156      1    145      1       9     3.8964E+01  8.623E-05  1.466E-13  8.386E-01
    2158      1    156      1    147      1       9     3.8308E+01  2.138E-06  5.799E-15  5.742E-01
    2161      1    156      1    149      1       9     1.3948E+01  1.635E-05  2.286E-13  4.333E-01
    2163      1    156      1    151      1       9     1.3553E+01  1.398E-06  1.455E-14  6.387E-01
    2165      1    156      1    153      1       9     5.8638E-01  1.915E-10  3.260E-15  9.855E-02
    2169      1    157      1    147      1       9     3.8326E+01  2.419E-04  6.413E-13  5.801E-01
    2172      1    157      1    151      1       9     1.3571E+01  6.999E-05  7.027E-13  6.447E-01
    2179      1    158      1    152      1       9     1.3119E+01  1.124E-04  4.761E-11  1.360E-02
    2182      1    159      1    131      1       9     1.1731E+03  4.021E-03  1.901E+00  2.088E-01
    2183      1    159      1    132      1       9     2.6797E+02  4.058E-04  1.009E-09  7.568E-02
    2184      1    159      1    136      1       9     2.5772E+02  1.783E-04  3.887E-10  8.937E-02
    2185      1    159      1    138      1       9     1.0394E+02  5.227E-05  1.368E-12  5.866E-02
    2186      1    159      1    140      1       9     1.0122E+02  2.044E-05  5.347E-13  7.304E-02
    2187      1    159      1    141      1       9     9.9705E+01  4.756E-06  2.827E-14  1.620E-01
    2188      1    159      1    143      1       9     9.9051E+01  1.385E-06  7.230E-15  2.763E-01
    2189      1    159      1    144      1       9     4.7596E+01  1.522E-05  3.347E-14  5.155E-01
    2190      1    159      1    146      1       9     4.5990E+01  3.220E-06  5.764E-15  6.636E-01
    2191      1    159      1    148      1       9     2.2068E+01  3.799E-06  7.724E-14  1.358E-01
    2193      1    159      1    150      1       9     2.1424E+01  1.478E-06  6.424E-15  6.685E-01
    2196      1    159      1    154      1       9     8.0684E+00  7.281E-07  2.821E-14  3.889E-01
    2198      1    159      1    156      1       9     7.5966E+00  4.284E-07  1.127E-14  6.600E-01
    2200      1    160      1    133      1       9     2.5838E+02  3.879E-06  1.168E-11  5.441E-02
    2201      1    160      1    134      1       9     2.5835E+02  1.165E-05  2.601E-11  7.045E-02
    2202      1    160      1    135      1       9     2.5815E+02  1.934E-05  5.810E-11  5.438E-02
    2203      1    160      1    139      1       9     1.0135E+02  1.091E-05  1.374E-13  1.095E-01
    2204      1    160      1    142      1       9     9.9394E+01  4.892E-06  1.868E-13  4.840E-02
    2205      1    160      1    145      1       9     4.6672E+01  5.010E-06  8.361E-15  6.736E-01
    2207      1    160      1    149      1       9     2.1656E+01  1.731E-06  1.945E-14  2.506E-01
    2209      1    160      1    153      1       9     8.2945E+00  5.799E-07  8.855E-14  9.234E-02
    2212      1    160      1    159      1       9     1.1154E-01  7.028E-13  5.335E-16  5.310E-02
    2214      1    161      1    133      1       9     2.5848E+02  1.415E-04  4.396E-10  5.289E-02
    2215      1    161      1    134      1       9     2.5845E+02  4.234E-04  1.206E-09  5.464E-02
    2216      1    161      1    135      1       9     2.5826E+02  7.013E-04  2.137E-09  5.387E-02
    2217      1    161      1    137      1       9     2.5125E+02  4.127E-04  1.221E-09  6.015E-02
    2218      1    161      1    139      1       9     1.0145E+02  1.773E-04  2.274E-12  1.075E-01
    2219      1    161      1    142      1       9     9.9496E+01  5.893E-05  2.597E-12  4.023E-02
    2220      1    161      1    145      1       9     4.6774E+01  4.982E-05  6.507E-14  8.559E-01
    2221      1    161      1    147      1       9     4.6118E+01  1.045E-06  2.138E-15  5.904E-01
    2223      1    161      1    149      1       9     2.1757E+01  1.238E-05  7.651E-14  4.478E-01
    2225      1    161      1    151      1       9     2.1363E+01  8.093E-07  3.623E-15  6.571E-01
    2227      1    161      1    153      1       9     8.3961E+00  2.930E-06  2.183E-13  1.863E-01
    2229      1    161      1    155      1       9     7.8355E+00  3.632E-07  1.022E-14  5.829E-01
    2232      1    161      1    159      1       9     2.1316E-01  8.475E-12  1.305E-15  5.219E-02
    2234      1    160      1    137      1       9     2.5115E+02  2.722E-05  8.078E-11  5.947E-02
    2236      1    162      1    141      1       9     1.0012E+02  2.548E-04  4.338E-12  5.523E-02
    2237      1    162      1    143      1       9     9.9471E+01  8.277E-05  3.109E-12  3.504E-02
    2238      1    162      1    146      1       9     4.6410E+01  9.502E-05  2.610E-12  3.985E-02
    2240      1    162      1    150      1       9     2.1844E+01  2.722E-05  1.879E-12  3.180E-02
    2242      1    162      1    152      1       9     2.1113E+01  2.598E-07  2.117E-14  2.956E-02
    2245      1    162      1    156      1       9     8.0166E+00  5.512E-06  1.499E-12  5.114E-02
    2246      1    162      1    157      1       9     7.9980E+00  2.398E-07  8.334E-14  3.438E-02
    2249      1    162      1    161      1       9     2.0685E-01  4.046E-12  7.192E-16  5.609E-02
    2251      1    163      1    147      1       9     4.6340E+01  1.073E-04  2.161E-13  5.922E-01
    2253      1    163      1    151      1       9     2.1585E+01  4.245E-05  1.844E-13  6.594E-01
    2255      1    163      1    155      1       9     8.0583E+00  1.059E-05  2.760E-13  5.851E-01
    2258      1    163      1    158      1       9     8.0096E+00  9.286E-08  3.842E-14  2.929E-02
    2263      1    164      1    152      1       9     2.1133E+01  4.436E-05  4.505E-12  2.342E-02
    2265      1    164      1    157      1       9     8.0176E+00  1.801E-05  7.417E-12  2.876E-02
    2270      1    165      1    133      1       9     2.6417E+02  1.914E-06  4.526E-12  7.373E-02
    2271      1    165      1    134      1       9     2.6413E+02  5.751E-06  1.118E-11  8.707E-02
    2272      1    165      1    135      1       9     2.6394E+02  9.547E-06  2.251E-11  7.371E-02
    2273      1    165      1    139      1       9     1.0714E+02  6.115E-06  6.515E-14  1.286E-01
    2274      1    165      1    142      1       9     1.0518E+02  3.430E-06  9.175E-14  6.422E-02
    2275      1    165      1    145      1       9     5.2461E+01  3.195E-06  3.956E-15  7.820E-01
    2276      1    165      1    149      1       9     2.7445E+01  1.243E-06  6.822E-15  3.430E-01
    2277      1    165      1    153      1       9     1.4083E+01  5.495E-07  3.269E-14  7.688E-02
    2280      1    165      1    159      1       9     5.9005E+00  2.380E-07  1.051E-14  5.769E-01
    2283      1    165      1    137      1       9     2.5694E+02  2.074E-05  4.921E-11  7.878E-02
    2285      1    166      1    133      1       9     2.6436E+02  7.897E-05  1.929E-10  7.182E-02
    2286      1    166      1    134      1       9     2.6432E+02  2.369E-04  5.398E-10  7.292E-02
    2287      1    166      1    135      1       9     2.6413E+02  3.935E-04  9.520E-10  7.244E-02
    2288      1    166      1    137      1       9     2.5712E+02  2.502E-04  6.060E-10  7.829E-02
    2289      1    166      1    139      1       9     1.0733E+02  1.052E-04  1.141E-12  1.264E-01
    2290      1    166      1    142      1       9     1.0537E+02  3.642E-05  1.046E-12  5.838E-02
    2291      1    166      1    145      1       9     5.2650E+01  3.252E-05  3.553E-14  8.817E-01
    2292      1    166      1    147      1       9     5.1993E+01  6.168E-07  1.042E-15  6.117E-01
    2293      1    166      1    149      1       9     2.7633E+01  9.520E-06  3.727E-14  4.701E-01
    2294      1    166      1    151      1       9     2.7238E+01  5.334E-07  1.522E-15  6.791E-01
    2295      1    166      1    153      1       9     1.4272E+01  3.286E-06  8.162E-14  2.073E-01
    2297      1    166      1    155      1       9     1.3711E+01  3.457E-07  3.215E-15  6.074E-01
    2300      1    166      1    159      1       9     6.0890E+00  1.104E-06  3.589E-14  7.290E-01
    2303      1    166      1    162      1       9     5.6689E+00  1.942E-07  5.925E-14  7.231E-02
    2307      1    167      1    141      1       9     1.0582E+02  1.449E-04  1.801E-12  7.353E-02
    2308      1    167      1    143      1       9     1.0517E+02  4.714E-05  1.108E-12  5.309E-02
    2309      1    167      1    146      1       9     5.2109E+01  5.838E-05  9.011E-13  5.819E-02
    2310      1    167      1    150      1       9     2.7543E+01  1.930E-05  5.510E-13  4.983E-02
    2311      1    167      1    152      1       9     2.6811E+01  1.528E-07  4.925E-15  4.760E-02
    2314      1    167      1    156      1       9     1.3715E+01  5.982E-06  4.171E-13  6.958E-02
    2315      1    167      1    157      1       9     1.3696E+01  1.838E-07  1.486E-14  5.267E-02
    2318      1    167      1    161      1       9     5.9053E+00  2.138E-06  5.915E-13  7.522E-02
    2320      1    167      1    163      1       9     5.6825E+00  1.445E-07  4.728E-14  6.134E-02
    2324      1    168      1    147      1       9     5.2036E+01  5.904E-05  9.980E-14  6.099E-01
    2325      1    168      1    151      1       9     2.7281E+01  2.727E-05  7.761E-14  6.776E-01
    2326      1    168      1    155      1       9     1.3754E+01  1.023E-05  9.457E-14  6.055E-01
    2329      1    168      1    158      1       9     1.3705E+01  5.859E-08  5.416E-15  4.670E-02
    2331      1    168      1    162      1       9     5.7118E+00  3.390E-06  1.097E-12  6.078E-02
    2333      1    168      1    164      1       9     5.6922E+00  8.444E-08  3.113E-14  5.469E-02
    2337      1    169      1    152      1       9     2.6828E+01  2.324E-05  9.081E-13  3.961E-02
    2339      1    169      1    157      1       9     1.3713E+01  1.412E-05  1.339E-12  4.507E-02
    2342      1    169      1    163      1       9     5.6990E+00  5.593E-06  2.066E-12  5.374E-02
    2346      1    170      1    131      1       9     1.1793E+03  3.157E-03  1.398E+00  2.024E-01
    2347      1    170      1    132      1       9     2.7419E+02  2.242E-04  5.763E-10  7.770E-02
    2348      1    170      1    136      1       9     2.6393E+02  1.178E-04  3.084E-10  7.882E-02
    2349      1    170      1    138      1       9     1.1015E+02  3.103E-05  6.993E-13  6.066E-02
    2350      1    170      1    140      1       9     1.0744E+02  1.368E-05  3.739E-13  6.259E-02
    2351      1    170      1    141      1       9     1.0592E+02  2.775E-06  2.997E-14  8.538E-02
    2352      1    170      1    143      1       9     1.0526E+02  8.484E-07  1.297E-14  9.197E-02
    2353      1    170      1    144      1       9     5.3809E+01  1.028E-05  8.819E-15  1.131E+00
    2354      1    170      1    146      1       9     5.2204E+01  2.041E-06  1.421E-14  1.450E-01
    2355      1    170      1    148      1       9     2.8281E+01  3.096E-06  1.033E-14  5.363E-01
    2356      1    170      1    150      1       9     2.7638E+01  1.085E-06  1.366E-14  1.491E-01
    2358      1    170      1    154      1       9     1.4282E+01  9.961E-07  1.774E-14  2.898E-01
    2360      1    170      1    156      1       9     1.3810E+01  5.121E-07  2.007E-14  1.399E-01
    2362      1    170      1    160      1       9     6.1018E+00  3.378E-07  4.470E-14  1.783E-01
    2363      1    170      1    161      1       9     6.0002E+00  2.882E-07  4.559E-14  1.548E-01
    2365      1    170      1    165      1       9     3.1289E-01  2.847E-11  1.569E-15  1.245E-01
    2366      1    170      1    166      1       9     1.2442E-01  1.728E-12  7.445E-16  1.096E-01
    2369      1    171      1    133      1       9     2.6762E+02  8.890E-07  1.561E-12  1.014E-01
    2370      1    171      1    134      1       9     2.6758E+02  2.673E-06  4.058E-12  1.149E-01
    2371      1    171      1    135      1       9     2.6739E+02  4.424E-06  7.746E-12  1.014E-01
    2372      1    171      1    139      1       9     1.1059E+02  3.495E-06  3.052E-14  1.562E-01
    2373      1    171      1    142      1       9     1.0863E+02  2.818E-06  5.064E-14  8.969E-02
    2374      1    171      1    145      1       9     5.5906E+01  2.104E-06  2.156E-15  8.828E-01
    2375      1    171      1    149      1       9     3.0889E+01  8.370E-07  3.100E-15  4.228E-01
    2376      1    171      1    153      1       9     1.7528E+01  3.821E-07  8.935E-15  1.456E-01
    2377      1    171      1    159      1       9     9.3451E+00  1.778E-07  2.882E-15  6.608E-01
    2382      1    171      1    170      1       9     3.1317E+00  2.948E-08  1.517E-14  1.217E-01
    2383      1    171      1    137      1       9     2.6038E+02  1.975E-05  3.555E-11  1.064E-01
    2384      1    172      1    131      1       9     1.1825E+03  3.246E-03  9.635E-01  2.305E-01
    2385      1    172      1    132      1       9     2.7741E+02  1.294E-04  2.518E-10  1.044E-01
    2386      1    172      1    136      1       9     2.6715E+02  9.449E-05  1.887E-10  1.049E-01
    2387      1    172      1    138      1       9     1.1337E+02  1.899E-05  2.841E-13  8.740E-02
    2388      1    172      1    140      1       9     1.1066E+02  1.031E-05  1.888E-13  8.867E-02
    2389      1    172      1    141      1       9     1.0914E+02  1.710E-06  1.376E-14  1.100E-01
    2390      1    172      1    143      1       9     1.0848E+02  5.690E-07  6.998E-15  1.083E-01
    2391      1    172      1    144      1       9     5.7029E+01  6.852E-06  5.135E-15  1.221E+00
    2392      1    172      1    146      1       9     5.5424E+01  1.292E-06  8.158E-15  1.457E-01
    2393      1    172      1    148      1       9     3.1501E+01  2.113E-06  5.327E-15  6.060E-01
    2394      1    172      1    150      1       9     3.0858E+01  6.885E-07  7.055E-15  1.497E-01
    2395      1    172      1    154      1       9     1.7502E+01  7.206E-07  7.410E-15  3.517E-01
    2396      1    172      1    156      1       9     1.7030E+01  3.343E-07  8.598E-15  1.404E-01
    2398      1    172      1    160      1       9     9.3221E+00  2.707E-07  1.214E-14  2.368E-01
    2399      1    172      1    161      1       9     9.2204E+00  1.871E-07  1.245E-14  1.560E-01
    2401      1    172      1    165      1       9     3.5331E+00  5.468E-08  1.852E-14  1.859E-01
    2402      1    172      1    166      1       9     3.3446E+00  4.601E-08  1.820E-14  1.760E-01
    2405      1    172      1    171      1       9     8.8530E-02  5.406E-13  2.507E-16  1.691E-01
    2407      1    173      1    133      1       9     2.6775E+02  4.772E-05  8.616E-11  9.915E-02
    2408      1    173      1    134      1       9     2.6772E+02  1.430E-04  2.425E-10  9.992E-02
    2409      1    173      1    135      1       9     2.6753E+02  2.375E-04  4.262E-10  9.959E-02
    2410      1    173      1    137      1       9     2.6052E+02  1.766E-04  3.254E-10  1.052E-01
    2411      1    173      1    139      1       9     1.1072E+02  6.577E-05  5.846E-13  1.537E-01
    2412      1    173      1    142      1       9     1.0877E+02  2.491E-05  4.714E-13  8.532E-02
    2413      1    173      1    145      1       9     5.6044E+01  2.145E-05  2.099E-14  9.220E-01
    2414      1    173      1    147      1       9     5.5388E+01  3.791E-07  5.750E-16  6.404E-01
    2415      1    173      1    149      1       9     3.1028E+01  6.548E-06  2.027E-14  5.023E-01
    2416      1    173      1    151      1       9     3.0633E+01  3.321E-07  7.539E-16  7.080E-01
    2417      1    173      1    153      1       9     1.7666E+01  2.408E-06  3.582E-14  2.369E-01
    2418      1    173      1    155      1       9     1.7106E+01  2.229E-07  1.339E-15  6.368E-01
    2419      1    173      1    159      1       9     9.4835E+00  9.158E-07  1.255E-14  7.583E-01
    2422      1    173      1    162      1       9     9.0635E+00  1.380E-07  1.202E-14  9.782E-02
    2426      1    173      1    167      1       9     3.3650E+00  4.308E-08  2.052E-14  1.150E-01
    2428      1    173      1    170      1       9     3.2701E+00  1.272E-07  4.524E-14  2.126E-01
    2432      1    174      1    141      1       9     1.0922E+02  8.948E-05  7.893E-13  1.001E-01
    2433      1    174      1    143      1       9     1.0857E+02  2.922E-05  4.414E-13  7.949E-02
    2434      1    174      1    146      1       9     5.5510E+01  3.715E-05  3.512E-13  8.475E-02
    2435      1    174      1    150      1       9     3.0945E+01  1.281E-05  1.953E-13  7.622E-02
    2436      1    174      1    152      1       9     3.0213E+01  8.978E-08  1.506E-15  7.398E-02
    2437      1    174      1    156      1       9     1.7117E+01  4.363E-06  1.424E-13  9.621E-02
    2438      1    174      1    157      1       9     1.7098E+01  1.096E-07  3.910E-15  7.922E-02
    2440      1    174      1    161      1       9     9.3071E+00  1.774E-06  1.484E-13  1.018E-01
    2442      1    174      1    163      1       9     9.0843E+00  9.232E-08  8.623E-15  8.782E-02
    2444      1    174      1    166      1       9     3.4313E+00  3.264E-07  1.493E-13  1.162E-01
    2446      1    174      1    168      1       9     3.3885E+00  3.650E-08  1.838E-14  1.040E-01
    2452      1    175      1    147      1       9     5.5429E+01  3.519E-05  5.328E-14  6.351E-01
    2453      1    175      1    151      1       9     3.0674E+01  1.699E-05  3.873E-14  7.038E-01
    2454      1    175      1    155      1       9     1.7146E+01  6.962E-06  4.193E-14  6.320E-01
    2455      1    175      1    158      1       9     1.7098E+01  3.107E-08  1.232E-15  7.226E-02
    2457      1    175      1    162      1       9     9.1041E+00  2.764E-06  2.604E-13  8.640E-02
    2459      1    175      1    164      1       9     9.0845E+00  4.644E-08  4.785E-15  8.025E-02
    2461      1    175      1    167      1       9     3.4056E+00  5.547E-07  2.763E-13  1.032E-01
    2463      1    175      1    169      1       9     3.3892E+00  2.557E-08  1.410E-14  9.524E-02
    2467      1    176      1    152      1       9     3.0298E+01  1.297E-05  2.519E-13  6.378E-02
    2468      1    176      1    157      1       9     1.7183E+01  8.624E-06  3.501E-13  6.931E-02
    2470      1    176      1    163      1       9     9.1695E+00  4.182E-06  4.323E-13  7.801E-02
    2473      1    176      1    168      1       9     3.4737E+00  9.695E-07  5.108E-13  9.405E-02
    2478      1    177      1    133      1       9     2.7024E+02  1.908E-07  2.489E-13  1.397E-01
    2479      1    177      1    134      1       9     2.7020E+02  5.865E-07  6.476E-13  1.653E-01
    2480      1    177      1    135      1       9     2.7001E+02  9.470E-07  1.232E-12  1.397E-01
    2481      1    177      1    139      1       9     1.1321E+02  1.707E-06  1.199E-14  1.947E-01
    2482      1    177      1    145      1       9     5.8528E+01  1.536E-06  1.382E-15  9.843E-01
    2483      1    177      1    149      1       9     3.3511E+01  6.044E-07  1.674E-15  5.098E-01
    2484      1    177      1    153      1       9     2.0150E+01  2.827E-07  3.609E-15  2.144E-01
    2485      1    177      1    159      1       9     1.1967E+01  1.388E-07  1.270E-15  7.560E-01
    2488      1    177      1    170      1       9     5.7538E+00  3.968E-08  4.743E-15  1.840E-01
    2490      1    177      1    172      1       9     2.5335E+00  1.862E-08  9.169E-15  1.860E-01
    2492      1    178      1    131      1       9     1.1851E+03  3.161E-03  8.302E-01  2.665E-01
    2493      1    178      1    132      1       9     2.8001E+02  6.169E-05  8.992E-11  1.423E-01
    2494      1    178      1    136      1       9     2.6975E+02  1.086E-04  1.627E-10  1.423E-01
    2495      1    178      1    138      1       9     1.1597E+02  1.073E-05  1.099E-13  1.253E-01
    2496      1    178      1    140      1       9     1.1325E+02  1.036E-05  1.306E-13  1.261E-01
    2497      1    178      1    141      1       9     1.1174E+02  1.084E-06  6.382E-15  1.471E-01
    2498      1    178      1    143      1       9     1.1108E+02  4.367E-07  4.045E-15  1.388E-01
    2499      1    178      1    144      1       9     5.9627E+01  4.925E-06  3.277E-15  1.340E+00
    2500      1    178      1    146      1       9     5.8022E+01  8.685E-07  4.359E-15  1.678E-01
    2501      1    178      1    148      1       9     3.4099E+01  1.551E-06  3.111E-15  6.925E-01
    2502      1    178      1    150      1       9     3.3456E+01  4.705E-07  3.577E-15  1.715E-01
    2503      1    178      1    154      1       9     2.0100E+01  5.566E-07  3.808E-15  4.226E-01
    2504      1    178      1    156      1       9     1.9628E+01  2.392E-07  3.891E-15  1.619E-01
    2505      1    178      1    160      1       9     1.1920E+01  2.303E-07  5.245E-15  3.004E-01
    2506      1    178      1    161      1       9     1.1819E+01  1.413E-07  4.897E-15  1.776E-01
    2507      1    178      1    165      1       9     6.1312E+00  7.183E-08  6.451E-15  2.455E-01
    2508      1    178      1    166      1       9     5.9427E+00  5.316E-08  5.846E-15  1.981E-01
    2511      1    178      1    171      1       9     2.6866E+00  2.518E-08  1.074E-14  2.297E-01
    2513      1    178      1    173      1       9     2.5482E+00  2.380E-08  1.149E-14  2.257E-01
    2516      1    177      1    137      1       9     2.6300E+02  2.926E-05  3.992E-11  1.448E-01
    2517      1    177      1    142      1       9     1.1125E+02  3.236E-06  4.113E-14  1.249E-01
    2519      1    179      1    133      1       9     2.7034E+02  2.759E-05  3.685E-11  1.371E-01
    2520      1    179      1    134      1       9     2.7031E+02  8.253E-05  1.038E-10  1.376E-01
    2521      1    179      1    135      1       9     2.7011E+02  1.374E-04  1.827E-10  1.374E-01
    2522      1    179      1    137      1       9     2.6311E+02  1.591E-04  2.218E-10  1.429E-01
    2523      1    179      1    139      1       9     1.1331E+02  4.100E-05  2.932E-13  1.917E-01
    2524      1    179      1    142      1       9     1.1136E+02  2.022E-05  2.610E-13  1.230E-01
    2525      1    179      1    145      1       9     5.8633E+01  1.478E-05  1.317E-14  9.935E-01
    2526      1    179      1    147      1       9     5.7977E+01  2.484E-07  3.465E-16  6.796E-01
    2527      1    179      1    149      1       9     3.3617E+01  4.675E-06  1.186E-14  5.539E-01
    2528      1    179      1    151      1       9     3.3222E+01  2.205E-07  4.317E-16  7.473E-01
    2529      1    179      1    153      1       9     2.0256E+01  1.806E-06  1.819E-14  2.792E-01
    2530      1    179      1    155      1       9     1.9695E+01  1.527E-07  6.911E-16  6.760E-01
    2531      1    179      1    159      1       9     1.2073E+01  7.477E-07  6.313E-15  8.083E-01
    2532      1    179      1    162      1       9     1.1653E+01  1.009E-07  3.990E-15  1.346E-01
    2535      1    179      1    167      1       9     5.9542E+00  4.634E-08  5.527E-15  1.518E-01
    2537      1    179      1    170      1       9     5.8593E+00  1.825E-07  1.766E-14  2.520E-01
    2539      1    179      1    172      1       9     2.6391E+00  7.210E-08  3.059E-14  2.492E-01
    2541      1    179      1    174      1       9     2.5524E+00  2.308E-08  1.180E-14  1.777E-01
    2546      1    180      1    141      1       9     1.1181E+02  5.838E-05  3.668E-13  1.372E-01
    2547      1    180      1    143      1       9     1.1116E+02  1.932E-05  1.955E-13  1.165E-01
    2548      1    180      1    146      1       9     5.8097E+01  2.490E-05  1.532E-13  1.219E-01
    2549      1    180      1    150      1       9     3.3532E+01  8.893E-06  8.128E-14  1.132E-01
    2550      1    180      1    152      1       9     3.2800E+01  5.730E-08  5.671E-16  1.110E-01
    2551      1    180      1    156      1       9     1.9704E+01  3.233E-06  5.922E-14  1.334E-01
    2552      1    180      1    157      1       9     1.9685E+01  7.118E-08  1.364E-15  1.163E-01
    2553      1    180      1    161      1       9     1.1894E+01  1.434E-06  5.543E-14  1.390E-01
    2554      1    180      1    163      1       9     1.1671E+01  6.287E-08  2.633E-15  1.250E-01
    2555      1    180      1    166      1       9     6.0182E+00  4.160E-07  4.891E-14  1.534E-01
    2557      1    180      1    168      1       9     5.9754E+00  3.547E-08  4.449E-15  1.411E-01
    2561      1    180      1    173      1       9     2.6237E+00  1.450E-07  7.007E-14  1.781E-01
    2563      1    180      1    175      1       9     2.5831E+00  2.154E-08  1.134E-14  1.659E-01
    2568      1    181      1    147      1       9     5.8014E+01  2.250E-05  3.163E-14  6.717E-01
    2569      1    181      1    151      1       9     3.3259E+01  1.129E-05  2.223E-14  7.402E-01
    2570      1    181      1    155      1       9     1.9732E+01  4.929E-06  2.249E-14  6.685E-01
    2571      1    181      1    158      1       9     1.9683E+01  1.870E-08  3.902E-16  1.083E-01
    2572      1    181      1    162      1       9     1.1690E+01  2.170E-06  9.222E-14  1.224E-01
    2573      1    181      1    164      1       9     1.1670E+01  2.894E-08  1.312E-15  1.163E-01
    2575      1    181      1    167      1       9     5.9912E+00  6.893E-07  8.689E-14  1.392E-01
    2577      1    181      1    169      1       9     5.9748E+00  2.221E-08  3.006E-15  1.312E-01
    2579      1    181      1    174      1       9     2.5894E+00  2.354E-07  1.235E-13  1.649E-01
    2581      1    181      1    176      1       9     2.5042E+00  1.487E-08  8.950E-15  1.547E-01
    2585      1    182      1    152      1       9     3.2884E+01  7.978E-06  8.884E-14  9.843E-02
    2586      1    182      1    157      1       9     1.9769E+01  5.621E-06  1.199E-13  1.040E-01
    2587      1    182      1    163      1       9     1.1755E+01  3.029E-06  1.390E-13  1.127E-01
    2589      1    182      1    168      1       9     6.0589E+00  1.079E-06  1.442E-13  1.288E-01
    2592      1    182      1    175      1       9     2.6666E+00  4.187E-07  2.229E-13  1.535E-01
    2597      1    183      1    132      1       9     1.0069E+03  1.723E-09  7.174E-09  1.325E-01
    2606      1    184      1    132      1       9     1.0072E+03  5.696E-10  2.387E-09  1.324E-01
    2615      1    185      1    134      1       9     9.9785E+02  1.173E-12  1.515E-12  2.280E-01
    2617      1    185      1    137      1       9     9.9066E+02  3.281E-10  4.509E-10  2.330E-01
    2621      1    186      1    132      1       9     1.0078E+03  2.819E-09  1.196E-08  1.325E-01
    2632      1    187      1    134      1       9     1.0062E+03  6.499E-11  3.738E-09  1.269E-01
    2639      1    188      1    134      1       9     1.0062E+03  8.145E-11  4.680E-09  1.271E-01
    2640      1    188      1    135      1       9     1.0060E+03  2.430E-10  1.472E-08  1.271E-01
    2650      1    189      1    133      1       9     1.0063E+03  6.492E-11  3.961E-09  1.269E-01
    2651      1    189      1    134      1       9     1.0062E+03  4.865E-11  2.801E-09  1.269E-01
    2652      1    189      1    135      1       9     1.0060E+03  8.115E-11  4.928E-09  1.268E-01
    2663      1    190      1    135      1       9     1.0105E+03  6.693E-12  8.730E-12  3.083E-01
    2664      1    190      1    137      1       9     1.0035E+03  5.418E-09  7.154E-09  3.133E-01
    2676      1    191      1    131      1       9     1.9266E+03  1.503E-12  5.443E-03  3.128E-01
    2681      1    191      1    136      1       9     1.0113E+03  1.693E-09  3.827E-09  2.238E-01
    2700      1    192      1    137      1       9     1.0186E+03  7.419E-10  2.277E-09  2.125E-01
    2712      1    194      1    193      1      10     1.0215E+03  2.399E-11  4.926E-09  1.250E-01
    2715      1    196      1    193      1      10     1.0220E+03  3.916E-11  9.847E-09  1.251E-01
    2718      1    198      1    193      1      10     1.2109E+03  7.209E-13  1.201E-09  2.908E-01
