#  File format type:   4
#
#  SPECT3D transition powers file.
#  RUN NAME:  ne_20-160ev_1e18-1e22_4mm
#  Total number of transitions   =     4122
#  Number of written transitions =      947
#  Plasma temperature (eV)       =     4.0000E+01
#  Mass density (g/cm3)          =     3.3515E-04
#  Cell areal density (g/cm2)    =     1.3406E-04
#  Material mass fractions       =     1.0000E+00
#  DCA material number fractions =     1.0000E+00
# -----------------------------------------------------
#
#
#   Trans.  Trans  Upper  Upper  Lower  Lower   Ioniz   Energy     Line Power Line Center Line Width
#   Index   Model  Level  Model  Level  Model   Stage   (eV)       (W/cm2)    Opt. Depth      eV
# --------------------------------------------------------------------------------------------------
       1      1      3      1      2      1       8     1.5889E+01  6.914E+06  4.204E+01  5.058E-03
       2      1      4      1      2      1       8     1.6093E+01  1.024E+07  8.622E+01  5.080E-03
       5      1      5      1      3      1       8     1.2048E+02  1.347E+08  8.947E+00  2.461E-02
       6      1      5      1      4      1       8     1.2027E+02  1.952E+08  1.795E+01  2.459E-02
       7      1      6      1      2      1       8     1.4074E+02  4.449E+08  4.487E+01  9.367E-02
      10      1      6      1      5      1       8     4.3741E+00  2.263E+05  1.253E-01  8.740E-02
      12      1      7      1      3      1       8     1.2638E+02  6.959E+08  2.734E+02  2.214E-02
      13      1      7      1      4      1       8     1.2617E+02  6.864E+08  3.455E+02  3.529E-02
      15      1      7      1      6      1       8     1.5251E+00  4.430E+03  2.234E-02  6.587E-02
      17      1      8      1      3      1       8     1.6632E+02  5.775E+07  8.257E-01  5.233E-02
      18      1      8      1      4      1       8     1.6612E+02  8.903E+07  1.639E+00  5.231E-02
      20      1      8      1      6      1       8     4.1472E+01  3.383E+07  3.629E-01  1.139E-01
      22      1      9      1      2      1       8     1.8400E+02  3.375E+08  1.636E+01  6.766E-02
      25      1      9      1      5      1       8     4.7632E+01  6.813E+07  1.418E+00  6.116E-02
      27      1      9      1      7      1       8     4.1733E+01  1.648E+07  2.768E-01  5.546E-02
      28      1      9      1      8      1       8     1.7861E+00  7.938E+03  2.005E-02  7.892E-02
      30      1     10      1      3      1       8     1.6874E+02  3.306E+08  2.301E+01  4.716E-02
      31      1     10      1      4      1       8     1.6854E+02  4.820E+08  4.357E+01  4.982E-02
      33      1     10      1      6      1       8     4.3893E+01  1.412E+08  4.240E+00  1.049E-01
      36      1     10      1      9      1       8     6.3499E-01  2.113E+02  4.571E-03  6.982E-02
      41      1     11      1      7      1       8     4.2397E+01  2.571E+08  3.251E+01  5.117E-02
      43      1     11      1     10      1       8     2.8907E-02  1.672E-03  9.908E-06  5.906E-02
      45      1     12      1      3      1       8     1.8712E+02  2.773E+07  1.541E-01  1.033E-01
      46      1     12      1      4      1       8     1.8692E+02  4.935E+07  3.050E-01  1.033E-01
      48      1     12      1      6      1       8     6.2272E+01  1.933E+07  6.070E-02  1.649E-01
      51      1     12      1      9      1       8     1.9015E+01  4.156E+06  7.467E-02  1.295E-01
      53      1     13      1      2      1       8     2.0394E+02  2.224E+08  3.953E+00  1.052E-01
      56      1     13      1      5      1       8     6.7569E+01  5.474E+07  2.391E-01  9.869E-02
      58      1     13      1      7      1       8     6.1670E+01  7.556E+06  2.972E-02  1.164E-01
      59      1     13      1      8      1       8     2.1723E+01  7.626E+06  1.116E-01  1.165E-01
      61      1     13      1     10      1       8     1.9302E+01  2.870E+06  5.149E-02  1.152E-01
      63      1     13      1     12      1       8     9.2247E-01  8.558E+02  3.216E-03  1.630E-01
      65      1     14      1      3      1       8     1.8836E+02  2.321E+08  3.845E+00  9.579E-02
      66      1     14      1      4      1       8     1.8816E+02  3.398E+08  7.637E+00  9.577E-02
      68      1     14      1      6      1       8     6.3509E+01  1.528E+08  7.670E-01  1.573E-01
      71      1     14      1      9      1       8     2.0251E+01  2.226E+07  5.237E-01  1.220E-01
      73      1     14      1     11      1       8     1.9587E+01  1.122E+06  2.245E-02  1.034E-01
      75      1     14      1     13      1       8     3.1361E-01  2.067E+01  6.933E-04  1.552E-01
      80      1     15      1      7      1       8     6.1991E+01  1.858E+08  2.122E+00  9.698E-02
      82      1     15      1     10      1       8     1.9623E+01  3.692E+07  1.599E+00  9.571E-02
      85      1     15      1     14      1       8     7.4800E-03  2.940E-05  1.871E-08  1.357E-01
      91      1     16      1     11      1       8     1.9655E+01  6.509E+07  6.989E+00  7.640E-02
      93      1     16      1     15      1       8     6.0560E-02  6.297E-03  6.514E-06  1.089E-01
      95      1     17      1      3      1       8     1.9833E+02  1.320E+07  3.685E-02  1.942E-01
      96      1     17      1      4      1       8     1.9813E+02  2.545E+07  7.322E-02  1.942E-01
      97      1     17      1      6      1       8     7.3479E+01  9.704E+06  1.541E-02  2.557E-01
      99      1     17      1      9      1       8     3.0222E+01  2.759E+06  1.224E-02  2.204E-01
     102      1     17      1     13      1       8     1.0284E+01  7.123E+05  1.643E-02  2.537E-01
     104      1     18      1      2      1       8     2.1470E+02  1.770E+08  1.019E+00  1.971E-01
     107      1     18      1      5      1       8     7.8336E+01  3.301E+07  5.630E-02  1.906E-01
     108      1     18      1      7      1       8     7.2437E+01  3.566E+06  6.325E-03  2.083E-01
     109      1     18      1      8      1       8     3.2490E+01  6.015E+06  2.393E-02  2.084E-01
     111      1     18      1     10      1       8     3.0069E+01  1.725E+06  7.847E-03  2.071E-01
     113      1     18      1     12      1       8     1.1689E+01  1.065E+06  1.934E-02  2.549E-01
     115      1     18      1     14      1       8     1.0453E+01  6.003E+05  1.378E-02  2.470E-01
     117      1     18      1     17      1       8     4.8232E-01  1.013E+02  6.555E-04  3.433E-01
     119      1     19      1      3      1       8     1.9902E+02  1.805E+08  8.931E-01  1.846E-01
     120      1     19      1      4      1       8     1.9882E+02  2.778E+08  1.778E+00  1.846E-01
     121      1     19      1      6      1       8     7.4170E+01  1.017E+08  1.950E-01  2.462E-01
     123      1     19      1      9      1       8     3.0912E+01  2.020E+07  9.923E-02  2.108E-01
     125      1     19      1     11      1       8     3.0248E+01  5.605E+05  2.759E-03  1.922E-01
     127      1     19      1     13      1       8     1.0975E+01  3.614E+06  8.151E-02  2.441E-01
     129      1     19      1     15      1       8     1.0654E+01  3.579E+05  8.691E-03  2.245E-01
     132      1     19      1     18      1       8     2.0831E-01  6.613E+00  2.326E-04  3.336E-01
     136      1     20      1      7      1       8     7.2924E+01  1.384E+08  3.809E-01  1.786E-01
     138      1     20      1     10      1       8     3.0556E+01  3.839E+07  2.406E-01  1.773E-01
     141      1     20      1     14      1       8     1.0940E+01  8.120E+06  2.314E-01  2.199E-01
     143      1     20      1     16      1       8     1.0872E+01  1.548E+05  4.226E-03  1.930E-01
     145      1     20      1     19      1       8     2.7887E-01  2.568E+00  5.438E-05  3.064E-01
     148      1     21      1     11      1       8     3.0535E+01  4.755E+07  4.022E-01  1.520E-01
     150      1     21      1     15      1       8     1.0940E+01  1.327E+07  5.470E-01  1.843E-01
     153      1     21      1     20      1       8     7.5365E-03  1.407E-05  1.000E-30  2.646E-01
     157      1     22      1     16      1       8     1.0881E+01  1.783E+07  1.268E+00  1.435E-01
     159      1     22      1     21      1       8     1.3214E-03  9.100E-09  1.000E-30  2.157E-01
     161      1     23      1      3      1       8     2.0517E+02  6.893E+06  1.143E-02  3.437E-01
     162      1     23      1      4      1       8     2.0497E+02  1.360E+07  2.274E-02  3.437E-01
     163      1     23      1      6      1       8     8.0323E+01  5.281E+06  4.794E-03  4.052E-01
     164      1     23      1      9      1       8     3.7065E+01  1.656E+06  3.226E-03  3.699E-01
     166      1     23      1     13      1       8     1.7128E+01  5.715E+05  3.383E-03  4.032E-01
     169      1     23      1     18      1       8     6.3616E+00  1.811E+05  5.392E-03  4.927E-01
     171      1     24      1      2      1       8     2.2123E+02  1.282E+08  3.275E-01  3.536E-01
     172      1     24      1      5      1       8     8.4862E+01  1.895E+07  1.703E-02  3.471E-01
     173      1     24      1      7      1       8     7.8963E+01  1.856E+06  1.765E-03  3.597E-01
     174      1     24      1      8      1       8     3.9016E+01  3.863E+06  6.973E-03  3.649E-01
     175      1     24      1     10      1       8     3.6595E+01  9.764E+05  1.958E-03  3.584E-01
     176      1     24      1     12      1       8     1.8215E+01  9.566E+05  5.075E-03  4.114E-01
     178      1     24      1     14      1       8     1.6979E+01  4.394E+05  2.685E-03  3.984E-01
     180      1     24      1     17      1       8     7.0085E+00  2.052E+05  5.082E-03  4.998E-01
     182      1     24      1     19      1       8     6.3179E+00  1.566E+05  4.824E-03  4.849E-01
     184      1     24      1     23      1       8     1.6457E-01  3.066E+00  9.089E-05  6.478E-01
     186      1     25      1      3      1       8     2.0544E+02  1.270E+08  2.717E-01  3.326E-01
     187      1     25      1      4      1       8     2.0523E+02  2.154E+08  5.403E-01  3.326E-01
     188      1     25      1      6      1       8     8.0584E+01  6.138E+07  6.099E-02  3.942E-01
     189      1     25      1      9      1       8     3.7326E+01  1.311E+07  2.686E-02  3.589E-01
     190      1     25      1     11      1       8     3.6662E+01  2.879E+05  6.127E-04  3.402E-01
     192      1     25      1     13      1       8     1.7389E+01  3.248E+06  1.968E-02  3.921E-01
     194      1     25      1     15      1       8     1.7068E+01  2.267E+05  1.470E-03  3.726E-01
     197      1     25      1     18      1       8     6.6220E+00  7.012E+05  2.018E-02  4.816E-01
     199      1     25      1     20      1       8     6.1349E+00  9.383E+04  3.278E-03  4.543E-01
     202      1     25      1     24      1       8     9.5840E-02  4.561E-01  4.005E-05  6.368E-01
     204      1     26      1      7      1       8     7.9363E+01  8.387E+07  9.883E-02  3.207E-01
     205      1     26      1     10      1       8     3.6995E+01  2.476E+07  5.796E-02  3.195E-01
     207      1     26      1     14      1       8     1.7379E+01  7.075E+06  4.805E-02  3.595E-01
     209      1     26      1     16      1       8     1.7311E+01  8.003E+04  5.667E-04  3.326E-01
     211      1     26      1     19      1       8     6.7178E+00  1.753E+06  5.467E-02  4.460E-01
     213      1     26      1     21      1       8     6.4314E+00  6.805E+04  2.428E-03  4.057E-01
     216      1     26      1     25      1       8     3.0410E-01  3.348E+00  3.111E-05  5.934E-01
     218      1     27      1     11      1       8     3.6971E+01  2.761E+07  7.532E-02  2.825E-01
     220      1     27      1     15      1       8     1.7377E+01  1.118E+07  9.002E-02  3.148E-01
     223      1     27      1     20      1       8     6.4438E+00  2.677E+06  1.068E-01  3.966E-01
     225      1     27      1     22      1       8     6.4350E+00  2.629E+04  1.096E-03  3.471E-01
     227      1     27      1     26      1       8     4.8600E-03  4.411E-06  4.415E-08  5.352E-01
     230      1     28      1     16      1       8     1.7317E+01  1.220E+07  1.220E-01  2.622E-01
     232      1     28      1     21      1       8     6.4372E+00  4.252E+06  2.194E-01  3.353E-01
     235      1     28      1     27      1       8     9.6000E-04  6.071E-09  1.000E-30  4.645E-01
     236      1     29      1      2      1       8     2.2538E+02  7.677E+07  1.217E-01  5.815E-01
     237      1     29      1      5      1       8     8.9018E+01  1.026E+07  6.225E-03  5.750E-01
     238      1     29      1      7      1       8     8.3119E+01  9.496E+05  6.005E-04  5.927E-01
     239      1     29      1      8      1       8     4.3172E+01  2.201E+06  2.469E-03  5.928E-01
     240      1     29      1     10      1       8     4.0751E+01  5.167E+05  6.333E-04  5.914E-01
     241      1     29      1     12      1       8     2.2372E+01  6.141E+05  1.721E-03  6.393E-01
     242      1     29      1     14      1       8     2.1136E+01  2.505E+05  7.822E-04  6.314E-01
     243      1     29      1     17      1       8     1.1165E+01  1.822E+05  1.514E-03  7.277E-01
     245      1     29      1     19      1       8     1.0474E+01  1.144E+05  1.083E-03  7.180E-01
     247      1     29      1     23      1       8     4.3209E+00  3.788E+04  1.518E-03  8.757E-01
     249      1     29      1     25      1       8     4.0605E+00  4.163E+04  1.897E-03  8.646E-01
     252      1     30      1      3      1       8     2.0959E+02  3.584E+06  4.246E-03  5.737E-01
     253      1     30      1      4      1       8     2.0939E+02  7.097E+06  8.421E-03  5.737E-01
     254      1     30      1      6      1       8     8.4742E+01  2.796E+06  1.721E-03  6.353E-01
     255      1     30      1      9      1       8     4.1484E+01  9.210E+05  1.083E-03  5.999E-01
     256      1     30      1     13      1       8     2.1547E+01  3.499E+05  1.035E-03  6.332E-01
     258      1     30      1     18      1       8     1.0780E+01  1.426E+05  1.248E-03  7.227E-01
     261      1     30      1     24      1       8     4.2541E+00  5.227E+04  2.118E-03  8.778E-01
     263      1     30      1     29      1       8     9.7810E-02  5.656E-01  2.702E-05  1.105E+00
     265      1     31      1      3      1       8     2.0968E+02  7.274E+07  9.845E-02  5.616E-01
     266      1     31      1      4      1       8     2.0947E+02  1.341E+08  1.955E-01  5.616E-01
     267      1     31      1      6      1       8     8.4824E+01  3.325E+07  2.191E-02  6.232E-01
     268      1     31      1      9      1       8     4.1566E+01  7.439E+06  9.201E-03  5.879E-01
     269      1     31      1     11      1       8     4.0902E+01  1.448E+05  1.856E-04  5.692E-01
     270      1     31      1     13      1       8     2.1629E+01  2.086E+06  6.440E-03  6.211E-01
     271      1     31      1     15      1       8     2.1308E+01  1.227E+05  3.991E-04  6.016E-01
     273      1     31      1     18      1       8     1.0862E+01  6.353E+05  5.739E-03  7.106E-01
     275      1     31      1     20      1       8     1.0375E+01  6.926E+04  7.075E-04  6.833E-01
     278      1     31      1     24      1       8     4.3360E+00  1.579E+05  6.433E-03  8.657E-01
     280      1     31      1     26      1       8     3.9361E+00  2.756E+04  1.414E-03  8.224E-01
     282      1     31      1     29      1       8     1.7973E-01  3.865E+00  5.645E-05  1.093E+00
     285      1     32      1      7      1       8     8.3517E+01  4.401E+07  3.158E-02  5.422E-01
     286      1     32      1     10      1       8     4.1149E+01  1.347E+07  1.824E-02  5.409E-01
     287      1     32      1     14      1       8     2.1534E+01  4.291E+06  1.438E-02  5.809E-01
     288      1     32      1     16      1       8     2.1466E+01  3.798E+04  1.325E-04  5.541E-01
     290      1     32      1     19      1       8     1.0872E+01  1.407E+06  1.360E-02  6.675E-01
     292      1     32      1     21      1       8     1.0586E+01  3.963E+04  4.245E-04  6.272E-01
     295      1     32      1     25      1       8     4.4586E+00  4.111E+05  1.690E-02  8.146E-01
     297      1     32      1     27      1       8     4.1496E+00  2.480E+04  1.248E-03  7.564E-01
     300      1     32      1     31      1       8     2.1835E-01  1.110E+00  1.140E-05  1.043E+00
     302      1     33      1     11      1       8     4.1124E+01  1.366E+07  2.051E-02  4.926E-01
     303      1     33      1     15      1       8     2.1530E+01  6.259E+06  2.341E-02  5.249E-01
     305      1     33      1     20      1       8     1.0597E+01  2.130E+06  2.405E-02  6.067E-01
     307      1     33      1     22      1       8     1.0588E+01  1.261E+04  1.521E-04  5.572E-01
     309      1     33      1     26      1       8     4.1578E+00  5.592E+05  2.912E-02  7.454E-01
     311      1     33      1     28      1       8     4.1519E+00  1.445E+04  8.143E-04  6.745E-01
     313      1     33      1     32      1       8     3.3000E-03  1.341E-06  2.906E-08  9.657E-01
     315      1     34      1     16      1       8     2.1470E+01  5.640E+06  2.432E-02  4.578E-01
     317      1     34      1     21      1       8     1.0590E+01  2.932E+06  3.836E-02  5.309E-01
     320      1     34      1     27      1       8     4.1536E+00  9.107E+05  5.490E-02  6.603E-01
     323      1     34      1     33      1       8     6.7000E-04  2.316E-09  1.000E-30  8.693E-01
     324      1     35      1      2      1       8     2.2829E+02  3.128E+07  5.190E-02  9.202E-01
     325      1     35      1      5      1       8     9.1926E+01  4.025E+06  2.587E-03  9.136E-01
     326      1     35      1      7      1       8     8.6026E+01  3.642E+05  2.428E-04  9.314E-01
     327      1     35      1      8      1       8     4.6080E+01  9.015E+05  1.013E-03  9.314E-01
     328      1     35      1     10      1       8     4.3659E+01  2.011E+05  2.443E-04  9.301E-01
     329      1     35      1     12      1       8     2.5279E+01  2.676E+05  6.877E-04  9.779E-01
     330      1     35      1     14      1       8     2.4043E+01  1.018E+05  2.865E-04  9.701E-01
     331      1     35      1     17      1       8     1.4072E+01  9.039E+04  5.774E-04  1.066E+00
     332      1     35      1     19      1       8     1.3382E+01  5.098E+04  3.595E-04  1.057E+00
     333      1     35      1     23      1       8     7.2283E+00  2.842E+04  5.252E-04  1.214E+00
     335      1     35      1     25      1       8     6.9679E+00  2.449E+04  4.866E-04  1.203E+00
     338      1     35      1     30      1       8     2.8096E+00  5.787E+03  4.784E-04  1.443E+00
     339      1     35      1     31      1       8     2.7277E+00  8.346E+03  7.203E-04  1.431E+00
     342      1     36      1      3      1       8     2.1248E+02  2.890E+07  4.122E-02  8.979E-01
     343      1     36      1      4      1       8     2.1228E+02  5.548E+07  8.183E-02  8.979E-01
     344      1     36      1      6      1       8     8.7628E+01  1.284E+07  8.919E-03  9.594E-01
     345      1     36      1      9      1       8     4.4371E+01  2.961E+06  3.653E-03  9.241E-01
     346      1     36      1     11      1       8     4.3707E+01  5.356E+04  6.815E-05  9.055E-01
     347      1     36      1     13      1       8     2.4434E+01  8.801E+05  2.491E-03  9.573E-01
     348      1     36      1     15      1       8     2.4112E+01  4.629E+04  1.365E-04  9.378E-01
     349      1     36      1     18      1       8     1.3667E+01  2.985E+05  2.084E-03  1.047E+00
     350      1     36      1     20      1       8     1.3180E+01  2.849E+04  2.183E-04  1.020E+00
     352      1     36      1     24      1       8     7.1406E+00  1.005E+05  1.956E-03  1.202E+00
     354      1     36      1     26      1       8     6.7407E+00  1.535E+04  3.440E-04  1.159E+00
     356      1     36      1     29      1       8     2.9843E+00  2.907E+04  2.157E-03  1.429E+00
     359      1     36      1     32      1       8     2.5862E+00  5.455E+03  5.530E-04  1.379E+00
     361      1     36      1     35      1       8     7.6880E-02  1.843E-01  9.153E-06  1.767E+00
     363      1     37      1      3      1       8     2.1253E+02  1.404E+06  1.787E-03  9.085E-01
     364      1     37      1      4      1       8     2.1233E+02  2.796E+06  3.554E-03  9.085E-01
     365      1     37      1      6      1       8     8.7681E+01  1.112E+06  7.079E-04  9.701E-01
     366      1     37      1      9      1       8     4.4424E+01  3.758E+05  4.270E-04  9.347E-01
     367      1     37      1     13      1       8     2.4486E+01  1.487E+05  3.876E-04  9.680E-01
     368      1     37      1     18      1       8     1.3720E+01  6.528E+04  4.188E-04  1.058E+00
     370      1     37      1     24      1       8     7.1935E+00  2.897E+04  5.151E-04  1.213E+00
     372      1     37      1     29      1       8     3.0372E+00  1.303E+04  8.671E-04  1.440E+00
     375      1     37      1     35      1       8     1.2981E-01  9.457E-01  1.547E-05  1.778E+00
     378      1     38      1      7      1       8     8.6367E+01  1.657E+07  1.219E-02  8.681E-01
     379      1     38      1     10      1       8     4.3999E+01  5.227E+06  6.903E-03  8.669E-01
     380      1     38      1     14      1       8     2.4383E+01  1.760E+06  5.287E-03  9.069E-01
     381      1     38      1     16      1       8     2.4315E+01  1.348E+04  4.178E-05  8.800E-01
     382      1     38      1     19      1       8     1.3722E+01  6.417E+05  4.694E-03  9.934E-01
     383      1     38      1     21      1       8     1.3435E+01  1.491E+04  1.180E-04  9.531E-01
     385      1     38      1     25      1       8     7.3080E+00  2.400E+05  4.691E-03  1.140E+00
     387      1     38      1     27      1       8     6.9990E+00  1.165E+04  2.599E-04  1.082E+00
     390      1     38      1     31      1       8     3.0677E+00  7.392E+04  5.403E-03  1.368E+00
     392      1     38      1     33      1       8     2.8461E+00  6.506E+03  5.831E-04  1.291E+00
     395      1     38      1     36      1       8     2.6320E-01  1.194E+00  5.172E-06  1.704E+00
     397      1     39      1     11      1       8     4.3972E+01  4.957E+06  7.060E-03  8.069E-01
     398      1     39      1     15      1       8     2.4378E+01  2.412E+06  7.841E-03  8.393E-01
     399      1     39      1     20      1       8     1.3445E+01  9.379E+05  7.705E-03  9.210E-01
     400      1     39      1     22      1       8     1.3436E+01  4.247E+03  3.672E-05  8.716E-01
     402      1     39      1     26      1       8     7.0062E+00  3.448E+05  7.879E-03  1.060E+00
     404      1     39      1     28      1       8     7.0004E+00  5.878E+03  1.434E-04  9.889E-01
     406      1     39      1     32      1       8     2.8517E+00  9.734E+04  8.799E-03  1.280E+00
     408      1     39      1     34      1       8     2.8478E+00  4.566E+03  4.456E-04  1.184E+00
     410      1     39      1     38      1       8     2.3300E-03  3.051E-07  7.192E-09  1.605E+00
     412      1     40      1     16      1       8     2.4318E+01  1.926E+06  6.964E-03  7.561E-01
     413      1     40      1     21      1       8     1.3438E+01  1.150E+06  1.051E-02  8.292E-01
     415      1     40      1     27      1       8     7.0018E+00  5.061E+05  1.284E-02  9.586E-01
     418      1     40      1     33      1       8     2.8489E+00  1.559E+05  1.557E-02  1.168E+00
     421      1     40      1     39      1       8     5.0000E-04  6.949E-10  1.000E-30  1.481E+00
     422      1     41      1      2      1       8     2.3041E+02  8.317E+06  2.422E-02  1.396E+00
     423      1     41      1      5      1       8     9.4046E+01  1.066E+06  1.193E-03  1.389E+00
     424      1     41      1      7      1       8     8.8147E+01  9.377E+04  1.085E-04  1.407E+00
     425      1     41      1      8      1       8     4.8200E+01  2.444E+05  4.595E-04  1.407E+00
     426      1     41      1     10      1       8     4.5779E+01  5.284E+04  1.067E-04  1.406E+00
     427      1     41      1     12      1       8     2.7399E+01  7.580E+04  3.083E-04  1.454E+00
     428      1     41      1     14      1       8     2.6163E+01  2.747E+04  1.211E-04  1.446E+00
     429      1     41      1     17      1       8     1.6192E+01  2.745E+04  2.530E-04  1.542E+00
     430      1     41      1     19      1       8     1.5502E+01  1.446E+04  1.448E-04  1.532E+00
     431      1     41      1     23      1       8     9.3485E+00  1.004E+04  2.202E-04  1.690E+00
     432      1     41      1     25      1       8     9.0881E+00  7.665E+03  1.773E-04  1.679E+00
     434      1     41      1     30      1       8     4.9298E+00  3.355E+03  1.872E-04  1.919E+00
     435      1     41      1     31      1       8     4.8479E+00  3.659E+03  2.072E-04  1.907E+00
     438      1     41      1     36      1       8     2.0433E+00  1.563E+03  2.347E-04  2.243E+00
     439      1     41      1     37      1       8     1.9904E+00  7.776E+02  1.307E-04  2.253E+00
     442      1     42      1      3      1       8     2.1466E+02  3.719E+05  8.326E-04  1.378E+00
     443      1     42      1      4      1       8     2.1445E+02  7.411E+05  1.656E-03  1.378E+00
     444      1     42      1      6      1       8     8.9806E+01  2.966E+05  3.199E-04  1.439E+00
     445      1     42      1      9      1       8     4.6549E+01  1.019E+05  1.892E-04  1.404E+00
     446      1     42      1     13      1       8     2.6612E+01  4.143E+04  1.666E-04  1.437E+00
     447      1     42      1     18      1       8     1.5845E+01  1.896E+04  1.709E-04  1.527E+00
     448      1     42      1     24      1       8     9.3186E+00  9.135E+03  1.885E-04  1.682E+00
     449      1     42      1     29      1       8     5.1623E+00  4.714E+03  2.215E-04  1.909E+00
     452      1     42      1     35      1       8     2.2549E+00  2.309E+03  2.699E-04  2.247E+00
     455      1     42      1     41      1       8     1.3470E-01  6.051E-01  5.872E-06  2.722E+00
     457      1     43      1      3      1       8     2.1481E+02  7.544E+06  1.901E-02  1.369E+00
     458      1     43      1      4      1       8     2.1460E+02  1.475E+07  3.772E-02  1.369E+00
     459      1     43      1      6      1       8     8.9955E+01  3.377E+06  4.034E-03  1.430E+00
     460      1     43      1      9      1       8     4.6697E+01  8.044E+05  1.646E-03  1.395E+00
     461      1     43      1     11      1       8     4.6033E+01  1.378E+04  2.896E-05  1.376E+00
     462      1     43      1     13      1       8     2.6760E+01  2.524E+05  1.112E-03  1.428E+00
     463      1     43      1     15      1       8     2.6439E+01  1.236E+04  5.626E-05  1.409E+00
     464      1     43      1     18      1       8     1.5993E+01  9.383E+04  9.187E-04  1.518E+00
     465      1     43      1     20      1       8     1.5506E+01  8.186E+03  8.635E-05  1.491E+00
     466      1     43      1     24      1       8     9.4670E+00  3.750E+04  8.292E-04  1.672E+00
     467      1     43      1     26      1       8     9.0671E+00  5.161E+03  1.266E-04  1.629E+00
     468      1     43      1     29      1       8     5.3107E+00  1.615E+04  7.920E-04  1.900E+00
     471      1     43      1     32      1       8     4.9126E+00  3.001E+03  1.749E-04  1.850E+00
     473      1     43      1     35      1       8     2.4033E+00  6.269E+03  7.120E-04  2.239E+00
     476      1     43      1     38      1       8     2.0633E+00  1.376E+03  2.141E-04  2.175E+00
     478      1     43      1     41      1       8     2.8315E-01  3.606E+00  8.707E-06  2.714E+00
     481      1     44      1      7      1       8     8.8434E+01  4.230E+06  5.319E-03  1.330E+00
     482      1     44      1     10      1       8     4.6067E+01  1.364E+06  2.966E-03  1.329E+00
     483      1     44      1     14      1       8     2.6451E+01  4.762E+05  2.232E-03  1.369E+00
     484      1     44      1     16      1       8     2.6383E+01  3.337E+03  1.601E-05  1.342E+00
     485      1     44      1     19      1       8     1.5789E+01  1.843E+05  1.927E-03  1.455E+00
     486      1     44      1     21      1       8     1.5503E+01  3.801E+03  4.225E-05  1.415E+00
     487      1     44      1     25      1       8     9.3757E+00  7.648E+04  1.791E-03  1.602E+00
     488      1     44      1     27      1       8     9.0667E+00  3.178E+03  8.228E-05  1.544E+00
     490      1     44      1     31      1       8     5.1355E+00  3.041E+04  1.643E-03  1.830E+00
     492      1     44      1     33      1       8     4.9138E+00  2.263E+03  1.391E-04  1.753E+00
     495      1     44      1     36      1       8     2.3309E+00  1.246E+04  1.527E-03  2.166E+00
     497      1     44      1     39      1       8     2.0654E+00  1.222E+03  1.999E-04  2.067E+00
     500      1     44      1     43      1       8     4.4800E-03  1.896E-06  1.227E-08  2.636E+00
     502      1     45      1     11      1       8     4.6039E+01  1.239E+06  2.858E-03  1.253E+00
     503      1     45      1     15      1       8     2.6445E+01  6.264E+05  3.121E-03  1.286E+00
     504      1     45      1     20      1       8     1.5512E+01  2.612E+05  2.998E-03  1.368E+00
     505      1     45      1     22      1       8     1.5503E+01  1.003E+03  1.195E-05  1.318E+00
     506      1     45      1     26      1       8     9.0733E+00  1.098E+05  2.906E-03  1.506E+00
     507      1     45      1     28      1       8     9.0675E+00  1.467E+03  4.077E-05  1.436E+00
     509      1     45      1     32      1       8     4.9189E+00  4.349E+04  2.703E-03  1.727E+00
     511      1     45      1     34      1       8     4.9149E+00  1.414E+03  9.334E-05  1.630E+00
     513      1     45      1     38      1       8     2.0695E+00  1.328E+04  2.171E-03  2.052E+00
     515      1     45      1     40      1       8     2.0666E+00  9.599E+02  1.680E-04  1.928E+00
     517      1     45      1     44      1       8     1.7200E-03  5.050E-08  3.058E-10  2.513E+00
     519      1     46      1     16      1       8     2.6385E+01  4.615E+05  2.496E-03  1.185E+00
     520      1     46      1     21      1       8     1.5505E+01  2.968E+05  3.697E-03  1.258E+00
     521      1     46      1     27      1       8     9.0688E+00  1.494E+05  4.290E-03  1.387E+00
     523      1     46      1     33      1       8     4.9159E+00  6.515E+04  4.382E-03  1.596E+00
     526      1     46      1     39      1       8     2.0675E+00  2.106E+04  3.703E-03  1.910E+00
     529      1     46      1     45      1       8     3.9000E-04  1.526E-10  1.000E-30  2.356E+00
     531      1     47      1      3      1       8     8.7211E+02  1.755E+02  2.140E-01  1.574E-01
     532      1     47      1      4      1       8     8.7191E+02  2.958E+02  4.079E-01  1.574E-01
     533      1     48      1      2      1       8     8.9208E+02  4.848E-01  9.700E-04  1.186E-01
     537      1     49      1      2      1       8     8.9222E+02  2.467E+00  4.969E-03  1.186E-01
     540      1     49      1     47      1       8     4.2178E+00  3.112E-09  1.058E-14  3.962E-03
     541      1     50      1      2      1       8     8.9249E+02  1.048E-02  2.112E-05  1.187E-01
     545      1     51      1      2      1       8     9.0805E+02  1.323E+03  1.666E+01  1.676E-01
     548      1     51      1     47      1       8     2.0048E+01  4.705E-02  1.522E-09  5.293E-02
     549      1     52      1      2      1       8     9.0805E+02  1.939E+03  3.418E+01  1.686E-01
     552      1     52      1     47      1       8     2.0048E+01  9.281E-02  2.944E-09  5.394E-02
     553      1     53      1      2      1       8     9.0805E+02  2.523E+02  3.033E+00  1.258E-01
     556      1     53      1     47      1       8     2.0048E+01  1.478E-03  2.739E-10  1.107E-02
     557      1     54      1      2      1       8     9.0805E+02  3.032E+02  4.743E+00  1.248E-01
     560      1     54      1     47      1       8     2.0048E+01  3.886E-03  7.981E-10  1.013E-02
     562      1     55      1      3      1       8     8.9529E+02  5.970E-01  1.279E-03  1.190E-01
     563      1     55      1      4      1       8     8.9508E+02  5.755E-02  1.226E-04  1.190E-01
     564      1     55      1     48      1       8     1.9095E+01  6.638E-03  3.332E-09  4.928E-03
     565      1     55      1     49      1       8     1.8959E+01  3.227E-02  1.644E-08  4.915E-03
     566      1     55      1     51      1       8     3.1293E+00  7.112E-10  8.202E-16  7.931E-03
     568      1     55      1     53      1       8     3.1293E+00  7.979E-10  9.384E-16  3.831E-03
     571      1     56      1      3      1       8     8.9556E+02  2.119E-02  4.559E-05  1.190E-01
     572      1     56      1      4      1       8     8.9536E+02  1.445E+00  3.103E-03  1.190E-01
     573      1     56      1     48      1       8     1.9367E+01  3.485E-02  1.700E-08  4.954E-03
     574      1     56      1     49      1       8     1.9231E+01  1.088E-02  5.385E-09  4.940E-03
     575      1     56      1     50      1       8     1.8959E+01  3.457E-02  1.763E-08  4.910E-03
     577      1     56      1     52      1       8     3.4014E+00  1.188E-09  1.591E-15  8.110E-03
     579      1     56      1     54      1       8     3.4014E+00  8.518E-10  1.730E-15  3.716E-03
     582      1     57      1      4      1       8     8.9549E+02  3.702E+00  8.043E-03  1.190E-01
     583      1     57      1     49      1       8     1.9367E+01  3.752E-02  1.822E-08  4.974E-03
     584      1     57      1     50      1       8     1.9095E+01  8.275E-02  4.138E-08  4.944E-03
     586      1     57      1     52      1       8     3.5375E+00  8.080E-09  1.126E-14  8.144E-03
     591      1     58      1      4      1       8     9.0433E+02  1.673E+03  1.596E+01  1.950E-01
     592      1     58      1      6      1       8     7.7968E+02  5.640E-01  6.394E-05  1.702E-01
     593      1     58      1      9      1       8     7.3642E+02  1.357E-01  5.126E-06  1.882E-01
     594      1     58      1     13      1       8     7.1649E+02  5.413E-02  1.012E-06  2.352E-01
     595      1     58      1     18      1       8     7.0572E+02  2.741E-02  2.758E-07  3.247E-01
     596      1     58      1     24      1       8     6.9919E+02  1.590E-02  8.620E-08  4.747E-01
     598      1     58      1     49      1       8     2.8203E+01  1.914E-06  2.538E-14  8.098E-02
     599      1     58      1     50      1       8     2.7931E+01  9.007E-05  1.214E-12  8.095E-02
     600      1     58      1     52      1       8     1.2374E+01  1.028E-02  4.687E-10  8.415E-02
     601      1     58      1     54      1       8     1.2374E+01  7.252E-04  3.398E-11  7.975E-02
     603      1     59      1      3      1       8     9.0453E+02  1.264E+03  9.523E+00  1.951E-01
     604      1     59      1      4      1       8     9.0433E+02  3.909E+02  1.213E+00  1.950E-01
     605      1     59      1      6      1       8     7.7968E+02  3.788E-01  3.271E-05  2.297E-01
     606      1     59      1      9      1       8     7.3642E+02  9.086E-02  3.259E-06  2.003E-01
     607      1     59      1     13      1       8     7.1649E+02  3.619E-02  6.768E-07  2.352E-01
     608      1     59      1     18      1       8     7.0572E+02  1.827E-02  1.838E-07  3.248E-01
     609      1     59      1     24      1       8     6.9919E+02  8.309E-03  4.506E-08  4.747E-01
     611      1     59      1     49      1       8     2.8203E+01  9.835E-06  1.304E-13  8.099E-02
     612      1     59      1     50      1       8     2.7931E+01  5.067E-06  6.828E-14  8.096E-02
     613      1     59      1     51      1       8     1.2374E+01  5.888E-03  2.689E-10  8.401E-02
     614      1     59      1     52      1       8     1.2374E+01  1.052E-03  4.794E-11  8.416E-02
     615      1     59      1     53      1       8     1.2374E+01  2.062E-04  9.640E-12  7.991E-02
     616      1     59      1     54      1       8     1.2374E+01  2.417E-04  1.132E-11  7.976E-02
     618      1     60      1      3      1       8     9.0793E+02  5.457E+02  1.729E+01  1.284E-01
     619      1     60      1      4      1       8     9.0773E+02  3.841E+02  8.211E+00  1.284E-01
     620      1     60      1      6      1       8     7.8308E+02  1.766E-01  2.497E-05  1.707E-01
     621      1     60      1      9      1       8     7.3982E+02  3.309E-02  2.201E-06  1.355E-01
     622      1     60      1     13      1       8     7.1989E+02  1.219E-02  4.028E-07  1.686E-01
     623      1     60      1     18      1       8     7.0912E+02  3.850E-03  6.091E-08  2.581E-01
     624      1     60      1     48      1       8     3.1741E+01  6.180E-06  5.426E-13  1.438E-02
     627      1     60      1     51      1       8     1.5775E+01  2.431E-04  5.146E-11  1.738E-02
     628      1     60      1     52      1       8     1.5775E+01  8.732E-05  1.831E-11  1.753E-02
     629      1     60      1     53      1       8     1.5775E+01  7.459E-03  2.081E-09  1.328E-02
     630      1     60      1     54      1       8     1.5775E+01  3.768E-03  1.065E-09  1.314E-02
     632      1     61      1      3      1       8     9.0821E+02  3.664E+02  7.503E+00  1.288E-01
     633      1     61      1      4      1       8     9.0800E+02  8.547E+02  4.300E+01  1.287E-01
     634      1     61      1      6      1       8     7.8335E+02  3.505E-01  5.222E-05  1.629E-01
     635      1     61      1      9      1       8     7.4010E+02  6.593E-02  4.454E-06  1.342E-01
     636      1     61      1     13      1       8     7.2016E+02  2.425E-02  8.039E-07  1.689E-01
     637      1     61      1     18      1       8     7.0939E+02  9.083E-03  1.443E-07  2.585E-01
     638      1     61      1     24      1       8     7.0287E+02  5.167E-03  4.008E-08  4.084E-01
     639      1     61      1     48      1       8     3.2013E+01  3.476E-06  2.940E-13  1.470E-02
     640      1     61      1     49      1       8     3.1877E+01  4.048E-06  3.452E-13  1.469E-02
     641      1     61      1     50      1       8     3.1605E+01  1.028E-05  8.912E-13  1.466E-02
     642      1     61      1     51      1       8     1.6047E+01  4.472E-06  8.979E-13  1.771E-02
     643      1     61      1     52      1       8     1.6047E+01  8.944E-04  1.780E-10  1.786E-02
     644      1     61      1     53      1       8     1.6047E+01  4.219E-03  1.109E-09  1.361E-02
     645      1     61      1     54      1       8     1.6047E+01  1.938E-02  5.158E-09  1.346E-02
     647      1     62      1      3      1       8     9.1773E+02  2.408E+02  1.898E+00  1.553E-01
     648      1     62      1      4      1       8     9.1753E+02  3.852E+02  4.416E+00  1.553E-01
     649      1     62      1     48      1       8     4.1537E+01  4.651E-06  7.285E-14  4.126E-02
     650      1     62      1     49      1       8     4.1401E+01  2.468E-05  3.886E-13  4.125E-02
     652      1     62      1     51      1       8     2.5571E+01  1.452E-02  3.843E-10  4.426E-02
     653      1     62      1     52      1       8     2.5571E+01  2.931E-02  7.732E-10  4.442E-02
     654      1     62      1     53      1       8     2.5571E+01  1.146E-03  3.316E-11  4.016E-02
     655      1     62      1     54      1       8     2.5571E+01  1.670E-03  4.851E-11  4.002E-02
     657      1     63      1     48      1       8     9.9589E+02  4.149E-08  8.812E-10  1.178E-01
     658      1     63      1     49      1       8     9.9575E+02  2.079E-07  4.402E-09  1.178E-01
     661      1     63      1     53      1       8     9.7992E+02  1.191E-11  1.668E-13  1.167E-01
     669      1     64      1     48      1       8     9.9602E+02  2.063E-07  4.396E-09  1.178E-01
     670      1     64      1     49      1       8     9.9589E+02  6.596E-08  1.401E-09  1.178E-01
     671      1     64      1     50      1       8     9.9561E+02  2.228E-07  4.706E-09  1.177E-01
     675      1     64      1     54      1       8     9.8006E+02  2.108E-11  2.967E-13  1.166E-01
     681      1     65      1     49      1       8     9.9610E+02  2.222E-07  4.740E-09  1.178E-01
     682      1     65      1     50      1       8     9.9583E+02  5.173E-07  1.097E-08  1.178E-01
     686      1     65      1     54      1       8     9.8027E+02  7.297E-11  1.031E-12  1.166E-01
     693      1     66      1     47      1       8     1.0024E+03  1.270E-07  2.832E-09  1.152E-01
     703      1     67      1     47      1       8     1.0028E+03  2.508E-07  5.640E-09  1.152E-01
     714      1     68      1     49      1       8     1.0078E+03  1.529E-11  4.184E-13  1.187E-01
     716      1     68      1     51      1       8     9.9193E+02  3.052E-08  5.400E-10  1.218E-01
     717      1     68      1     52      1       8     9.9193E+02  6.835E-09  1.208E-10  1.219E-01
     718      1     68      1     53      1       8     9.9193E+02  2.715E-07  4.912E-09  1.177E-01
     719      1     68      1     54      1       8     9.9193E+02  5.371E-08  9.732E-10  1.175E-01
     730      1     69      1     50      1       8     1.0075E+03  9.867E-11  2.685E-12  1.187E-01
     731      1     69      1     52      1       8     9.9193E+02  4.829E-08  8.534E-10  1.219E-01
     732      1     69      1     54      1       8     9.9193E+02  4.961E-07  8.989E-09  1.175E-01
     739      1     70      1     55      1       8     9.9383E+02  8.248E-08  1.615E-09  1.206E-01
     740      1     70      1     56      1       8     9.9356E+02  1.648E-07  3.208E-09  1.206E-01
     741      1     70      1     57      1       8     9.9342E+02  2.471E-07  4.796E-09  1.206E-01
     744      1     70      1     60      1       8     9.8118E+02  1.016E-11  1.212E-13  1.273E-01
     745      1     70      1     61      1       8     9.8091E+02  3.756E-11  4.456E-13  1.273E-01
     756      1     71      1     51      1       8     9.9913E+02  1.424E-09  2.930E-11  1.227E-01
     757      1     71      1     52      1       8     9.9913E+02  1.462E-08  3.003E-10  1.228E-01
     758      1     71      1     53      1       8     9.9913E+02  5.122E-08  1.077E-09  1.186E-01
     759      1     71      1     54      1       8     9.9913E+02  8.857E-08  1.865E-09  1.184E-01
     769      1     72      1     51      1       8     1.0009E+03  9.309E-08  1.984E-09  1.231E-01
     770      1     72      1     52      1       8     1.0009E+03  4.036E-08  8.591E-10  1.233E-01
     771      1     72      1     53      1       8     1.0009E+03  5.982E-09  1.303E-10  1.190E-01
     772      1     72      1     54      1       8     1.0009E+03  1.038E-08  2.264E-10  1.189E-01
     785      1     73      1     51      1       8     1.0011E+03  4.577E-08  9.801E-10  1.232E-01
     786      1     73      1     52      1       8     1.0011E+03  2.258E-07  4.830E-09  1.234E-01
     787      1     73      1     53      1       8     1.0011E+03  4.111E-09  8.994E-11  1.191E-01
     788      1     73      1     54      1       8     1.0011E+03  2.318E-08  5.080E-10  1.190E-01
     799      1     74      1     56      1       8     1.0007E+03  2.480E-11  5.564E-13  1.212E-01
     801      1     74      1     58      1       8     9.9171E+02  2.600E-08  4.481E-10  1.229E-01
     802      1     74      1     59      1       8     9.9171E+02  1.679E-07  2.893E-09  1.229E-01
     803      1     74      1     60      1       8     9.8831E+02  1.770E-07  2.458E-09  1.279E-01
     804      1     74      1     61      1       8     9.8804E+02  3.559E-08  4.915E-10  1.279E-01
     805      1     74      1     62      1       8     9.7852E+02  2.566E-11  3.305E-13  1.213E-01
     815      1     75      1     56      1       8     1.0007E+03  1.001E-11  2.246E-13  1.212E-01
     816      1     75      1     57      1       8     1.0006E+03  9.343E-11  2.091E-12  1.212E-01
     817      1     75      1     58      1       8     9.9173E+02  2.863E-07  4.935E-09  1.229E-01
     818      1     75      1     59      1       8     9.9173E+02  3.323E-08  5.729E-10  1.229E-01
     819      1     75      1     61      1       8     9.8806E+02  2.896E-07  4.001E-09  1.279E-01
     830      1     76      1     59      1       8     9.9649E+02  5.700E-08  1.086E-09  1.235E-01
     831      1     76      1     60      1       8     9.9309E+02  5.769E-08  8.860E-10  1.285E-01
     832      1     76      1     61      1       8     9.9282E+02  2.491E-08  3.805E-10  1.284E-01
     833      1     76      1     62      1       8     9.8329E+02  4.181E-08  5.952E-10  1.219E-01
     843      1     77      1     56      1       8     1.0055E+03  1.278E-11  3.171E-13  1.218E-01
     844      1     77      1     57      1       8     1.0053E+03  1.472E-11  3.643E-13  1.218E-01
     845      1     77      1     58      1       8     9.9651E+02  8.738E-08  1.666E-09  1.235E-01
     846      1     77      1     59      1       8     9.9651E+02  9.202E-09  1.754E-10  1.235E-01
     847      1     77      1     60      1       8     9.9311E+02  2.541E-08  3.903E-10  1.285E-01
     848      1     77      1     61      1       8     9.9284E+02  1.660E-07  2.536E-09  1.285E-01
     849      1     77      1     62      1       8     9.8331E+02  7.542E-08  1.074E-09  1.219E-01
     900      1     82      1     48      1       8     1.1525E+03  2.654E-10  3.224E-10  1.353E-01
     901      1     82      1     49      1       8     1.1524E+03  4.941E-11  5.983E-11  1.353E-01
     931      1     84      1     48      1       8     1.1526E+03  2.740E-10  3.335E-10  1.353E-01
     932      1     84      1     49      1       8     1.1524E+03  3.318E-10  4.025E-10  1.353E-01
     933      1     84      1     50      1       8     1.1522E+03  2.605E-11  3.142E-11  1.352E-01
     954      1     85      1     49      1       8     1.1526E+03  6.947E-10  8.456E-10  1.353E-01
     955      1     85      1     50      1       8     1.1523E+03  2.605E-10  3.153E-10  1.353E-01
     971      1     86      1     50      1       8     1.1525E+03  1.267E-09  1.540E-09  1.353E-01
     996      1     88      1     53      1       8     1.1375E+03  2.234E-10  1.811E-10  1.344E-01
     997      1     88      1     54      1       8     1.1375E+03  1.014E-10  8.227E-11  1.343E-01
    1013      1     89      1     48      1       8     1.1535E+03  3.088E-11  3.828E-11  1.355E-01
    1014      1     89      1     49      1       8     1.1533E+03  1.432E-11  1.769E-11  1.355E-01
    1015      1     89      1     50      1       8     1.1531E+03  3.228E-11  3.966E-11  1.355E-01
    1018      1     89      1     53      1       8     1.1375E+03  1.103E-10  8.950E-11  1.344E-01
    1019      1     89      1     54      1       8     1.1375E+03  4.664E-10  3.789E-10  1.343E-01
    1024      1     89      1     67      1       8     1.5474E+02  7.419E-12  1.927E-19  3.058E-02
    1036      1     90      1     48      1       8     1.1538E+03  1.011E-10  1.264E-10  1.354E-01
    1037      1     90      1     49      1       8     1.1537E+03  2.092E-10  2.607E-10  1.355E-01
    1038      1     90      1     50      1       8     1.1534E+03  2.391E-10  2.963E-10  1.354E-01
    1041      1     90      1     53      1       8     1.1379E+03  1.448E-11  1.185E-11  1.343E-01
    1042      1     90      1     54      1       8     1.1379E+03  6.075E-11  4.978E-11  1.342E-01
    1059      1     91      1     48      1       8     1.1554E+03  5.029E-11  6.502E-11  1.357E-01
    1060      1     91      1     49      1       8     1.1553E+03  2.702E-10  3.484E-10  1.356E-01
    1080      1     92      1     48      1       8     1.1555E+03  2.324E-10  3.011E-10  1.357E-01
    1081      1     92      1     49      1       8     1.1554E+03  7.610E-11  9.830E-11  1.357E-01
    1082      1     92      1     50      1       8     1.1551E+03  3.307E-10  4.247E-10  1.356E-01
    1102      1     93      1     49      1       8     1.1555E+03  2.623E-10  3.399E-10  1.357E-01
    1103      1     93      1     50      1       8     1.1552E+03  6.900E-10  8.887E-10  1.357E-01
    1120      1     94      1     47      1       8     1.1602E+03  1.923E-10  4.442E-10  1.299E-01
    1135      1     95      1     47      1       8     1.1603E+03  3.838E-10  8.882E-10  1.300E-01
    1153      1     96      1     51      1       8     1.1407E+03  5.517E-11  4.712E-11  1.388E-01
    1154      1     96      1     52      1       8     1.1407E+03  1.183E-11  1.009E-11  1.390E-01
    1155      1     96      1     53      1       8     1.1407E+03  3.771E-10  3.278E-10  1.347E-01
    1156      1     96      1     54      1       8     1.1407E+03  9.222E-11  8.024E-11  1.346E-01
    1160      1     96      1     66      1       8     1.5831E+02  1.183E-11  3.107E-19  3.093E-02
    1176      1     97      1     52      1       8     1.1410E+03  1.047E-10  8.978E-11  1.390E-01
    1177      1     97      1     54      1       8     1.1410E+03  6.916E-10  6.052E-10  1.346E-01
    1181      1     97      1     67      1       8     1.5817E+02  2.125E-11  5.585E-19  3.090E-02
    1260      1    102      1     51      1       8     1.1429E+03  1.510E-11  1.352E-11  1.391E-01
    1261      1    102      1     52      1       8     1.1429E+03  3.097E-11  2.768E-11  1.393E-01
    1262      1    102      1     53      1       8     1.1429E+03  6.473E-11  5.895E-11  1.350E-01
    1263      1    102      1     54      1       8     1.1429E+03  1.462E-10  1.333E-10  1.348E-01
    1280      1    103      1     63      1       8     1.6348E+02  9.027E-12  5.330E-19  2.766E-02
    1300      1    104      1     63      1       8     1.6349E+02  1.094E-11  6.462E-19  2.765E-02
    1301      1    104      1     64      1       8     1.6336E+02  8.464E-12  5.004E-19  2.760E-02
    1324      1    105      1     64      1       8     1.6338E+02  2.503E-11  1.481E-18  2.758E-02
    1345      1    106      1     65      1       8     1.6329E+02  4.032E-11  2.382E-18  2.761E-02
    1402      1    109      1     65      1       8     1.6368E+02  1.443E-11  8.597E-19  2.747E-02
    1461      1    112      1     66      1       8     1.6422E+02  8.362E-12  7.507E-19  2.431E-02
    1482      1    113      1     67      1       8     1.6385E+02  1.490E-11  1.337E-18  2.425E-02
    1505      1    114      1     68      1       8     1.5535E+02  1.786E-11  1.053E-18  2.632E-02
    1526      1    115      1     69      1       8     1.5559E+02  2.645E-11  1.559E-18  2.636E-02
    1543      1    116      1     71      1       8     1.4874E+02  7.114E-12  4.138E-19  2.567E-02
    1626      1    120      1     51      1       8     1.1526E+03  3.035E-10  3.352E-10  1.400E-01
    1627      1    120      1     52      1       8     1.1526E+03  7.644E-11  8.431E-11  1.402E-01
    1628      1    120      1     53      1       8     1.1526E+03  3.495E-11  3.925E-11  1.360E-01
    1629      1    120      1     54      1       8     1.1526E+03  8.114E-12  9.127E-12  1.358E-01
    1661      1    121      1     52      1       8     1.1526E+03  5.678E-10  6.267E-10  1.402E-01
    1662      1    121      1     54      1       8     1.1526E+03  6.821E-11  7.676E-11  1.358E-01
    1689      1    122      1     51      1       8     1.1533E+03  1.365E-10  1.532E-10  1.403E-01
    1690      1    122      1     52      1       8     1.1533E+03  8.614E-11  9.656E-11  1.404E-01
    1716      1    123      1     51      1       8     1.1534E+03  8.698E-11  9.781E-11  1.402E-01
    1717      1    123      1     52      1       8     1.1534E+03  3.567E-10  4.006E-10  1.404E-01
    1748      1    124      1     51      1       8     1.1543E+03  6.949E-11  7.969E-11  1.402E-01
    1749      1    124      1     52      1       8     1.1543E+03  1.030E-10  1.180E-10  1.404E-01
    1750      1    124      1     53      1       8     1.1543E+03  1.003E-11  1.170E-11  1.361E-01
    1751      1    124      1     54      1       8     1.1543E+03  2.044E-11  2.388E-11  1.360E-01
    1781      1    125      1     69      1       8     1.6600E+02  1.384E-11  8.431E-19  2.737E-02
    1795      1    126      1     68      1       8     1.6602E+02  1.007E-11  6.132E-19  2.738E-02
    1816      1    127      1     72      1       8     1.5715E+02  8.515E-12  4.943E-19  2.696E-02
    1844      1    128      1     73      1       8     1.5695E+02  1.551E-11  8.992E-19  2.697E-02
    1909      1    132      1    131      1       9     9.0508E+02  1.090E-03  2.749E-06  1.200E-01
    1911      1    133      1    132      1       9     9.7030E+00  2.483E-02  5.021E-08  3.866E-03
    1912      1    134      1    131      1       9     9.1482E+02  1.565E+02  1.192E+00  1.211E-01
    1913      1    134      1    132      1       9     9.7402E+00  7.435E-02  1.519E-07  3.874E-03
    1915      1    135      1    131      1       9     9.1501E+02  2.694E-01  8.334E-04  1.211E-01
    1916      1    135      1    132      1       9     9.9323E+00  1.267E-01  2.427E-07  3.891E-03
    1922      1    136      1    134      1       9     5.1824E-01  1.176E-10  1.000E-30  2.875E-03
    1924      1    137      1    131      1       9     9.2202E+02  4.744E+03  1.825E+03  1.277E-01
    1925      1    137      1    132      1       9     1.6939E+01  2.829E-04  6.462E-11  1.048E-02
    1929      1    137      1    136      1       9     6.6803E+00  1.475E-02  2.027E-08  9.369E-03
    1932      1    138      1    133      1       9     1.5434E+02  2.885E-01  2.275E-08  2.640E-02
    1933      1    138      1    134      1       9     1.5430E+02  8.650E-01  6.788E-08  2.640E-02
    1934      1    138      1    135      1       9     1.5411E+02  1.436E+00  1.134E-07  2.637E-02
    1936      1    138      1    137      1       9     1.4710E+02  3.217E-04  2.047E-11  3.145E-02
    1937      1    139      1    131      1       9     1.0718E+03  3.397E-01  1.829E-01  1.538E-01
    1938      1    139      1    132      1       9     1.6673E+02  2.007E+01  4.725E-07  9.814E-02
    1941      1    139      1    136      1       9     1.5648E+02  2.892E-03  2.429E-10  2.620E-02
    1943      1    139      1    138      1       9     2.6959E+00  2.991E-05  4.776E-11  8.715E-02
    1948      1    140      1    134      1       9     1.5701E+02  4.103E-04  3.227E-11  2.669E-02
    1951      1    140      1    137      1       9     1.4981E+02  7.587E-01  4.838E-08  3.174E-02
    1955      1    141      1    133      1       9     1.5857E+02  9.731E+00  9.304E-07  2.404E-02
    1956      1    141      1    134      1       9     1.5853E+02  2.917E+01  1.716E-06  3.915E-02
    1957      1    141      1    135      1       9     1.5834E+02  4.864E+01  3.403E-06  3.300E-02
    1959      1    141      1    137      1       9     1.5133E+02  6.172E-01  4.371E-08  3.142E-02
    1961      1    141      1    139      1       9     1.5355E+00  3.005E-06  3.194E-11  6.870E-02
    1963      1    142      1    131      1       9     1.0738E+03  1.651E+01  3.097E+02  1.556E-01
    1964      1    142      1    132      1       9     1.6869E+02  3.817E-03  2.999E-10  2.915E-02
    1968      1    142      1    136      1       9     1.5843E+02  5.888E+00  4.578E-07  2.804E-02
    1970      1    142      1    138      1       9     4.6532E+00  4.429E-08  6.607E-14  1.827E-02
    1971      1    142      1    140      1       9     1.9404E+00  2.649E-06  2.504E-11  1.798E-02
    1972      1    142      1    141      1       9     4.2177E-01  1.665E-10  1.000E-30  1.769E-02
    1976      1    143      1    134      1       9     1.5918E+02  4.742E-01  4.348E-08  2.410E-02
    1977      1    143      1    135      1       9     1.5899E+02  2.175E-01  2.005E-08  2.407E-02
    1979      1    143      1    137      1       9     1.5198E+02  2.732E+01  2.004E-06  2.915E-02
    1981      1    143      1    139      1       9     2.1891E+00  9.924E-08  2.406E-13  7.551E-02
    1983      1    143      1    142      1       9     2.3184E-01  9.961E-09  3.051E-11  1.496E-02
    1986      1    144      1    133      1       9     2.1068E+02  3.197E-02  2.315E-09  5.118E-02
    1987      1    144      1    134      1       9     2.1064E+02  9.590E-02  3.315E-09  1.124E-01
    1988      1    144      1    135      1       9     2.1045E+02  1.593E-01  1.153E-08  5.116E-02
    1990      1    144      1    137      1       9     2.0344E+02  1.036E-01  3.629E-09  1.056E-01
    1992      1    144      1    139      1       9     5.3644E+01  5.418E-02  2.874E-10  1.197E-01
    1995      1    144      1    142      1       9     5.1687E+01  1.593E-02  1.072E-10  1.001E-01
    1997      1    145      1    131      1       9     1.1265E+03  4.488E+00  5.980E+01  2.686E-01
    1998      1    145      1    132      1       9     2.2141E+02  2.445E+00  1.161E-07  9.232E-02
    2001      1    145      1    136      1       9     2.1116E+02  6.724E-01  2.682E-08  1.003E-01
    2003      1    145      1    138      1       9     5.7375E+01  2.458E-01  1.868E-09  7.773E-02
    2005      1    145      1    140      1       9     5.4663E+01  7.106E-02  5.483E-10  8.181E-02
    2006      1    145      1    141      1       9     5.3144E+01  2.665E-02  8.973E-11  1.809E-01
    2008      1    145      1    143      1       9     5.2490E+01  6.674E-03  1.200E-11  3.600E-01
    2009      1    145      1    144      1       9     1.0350E+00  6.590E-07  1.473E-12  3.327E-01
    2019      1    147      1    141      1       9     5.3800E+01  9.817E-01  1.102E-09  5.323E-01
    2021      1    147      1    143      1       9     5.3146E+01  8.370E-01  9.600E-10  5.568E-01
    2025      1    146      1    133      1       9     2.1228E+02  1.142E-01  9.554E-09  4.588E-02
    2026      1    146      1    134      1       9     2.1224E+02  1.058E+00  7.945E-08  5.156E-02
    2027      1    146      1    135      1       9     2.1205E+02  4.121E+00  2.788E-07  5.782E-02
    2029      1    146      1    137      1       9     2.0505E+02  2.829E+00  1.928E-07  5.265E-02
    2031      1    146      1    139      1       9     5.5250E+01  4.756E-01  3.246E-09  8.987E-02
    2034      1    146      1    142      1       9     5.3293E+01  2.340E-01  3.342E-09  3.856E-02
    2037      1    146      1    145      1       9     5.7043E-01  8.850E-08  2.583E-12  6.875E-02
    2041      1    148      1    133      1       9     2.3620E+02  8.526E-03  4.368E-10  9.364E-02
    2042      1    148      1    134      1       9     2.3617E+02  2.558E-02  1.040E-09  1.275E-01
    2043      1    148      1    135      1       9     2.3597E+02  4.251E-02  2.175E-09  9.362E-02
    2045      1    148      1    137      1       9     2.2897E+02  3.411E-02  1.343E-09  1.212E-01
    2047      1    148      1    139      1       9     7.9172E+01  1.902E-02  5.280E-11  1.564E-01
    2050      1    148      1    142      1       9     7.7215E+01  6.387E-03  2.372E-11  1.125E-01
    2053      1    148      1    145      1       9     2.4493E+01  5.644E-03  2.930E-11  3.540E-01
    2055      1    149      1    131      1       9     1.1515E+03  2.486E+00  2.155E+01  3.416E-01
    2056      1    149      1    132      1       9     2.4643E+02  7.058E-01  3.598E-08  1.144E-01
    2057      1    149      1    136      1       9     2.3617E+02  1.976E-01  8.825E-09  1.179E-01
    2058      1    149      1    138      1       9     8.2392E+01  9.392E-02  3.630E-10  1.018E-01
    2060      1    149      1    140      1       9     7.9679E+01  2.833E-02  1.110E-10  1.042E-01
    2061      1    149      1    141      1       9     7.8160E+01  8.602E-03  2.329E-11  1.543E-01
    2063      1    149      1    143      1       9     7.7507E+01  2.293E-03  4.329E-12  2.380E-01
    2064      1    149      1    144      1       9     2.6051E+01  1.781E-02  3.709E-11  8.000E-01
    2067      1    149      1    146      1       9     2.4446E+01  4.212E-03  1.638E-11  4.766E-01
    2068      1    149      1    148      1       9     5.2350E-01  5.588E-08  5.590E-13  2.695E-01
    2071      1    150      1    134      1       9     2.3681E+02  2.781E-01  1.595E-08  8.531E-02
    2072      1    150      1    135      1       9     2.3662E+02  1.088E+00  6.261E-08  8.528E-02
    2074      1    150      1    137      1       9     2.2961E+02  7.556E-01  3.801E-08  9.036E-02
    2076      1    150      1    139      1       9     7.9816E+01  1.680E-01  5.471E-10  1.317E-01
    2079      1    150      1    142      1       9     7.7858E+01  8.724E-02  4.070E-10  7.618E-02
    2082      1    150      1    145      1       9     2.5136E+01  3.378E-02  6.140E-11  9.653E-01
    2083      1    150      1    147      1       9     2.4480E+01  1.711E-03  4.935E-12  6.400E-01
    2086      1    150      1    149      1       9     1.1969E-01  3.385E-10  9.182E-14  1.387E-01
    2087      1    150      1    133      1       9     2.3685E+02  3.015E-02  1.737E-09  8.531E-02
    2092      1    151      1    141      1       9     7.8555E+01  2.422E-01  1.708E-10  6.023E-01
    2094      1    151      1    143      1       9     7.7901E+01  2.079E-01  1.592E-10  5.833E-01
    2097      1    151      1    146      1       9     2.4841E+01  9.211E-02  2.136E-10  7.718E-01
    2099      1    151      1    150      1       9     2.7499E-01  2.189E-09  2.913E-14  7.107E-01
    2105      1    152      1    147      1       9     2.5212E+01  1.099E-01  2.695E-10  7.113E-01
    2108      1    152      1    151      1       9     4.5655E-01  3.244E-09  1.713E-14  6.357E-01
    2109      1    153      1    131      1       9     1.1649E+03  1.613E+00  1.582E+01  3.515E-01
    2110      1    153      1    132      1       9     2.5979E+02  3.177E-01  1.166E-08  1.715E-01
    2111      1    153      1    138      1       9     9.5753E+01  3.805E-02  7.653E-11  1.606E-01
    2112      1    153      1    141      1       9     9.1522E+01  3.647E-03  6.587E-12  1.874E-01
    2113      1    153      1    144      1       9     3.9413E+01  9.561E-03  7.304E-12  1.160E+00
    2116      1    153      1    146      1       9     3.7807E+01  2.257E-03  6.697E-12  3.036E-01
    2117      1    153      1    148      1       9     1.3885E+01  1.704E-03  1.308E-11  6.240E-01
    2119      1    153      1    150      1       9     1.3241E+01  8.045E-04  1.171E-11  3.400E-01
    2121      1    153      1    136      1       9     2.4953E+02  1.223E-01  3.990E-09  1.739E-01
    2122      1    153      1    140      1       9     9.3040E+01  1.359E-02  2.717E-11  1.638E-01
    2123      1    153      1    143      1       9     9.0868E+01  1.011E-03  1.805E-12  2.092E-01
    2125      1    154      1    133      1       9     2.5020E+02  3.291E-03  1.055E-10  1.677E-01
    2126      1    154      1    134      1       9     2.5017E+02  9.862E-03  2.980E-10  1.896E-01
    2127      1    154      1    135      1       9     2.4997E+02  1.638E-02  5.245E-10  1.677E-01
    2128      1    154      1    137      1       9     2.4297E+02  1.689E-02  4.807E-10  1.842E-01
    2129      1    154      1    139      1       9     9.3172E+01  8.381E-03  1.385E-11  2.290E-01
    2130      1    154      1    142      1       9     9.1214E+01  3.205E-03  6.320E-12  1.737E-01
    2132      1    154      1    145      1       9     3.8492E+01  3.391E-03  4.596E-12  6.749E-01
    2135      1    154      1    149      1       9     1.3476E+01  9.230E-04  1.401E-11  3.009E-01
    2137      1    154      1    153      1       9     1.1458E-01  3.954E-10  4.649E-14  4.471E-01
    2139      1    155      1    141      1       9     9.2082E+01  2.034E-01  1.589E-10  5.063E-01
    2140      1    155      1    143      1       9     9.1429E+01  6.602E-02  4.042E-11  6.766E-01
    2143      1    155      1    146      1       9     3.8368E+01  6.740E-02  8.843E-11  7.007E-01
    2145      1    155      1    150      1       9     1.3802E+01  1.443E-02  9.505E-11  7.381E-01
    2147      1    155      1    152      1       9     1.3071E+01  1.871E-04  1.406E-12  7.168E-01
    2150      1    156      1    133      1       9     2.5067E+02  1.105E-01  3.854E-09  1.561E-01
    2151      1    156      1    134      1       9     2.5064E+02  3.316E-01  1.156E-08  1.589E-01
    2152      1    156      1    135      1       9     2.5045E+02  5.509E-01  1.926E-08  1.577E-01
    2153      1    156      1    137      1       9     2.4344E+02  3.096E-01  9.686E-09  1.647E-01
    2154      1    156      1    139      1       9     9.3643E+01  1.311E-01  2.310E-10  2.165E-01
    2155      1    156      1    142      1       9     9.1686E+01  4.258E-02  9.217E-11  1.505E-01
    2157      1    156      1    145      1       9     3.8964E+01  3.309E-02  3.054E-11  9.764E-01
    2158      1    156      1    147      1       9     3.8308E+01  8.206E-04  1.075E-12  7.033E-01
    2161      1    156      1    149      1       9     1.3948E+01  6.275E-03  4.908E-11  6.063E-01
    2163      1    156      1    151      1       9     1.3553E+01  5.365E-04  3.386E-12  7.973E-01
    2165      1    156      1    153      1       9     5.8638E-01  7.350E-08  4.009E-13  3.364E-01
    2169      1    157      1    147      1       9     3.8326E+01  9.217E-02  1.251E-10  6.801E-01
    2172      1    157      1    151      1       9     1.3571E+01  2.667E-02  1.725E-10  7.741E-01
    2179      1    158      1    152      1       9     1.3119E+01  4.257E-02  1.396E-09  1.143E-01
    2182      1    159      1    131      1       9     1.1731E+03  1.246E+00  6.956E+00  5.071E-01
    2183      1    159      1    132      1       9     2.6797E+02  1.572E-01  3.594E-09  3.077E-01
    2184      1    159      1    136      1       9     2.5772E+02  6.904E-02  1.394E-09  3.214E-01
    2185      1    159      1    138      1       9     1.0394E+02  2.024E-02  2.214E-11  2.968E-01
    2186      1    159      1    140      1       9     1.0122E+02  7.914E-03  8.735E-12  3.112E-01
    2187      1    159      1    141      1       9     9.9705E+01  1.842E-03  1.655E-12  3.974E-01
    2188      1    159      1    143      1       9     9.9051E+01  5.364E-04  4.160E-13  5.117E-01
    2189      1    159      1    144      1       9     4.7596E+01  5.893E-03  5.312E-12  7.705E-01
    2190      1    159      1    146      1       9     4.5990E+01  1.247E-03  9.985E-13  9.136E-01
    2191      1    159      1    148      1       9     2.2068E+01  1.471E-03  6.426E-12  4.264E-01
    2193      1    159      1    150      1       9     2.1424E+01  5.725E-04  1.374E-12  9.516E-01
    2196      1    159      1    154      1       9     8.0684E+00  2.820E-04  4.797E-12  7.448E-01
    2198      1    159      1    156      1       9     7.5966E+00  1.659E-04  2.421E-12  1.005E+00
    2200      1    160      1    133      1       9     2.5838E+02  1.504E-03  3.074E-11  2.886E-01
    2201      1    160      1    134      1       9     2.5835E+02  4.514E-03  9.082E-11  3.046E-01
    2202      1    160      1    135      1       9     2.5815E+02  7.498E-03  1.531E-10  2.886E-01
    2203      1    160      1    139      1       9     1.0135E+02  4.229E-03  4.269E-12  3.494E-01
    2204      1    160      1    142      1       9     9.9394E+01  1.896E-03  2.053E-12  2.883E-01
    2205      1    160      1    145      1       9     4.6672E+01  1.942E-03  1.495E-12  9.298E-01
    2207      1    160      1    149      1       9     2.1656E+01  6.711E-04  2.606E-12  5.419E-01
    2209      1    160      1    153      1       9     8.2945E+00  2.248E-04  4.866E-12  4.485E-01
    2212      1    160      1    159      1       9     1.1154E-01  2.724E-10  2.177E-14  5.168E-01
    2214      1    161      1    133      1       9     2.5848E+02  5.469E-02  1.183E-09  2.734E-01
    2215      1    161      1    134      1       9     2.5845E+02  1.637E-01  3.495E-09  2.752E-01
    2216      1    161      1    135      1       9     2.5826E+02  2.711E-01  5.830E-09  2.744E-01
    2217      1    161      1    137      1       9     2.5125E+02  1.595E-01  3.133E-09  2.807E-01
    2218      1    161      1    139      1       9     1.0145E+02  6.853E-02  7.255E-11  3.337E-01
    2219      1    161      1    142      1       9     9.9496E+01  2.278E-02  2.616E-11  2.665E-01
    2220      1    161      1    145      1       9     4.6774E+01  1.926E-02  1.259E-11  1.098E+00
    2221      1    161      1    147      1       9     4.6118E+01  4.041E-04  3.572E-13  8.242E-01
    2223      1    161      1    149      1       9     2.1757E+01  4.784E-03  1.443E-11  7.255E-01
    2225      1    161      1    151      1       9     2.1363E+01  3.129E-04  7.810E-13  9.204E-01
    2227      1    161      1    153      1       9     8.3961E+00  1.132E-03  2.324E-11  5.288E-01
    2229      1    161      1    155      1       9     7.8355E+00  1.404E-04  2.146E-12  9.042E-01
    2232      1    161      1    159      1       9     2.1316E-01  3.276E-09  7.288E-14  5.022E-01
    2234      1    160      1    137      1       9     2.5115E+02  1.055E-02  1.972E-10  2.936E-01
    2236      1    162      1    141      1       9     1.0012E+02  9.837E-02  1.163E-10  2.615E-01
    2237      1    162      1    143      1       9     9.9471E+01  3.196E-02  3.954E-11  2.413E-01
    2238      1    162      1    146      1       9     4.6410E+01  3.669E-02  7.468E-11  2.607E-01
    2240      1    162      1    150      1       9     2.1844E+01  1.051E-02  5.685E-11  2.857E-01
    2242      1    162      1    152      1       9     2.1113E+01  1.003E-04  6.243E-13  2.644E-01
    2245      1    162      1    156      1       9     8.0166E+00  2.128E-03  5.594E-11  3.673E-01
    2246      1    162      1    157      1       9     7.9980E+00  9.259E-05  2.704E-12  3.214E-01
    2249      1    162      1    161      1       9     2.0685E-01  1.562E-09  3.914E-14  4.769E-01
    2251      1    163      1    147      1       9     4.6340E+01  4.136E-02  3.814E-11  7.848E-01
    2253      1    163      1    151      1       9     2.1585E+01  1.637E-02  4.186E-11  8.816E-01
    2255      1    163      1    155      1       9     8.0583E+00  4.083E-03  6.203E-11  8.653E-01
    2258      1    163      1    158      1       9     8.0096E+00  3.581E-05  1.221E-12  2.749E-01
    2263      1    164      1    152      1       9     2.1133E+01  1.708E-02  1.346E-10  2.082E-01
    2265      1    164      1    157      1       9     8.0176E+00  6.937E-03  2.436E-10  2.658E-01
    2270      1    165      1    133      1       9     2.6417E+02  6.970E-04  9.659E-12  4.736E-01
    2271      1    165      1    134      1       9     2.6413E+02  2.094E-03  2.933E-11  4.869E-01
    2272      1    165      1    135      1       9     2.6394E+02  3.476E-03  4.809E-11  4.736E-01
    2273      1    165      1    139      1       9     1.0714E+02  2.227E-03  1.497E-12  5.342E-01
    2274      1    165      1    142      1       9     1.0518E+02  1.249E-03  8.573E-13  4.698E-01
    2275      1    165      1    145      1       9     5.2461E+01  1.164E-03  6.393E-13  1.204E+00
    2276      1    165      1    149      1       9     2.7445E+01  4.528E-04  8.533E-13  8.001E-01
    2277      1    165      1    153      1       9     1.4083E+01  2.001E-04  1.208E-12  5.988E-01
    2280      1    165      1    159      1       9     5.9005E+00  8.668E-05  1.705E-12  1.206E+00
    2283      1    165      1    137      1       9     2.5694E+02  7.550E-03  9.611E-11  4.786E-01
    2285      1    166      1    133      1       9     2.6436E+02  2.861E-02  4.173E-10  4.545E-01
    2286      1    166      1    134      1       9     2.6432E+02  8.583E-02  1.246E-09  4.556E-01
    2287      1    166      1    135      1       9     2.6413E+02  1.426E-01  2.077E-09  4.551E-01
    2288      1    166      1    137      1       9     2.5712E+02  9.066E-02  1.214E-09  4.610E-01
    2289      1    166      1    139      1       9     1.0733E+02  3.810E-02  2.670E-11  5.148E-01
    2290      1    166      1    142      1       9     1.0537E+02  1.319E-02  9.498E-12  4.468E-01
    2291      1    166      1    145      1       9     5.2650E+01  1.178E-02  6.103E-12  1.286E+00
    2292      1    166      1    147      1       9     5.1993E+01  2.235E-04  1.482E-13  1.008E+00
    2293      1    166      1    149      1       9     2.7633E+01  3.449E-03  5.891E-12  9.100E-01
    2294      1    166      1    151      1       9     2.7238E+01  1.932E-04  2.864E-13  1.105E+00
    2295      1    166      1    153      1       9     1.4272E+01  1.191E-03  7.078E-12  7.119E-01
    2297      1    166      1    155      1       9     1.3711E+01  1.253E-04  5.959E-13  1.091E+00
    2300      1    166      1    159      1       9     6.0890E+00  3.999E-04  6.831E-12  1.341E+00
    2303      1    166      1    162      1       9     5.6689E+00  7.035E-05  2.048E-12  6.553E-01
    2307      1    167      1    141      1       9     1.0582E+02  5.249E-02  3.799E-11  4.364E-01
    2308      1    167      1    143      1       9     1.0517E+02  1.708E-02  1.290E-11  4.160E-01
    2309      1    167      1    146      1       9     5.2109E+01  2.115E-02  2.363E-11  4.356E-01
    2310      1    167      1    150      1       9     2.7543E+01  6.991E-03  1.729E-11  4.604E-01
    2311      1    167      1    152      1       9     2.6811E+01  5.535E-05  1.504E-13  4.391E-01
    2314      1    167      1    156      1       9     1.3715E+01  2.167E-03  1.523E-11  5.424E-01
    2315      1    167      1    157      1       9     1.3696E+01  6.659E-05  5.013E-13  4.963E-01
    2318      1    167      1    161      1       9     5.9053E+00  7.746E-04  2.099E-11  6.527E-01
    2320      1    167      1    163      1       9     5.6825E+00  5.234E-05  1.650E-12  5.977E-01
    2324      1    168      1    147      1       9     5.2036E+01  2.140E-02  1.506E-11  9.513E-01
    2325      1    168      1    151      1       9     2.7281E+01  9.880E-03  1.543E-11  1.048E+00
    2326      1    168      1    155      1       9     1.3754E+01  3.707E-03  1.860E-11  1.034E+00
    2329      1    168      1    158      1       9     1.3705E+01  2.123E-05  1.798E-13  4.410E-01
    2331      1    168      1    162      1       9     5.7118E+00  1.229E-03  3.880E-11  5.892E-01
    2333      1    168      1    164      1       9     5.6922E+00  3.060E-05  1.078E-12  5.331E-01
    2337      1    169      1    152      1       9     2.6828E+01  8.424E-03  2.760E-11  3.632E-01
    2339      1    169      1    157      1       9     1.3713E+01  5.118E-03  4.528E-11  4.208E-01
    2342      1    169      1    163      1       9     5.6990E+00  2.027E-03  7.255E-11  5.222E-01
    2346      1    170      1    131      1       9     1.1793E+03  9.492E-01  3.667E+00  6.477E-01
    2347      1    170      1    132      1       9     2.7419E+02  8.135E-02  1.304E-09  4.757E-01
    2348      1    170      1    136      1       9     2.6393E+02  4.274E-02  6.078E-10  4.768E-01
    2349      1    170      1    138      1       9     1.1015E+02  1.126E-02  7.814E-12  4.648E-01
    2350      1    170      1    140      1       9     1.0744E+02  4.963E-03  3.467E-12  4.667E-01
    2351      1    170      1    141      1       9     1.0592E+02  1.007E-03  6.651E-13  4.868E-01
    2352      1    170      1    143      1       9     1.0526E+02  3.079E-04  2.135E-13  4.933E-01
    2353      1    170      1    144      1       9     5.3809E+01  3.731E-03  1.568E-12  1.551E+00
    2354      1    170      1    146      1       9     5.2204E+01  7.407E-04  7.319E-13  5.609E-01
    2355      1    170      1    148      1       9     2.8281E+01  1.124E-03  1.706E-12  9.929E-01
    2356      1    170      1    150      1       9     2.7638E+01  3.936E-04  8.682E-13  5.981E-01
    2358      1    170      1    154      1       9     1.4282E+01  3.614E-04  1.965E-12  8.116E-01
    2360      1    170      1    156      1       9     1.3810E+01  1.858E-04  1.196E-12  6.513E-01
    2362      1    170      1    160      1       9     6.1018E+00  1.226E-04  2.879E-12  8.079E-01
    2363      1    170      1    161      1       9     6.0002E+00  1.046E-04  2.562E-12  7.708E-01
    2365      1    170      1    165      1       9     3.1289E-01  1.033E-08  6.158E-14  9.198E-01
    2366      1    170      1    166      1       9     1.2442E-01  6.269E-10  2.425E-14  8.878E-01
    2369      1    171      1    133      1       9     2.6762E+02  2.540E-04  2.987E-12  7.429E-01
    2370      1    171      1    134      1       9     2.6758E+02  7.638E-04  8.939E-12  7.564E-01
    2371      1    171      1    135      1       9     2.6739E+02  1.264E-03  1.484E-11  7.429E-01
    2372      1    171      1    139      1       9     1.1059E+02  9.988E-04  5.516E-13  8.035E-01
    2373      1    171      1    142      1       9     1.0863E+02  8.052E-04  4.481E-13  7.370E-01
    2374      1    171      1    145      1       9     5.5906E+01  6.014E-04  3.048E-13  1.546E+00
    2375      1    171      1    149      1       9     3.0889E+01  2.392E-04  3.368E-13  1.122E+00
    2376      1    171      1    153      1       9     1.7528E+01  1.092E-04  3.950E-13  9.092E-01
    2377      1    171      1    159      1       9     9.3451E+00  5.081E-05  4.161E-13  1.532E+00
    2382      1    171      1    170      1       9     3.1317E+00  8.424E-06  5.183E-13  1.159E+00
    2383      1    171      1    137      1       9     2.6038E+02  5.643E-03  6.120E-11  7.480E-01
    2384      1    172      1    131      1       9     1.1825E+03  6.795E-01  2.091E+00  8.646E-01
    2385      1    172      1    132      1       9     2.7741E+02  3.654E-02  4.997E-10  7.445E-01
    2386      1    172      1    136      1       9     2.6715E+02  2.668E-02  3.231E-10  7.449E-01
    2387      1    172      1    138      1       9     1.1337E+02  5.362E-03  3.044E-12  7.336E-01
    2388      1    172      1    140      1       9     1.1066E+02  2.912E-03  1.661E-12  7.349E-01
    2389      1    172      1    141      1       9     1.0914E+02  4.827E-04  2.569E-13  7.534E-01
    2390      1    172      1    143      1       9     1.0848E+02  1.607E-04  8.919E-14  7.517E-01
    2391      1    172      1    144      1       9     5.7029E+01  1.935E-03  8.102E-13  1.884E+00
    2392      1    172      1    146      1       9     5.5424E+01  3.647E-04  2.889E-13  8.037E-01
    2393      1    172      1    148      1       9     3.1501E+01  5.966E-04  7.415E-13  1.305E+00
    2394      1    172      1    150      1       9     3.0858E+01  1.944E-04  3.162E-13  8.407E-01
    2395      1    172      1    154      1       9     1.7502E+01  2.035E-04  7.052E-13  1.116E+00
    2396      1    172      1    156      1       9     1.7030E+01  9.439E-05  3.690E-13  8.937E-01
    2398      1    172      1    160      1       9     9.3221E+00  7.643E-05  7.558E-13  1.109E+00
    2399      1    172      1    161      1       9     9.2204E+00  5.282E-05  5.397E-13  1.014E+00
    2401      1    172      1    165      1       9     3.5331E+00  1.544E-05  7.614E-13  1.223E+00
    2402      1    172      1    166      1       9     3.3446E+00  1.299E-05  7.223E-13  1.196E+00
    2405      1    172      1    171      1       9     8.8530E-02  1.527E-10  7.105E-15  1.448E+00
    2407      1    173      1    133      1       9     2.6775E+02  1.341E-02  1.659E-10  7.207E-01
    2408      1    173      1    134      1       9     2.6772E+02  4.020E-02  4.949E-10  7.215E-01
    2409      1    173      1    135      1       9     2.6753E+02  6.676E-02  8.244E-10  7.212E-01
    2410      1    173      1    137      1       9     2.6052E+02  4.963E-02  5.659E-10  7.268E-01
    2411      1    173      1    139      1       9     1.1072E+02  1.849E-02  1.067E-11  7.810E-01
    2412      1    173      1    142      1       9     1.0877E+02  7.001E-03  4.087E-12  7.126E-01
    2413      1    173      1    145      1       9     5.6044E+01  6.029E-03  3.076E-12  1.566E+00
    2414      1    173      1    147      1       9     5.5388E+01  1.065E-04  6.589E-14  1.275E+00
    2415      1    173      1    149      1       9     3.1028E+01  1.841E-03  2.543E-12  1.181E+00
    2416      1    173      1    151      1       9     3.0633E+01  9.335E-05  1.179E-13  1.372E+00
    2417      1    173      1    153      1       9     1.7666E+01  6.769E-04  2.503E-12  9.805E-01
    2418      1    173      1    155      1       9     1.7106E+01  6.265E-05  2.051E-13  1.359E+00
    2419      1    173      1    159      1       9     9.4835E+00  2.574E-04  2.025E-12  1.609E+00
    2422      1    173      1    162      1       9     9.0635E+00  3.880E-05  4.297E-13  9.197E-01
    2426      1    173      1    167      1       9     3.3650E+00  1.211E-05  6.974E-13  1.094E+00
    2428      1    173      1    170      1       9     3.2701E+00  3.575E-05  2.108E-12  1.230E+00
    2430      1    173      1    172      1       9     4.9865E-02  2.985E-11  4.341E-15  1.419E+00
    2432      1    174      1    141      1       9     1.0922E+02  2.516E-02  1.454E-11  6.947E-01
    2433      1    174      1    143      1       9     1.0857E+02  8.218E-03  4.954E-12  6.741E-01
    2434      1    174      1    146      1       9     5.5510E+01  1.045E-02  8.807E-12  6.940E-01
    2435      1    174      1    150      1       9     3.0945E+01  3.603E-03  6.208E-12  7.185E-01
    2436      1    174      1    152      1       9     3.0213E+01  2.525E-05  4.667E-14  6.972E-01
    2437      1    174      1    156      1       9     1.7117E+01  1.227E-03  5.100E-12  8.008E-01
    2438      1    174      1    157      1       9     1.7098E+01  3.083E-05  1.343E-13  7.546E-01
    2440      1    174      1    161      1       9     9.3071E+00  4.987E-04  5.327E-12  9.111E-01
    2442      1    174      1    163      1       9     9.0843E+00  2.596E-05  3.065E-13  8.559E-01
    2444      1    174      1    166      1       9     3.4313E+00  9.178E-05  5.113E-12  1.088E+00
    2446      1    174      1    168      1       9     3.3885E+00  1.026E-05  6.226E-13  1.021E+00
    2450      1    174      1    173      1       9     3.6838E-02  1.104E-11  2.994E-15  1.351E+00
    2452      1    175      1    147      1       9     5.5429E+01  9.904E-03  6.555E-12  1.199E+00
    2453      1    175      1    151      1       9     3.0674E+01  4.783E-03  6.416E-12  1.298E+00
    2454      1    175      1    155      1       9     1.7146E+01  1.960E-03  6.802E-12  1.284E+00
    2455      1    175      1    158      1       9     1.7098E+01  8.746E-06  4.170E-14  6.896E-01
    2457      1    175      1    162      1       9     9.1041E+00  7.780E-04  9.326E-12  8.378E-01
    2459      1    175      1    164      1       9     9.0845E+00  1.307E-05  1.689E-13  7.817E-01
    2461      1    175      1    167      1       9     3.4056E+00  1.561E-04  9.437E-12  1.011E+00
    2463      1    175      1    169      1       9     3.3892E+00  7.197E-06  4.762E-13  9.354E-01
    2467      1    176      1    152      1       9     3.0298E+01  3.655E-03  7.814E-12  5.987E-01
    2468      1    176      1    157      1       9     1.7183E+01  2.430E-03  1.203E-11  6.564E-01
    2470      1    176      1    163      1       9     9.1695E+00  1.179E-03  1.540E-11  7.578E-01
    2473      1    176      1    168      1       9     3.4737E+00  2.732E-04  1.740E-11  9.225E-01
    2476      1    176      1    175      1       9     8.1347E-02  1.583E-11  1.030E-15  1.170E+00
    2478      1    177      1    133      1       9     2.7024E+02  2.932E-05  4.500E-13  1.119E+00
    2479      1    177      1    134      1       9     2.7020E+02  9.014E-05  1.377E-12  1.144E+00
    2480      1    177      1    135      1       9     2.7001E+02  1.455E-04  2.230E-12  1.119E+00
    2481      1    177      1    139      1       9     1.1321E+02  2.624E-04  1.815E-13  1.179E+00
    2482      1    177      1    145      1       9     5.8528E+01  2.361E-04  1.659E-13  1.985E+00
    2483      1    177      1    149      1       9     3.3511E+01  9.289E-05  1.547E-13  1.546E+00
    2484      1    177      1    153      1       9     2.0150E+01  4.345E-05  1.639E-13  1.315E+00
    2485      1    177      1    159      1       9     1.1967E+01  2.133E-05  1.610E-13  1.964E+00
    2488      1    177      1    170      1       9     5.7538E+00  6.098E-06  1.664E-13  1.558E+00
    2490      1    177      1    172      1       9     2.5335E+00  2.863E-06  2.510E-13  1.802E+00
    2492      1    178      1    131      1       9     1.1851E+03  3.785E-01  1.533E+00  1.136E+00
    2493      1    178      1    132      1       9     2.8001E+02  9.261E-03  1.671E-10  1.120E+00
    2494      1    178      1    136      1       9     2.6975E+02  1.630E-02  2.602E-10  1.120E+00
    2495      1    178      1    138      1       9     1.1597E+02  1.611E-03  1.168E-12  1.110E+00
    2496      1    178      1    140      1       9     1.1325E+02  1.555E-03  1.131E-12  1.110E+00
    2497      1    178      1    141      1       9     1.1174E+02  1.628E-04  1.102E-13  1.129E+00
    2498      1    178      1    143      1       9     1.1108E+02  6.556E-05  4.628E-14  1.120E+00
    2499      1    178      1    144      1       9     5.9627E+01  7.393E-04  4.538E-13  2.341E+00
    2500      1    178      1    146      1       9     5.8022E+01  1.304E-04  1.237E-13  1.164E+00
    2501      1    178      1    148      1       9     3.4099E+01  2.328E-04  3.617E-13  1.729E+00
    2502      1    178      1    150      1       9     3.3456E+01  7.064E-05  1.303E-13  1.201E+00
    2503      1    178      1    154      1       9     2.0100E+01  8.357E-05  3.179E-13  1.525E+00
    2504      1    178      1    156      1       9     1.9628E+01  3.591E-05  1.467E-13  1.253E+00
    2505      1    178      1    160      1       9     1.1920E+01  3.458E-05  3.017E-13  1.510E+00
    2506      1    178      1    161      1       9     1.1819E+01  2.122E-05  1.903E-13  1.374E+00
    2507      1    178      1    165      1       9     6.1312E+00  1.078E-05  2.676E-13  1.621E+00
    2508      1    178      1    166      1       9     5.9427E+00  7.980E-06  2.120E-13  1.556E+00
    2511      1    178      1    171      1       9     2.6866E+00  3.779E-06  3.061E-13  1.847E+00
    2513      1    178      1    173      1       9     2.5482E+00  3.573E-06  3.200E-13  1.823E+00
    2515      1    178      1    177      1       9     6.4542E-02  3.184E-11  1.847E-15  2.193E+00
    2516      1    177      1    137      1       9     2.6300E+02  4.496E-03  6.377E-11  1.124E+00
    2517      1    177      1    142      1       9     1.1125E+02  4.974E-04  3.489E-13  1.110E+00
    2519      1    179      1    133      1       9     2.7034E+02  4.108E-03  6.687E-11  1.092E+00
    2520      1    179      1    134      1       9     2.7031E+02  1.229E-02  1.991E-10  1.093E+00
    2521      1    179      1    135      1       9     2.7011E+02  2.046E-02  3.325E-10  1.093E+00
    2522      1    179      1    137      1       9     2.6311E+02  2.369E-02  3.564E-10  1.098E+00
    2523      1    179      1    139      1       9     1.1331E+02  6.105E-03  4.472E-12  1.153E+00
    2524      1    179      1    142      1       9     1.1136E+02  3.011E-03  2.236E-12  1.084E+00
    2525      1    179      1    145      1       9     5.8633E+01  2.201E-03  1.611E-12  1.971E+00
    2526      1    179      1    147      1       9     5.7977E+01  3.699E-05  3.137E-14  1.648E+00
    2527      1    179      1    149      1       9     3.3617E+01  6.961E-04  1.205E-12  1.566E+00
    2528      1    179      1    151      1       9     3.3222E+01  3.284E-05  5.403E-14  1.745E+00
    2529      1    179      1    153      1       9     2.0256E+01  2.690E-04  1.053E-12  1.357E+00
    2530      1    179      1    155      1       9     1.9695E+01  2.274E-05  8.534E-14  1.732E+00
    2531      1    179      1    159      1       9     1.2073E+01  1.113E-04  8.465E-13  1.993E+00
    2532      1    179      1    162      1       9     1.1653E+01  1.502E-05  1.444E-13  1.290E+00
    2535      1    179      1    167      1       9     5.9542E+00  6.901E-06  1.908E-13  1.464E+00
    2537      1    179      1    170      1       9     5.8593E+00  2.718E-05  7.529E-13  1.603E+00
    2539      1    179      1    172      1       9     2.6391E+00  1.074E-05  9.105E-13  1.842E+00
    2541      1    179      1    174      1       9     2.5524E+00  3.437E-06  3.203E-13  1.722E+00
    2544      1    179      1    178      1       9     4.0980E-02  1.004E-11  1.404E-15  2.169E+00
    2546      1    180      1    141      1       9     1.1181E+02  8.696E-03  6.325E-12  1.058E+00
    2547      1    180      1    143      1       9     1.1116E+02  2.878E-03  2.182E-12  1.037E+00
    2548      1    180      1    146      1       9     5.8097E+01  3.709E-03  3.771E-12  1.057E+00
    2549      1    180      1    150      1       9     3.3532E+01  1.325E-03  2.608E-12  1.082E+00
    2550      1    180      1    152      1       9     3.2800E+01  8.536E-06  1.777E-14  1.061E+00
    2551      1    180      1    156      1       9     1.9704E+01  4.816E-04  2.085E-12  1.164E+00
    2552      1    180      1    157      1       9     1.9685E+01  1.060E-05  4.743E-14  1.118E+00
    2553      1    180      1    161      1       9     1.1894E+01  2.136E-04  2.009E-12  1.275E+00
    2554      1    180      1    163      1       9     1.1671E+01  9.365E-06  9.482E-14  1.219E+00
    2555      1    180      1    166      1       9     6.0182E+00  6.197E-05  1.694E-12  1.451E+00
    2557      1    180      1    168      1       9     5.9754E+00  5.283E-06  1.532E-13  1.384E+00
    2561      1    180      1    173      1       9     2.6237E+00  2.160E-05  1.911E-12  1.715E+00
    2563      1    180      1    175      1       9     2.5831E+00  3.209E-06  3.078E-13  1.632E+00
    2568      1    181      1    147      1       9     5.8014E+01  3.357E-03  3.058E-12  1.552E+00
    2569      1    181      1    151      1       9     3.3259E+01  1.685E-03  2.954E-12  1.650E+00
    2570      1    181      1    155      1       9     1.9732E+01  7.356E-04  2.919E-12  1.637E+00
    2571      1    181      1    158      1       9     1.9683E+01  2.791E-06  1.339E-14  1.042E+00
    2572      1    181      1    162      1       9     1.1690E+01  3.238E-04  3.340E-12  1.190E+00
    2573      1    181      1    164      1       9     1.1670E+01  4.319E-06  4.699E-14  1.134E+00
    2575      1    181      1    167      1       9     5.9912E+00  1.029E-04  3.002E-12  1.364E+00
    2577      1    181      1    169      1       9     5.9748E+00  3.315E-06  1.032E-13  1.288E+00
    2579      1    181      1    174      1       9     2.5894E+00  3.513E-05  3.362E-12  1.621E+00
    2581      1    181      1    176      1       9     2.5042E+00  2.219E-06  2.424E-13  1.523E+00
    2585      1    182      1    152      1       9     3.2884E+01  1.193E-03  2.785E-12  9.380E-01
    2586      1    182      1    157      1       9     1.9769E+01  8.406E-04  4.173E-12  9.958E-01
    2587      1    182      1    163      1       9     1.1755E+01  4.530E-04  5.008E-12  1.097E+00
    2589      1    182      1    168      1       9     6.0589E+00  1.614E-04  4.972E-12  1.262E+00
    2592      1    182      1    175      1       9     2.6666E+00  6.262E-05  6.066E-12  1.510E+00
    2595      1    182      1    181      1       9     8.1030E-02  1.095E-11  4.534E-16  1.861E+00
    2597      1    183      1    132      1       9     1.0069E+03  6.967E-07  1.079E-07  1.560E-01
    2599      1    183      1    136      1       9     9.9664E+02  1.390E-10  1.770E-11  1.549E-01
    2601      1    183      1    138      1       9     8.4286E+02  2.049E-11  2.239E-14  1.141E-01
    2606      1    184      1    132      1       9     1.0072E+03  2.303E-07  3.592E-08  1.559E-01
    2615      1    185      1    134      1       9     9.9785E+02  4.910E-10  2.519E-11  2.515E-01
    2617      1    185      1    137      1       9     9.9066E+02  1.374E-07  6.056E-09  2.565E-01
    2621      1    186      1    132      1       9     1.0078E+03  1.139E-06  1.799E-07  1.560E-01
    2625      1    186      1    138      1       9     8.4371E+02  3.344E-11  3.719E-14  1.141E-01
    2632      1    187      1    134      1       9     1.0062E+03  5.752E-08  5.818E-08  1.505E-01
    2639      1    188      1    134      1       9     1.0062E+03  7.209E-08  7.287E-08  1.507E-01
    2640      1    188      1    135      1       9     1.0060E+03  2.151E-07  2.178E-07  1.507E-01
    2641      1    188      1    137      1       9     9.9903E+02  2.360E-10  2.028E-10  1.557E-01
    2650      1    189      1    133      1       9     1.0063E+03  5.746E-08  5.849E-08  1.504E-01
    2651      1    189      1    134      1       9     1.0062E+03  4.306E-08  4.361E-08  1.504E-01
    2652      1    189      1    135      1       9     1.0060E+03  7.183E-08  7.288E-08  1.504E-01
    2653      1    189      1    137      1       9     9.9903E+02  1.905E-11  1.640E-11  1.554E-01
    2663      1    190      1    135      1       9     1.0105E+03  2.806E-09  1.416E-10  3.318E-01
    2664      1    190      1    137      1       9     1.0035E+03  2.272E-06  9.900E-08  3.368E-01
    2665      1    190      1    142      1       9     8.5177E+02  1.280E-10  4.166E-14  2.911E-01
    2666      1    190      1    145      1       9     7.9905E+02  2.960E-11  2.593E-15  3.020E-01
    2667      1    190      1    149      1       9     7.7403E+02  1.163E-11  4.982E-16  3.383E-01
    2668      1    190      1    153      1       9     7.6067E+02  1.067E-11  2.769E-16  4.090E-01
    2676      1    191      1    131      1       9     1.9266E+03  5.898E-10  5.384E-02  3.138E-01
    2677      1    191      1    132      1       9     1.0216E+03  1.458E-10  1.316E-11  2.485E-01
    2681      1    191      1    136      1       9     1.0113E+03  7.100E-07  5.243E-08  2.474E-01
    2683      1    191      1    140      1       9     8.5480E+02  1.976E-10  1.035E-13  2.061E-01
    2684      1    191      1    144      1       9     8.0117E+02  3.599E-11  4.805E-15  2.190E-01
    2685      1    191      1    148      1       9     7.7564E+02  1.311E-11  8.129E-16  2.559E-01
    2698      1    192      1    134      1       9     1.0258E+03  2.857E-11  3.241E-12  2.310E-01
    2700      1    192      1    137      1       9     1.0186E+03  3.111E-07  3.024E-08  2.361E-01
    2712      1    194      1    193      1      10     1.0215E+03  2.697E-08  1.864E-07  1.486E-01
    2715      1    196      1    193      1      10     1.0220E+03  4.991E-08  3.727E-07  1.486E-01
    2718      1    198      1    193      1      10     1.2109E+03  3.411E-09  4.781E-08  3.316E-01
    2720      1    198      1    195      1      10     1.8940E+02  7.199E-11  1.135E-20  2.213E-01
    2727      1    199      1    194      1      10     1.8949E+02  1.029E-10  3.913E-20  7.467E-02
    2729      1    199      1    196      1      10     1.8904E+02  2.045E-10  5.498E-20  1.063E-01
    2733      1    201      1    193      1      10     1.2771E+03  2.273E-10  1.925E-08  2.975E-01
    2748      1    202      1    194      1      10     2.5564E+02  7.603E-12  4.291E-21  1.276E-01
    2750      1    202      1    196      1      10     2.5519E+02  1.526E-11  7.570E-21  1.408E-01
    2765      1    205      1    193      1      10     1.3077E+03  5.217E-11  7.764E-09  3.393E-01
    2819      1    210      1    193      1      10     1.3244E+03  1.911E-11  3.434E-09  4.022E-01
    2908      1    216      1    193      1      10     1.3344E+03  9.757E-12  1.595E-09  5.374E-01
