#  File format type:   4
#
#  SPECT3D transition powers file.
#  RUN NAME:  ne_20-160ev_1e18-1e22_4mm
#  Total number of transitions   =     4122
#  Number of written transitions =      268
#  Plasma temperature (eV)       =     2.0000E+01
#  Mass density (g/cm3)          =     3.3515E-01
#  Cell areal density (g/cm2)    =     1.3406E-01
#  Material mass fractions       =     1.0000E+00
#  DCA material number fractions =     1.0000E+00
# -----------------------------------------------------
#
#
#   Trans.  Trans  Upper  Upper  Lower  Lower   Ioniz   Energy     Line Power Line Center Line Width
#   Index   Model  Level  Model  Level  Model   Stage   (eV)       (W/cm2)    Opt. Depth      eV
# --------------------------------------------------------------------------------------------------
       1      1      3      1      2      1       8     1.5889E+01  1.566E+09  1.526E+01  3.609E+00
       2      1      4      1      2      1       8     1.6093E+01  2.327E+09  3.126E+01  3.609E+00
       5      1      5      1      3      1       8     1.2048E+02  1.770E+09  1.787E+00  1.249E+01
       6      1      5      1      4      1       8     1.2027E+02  2.657E+09  3.566E+00  1.249E+01
       7      1      6      1      2      1       8     1.4074E+02  5.991E+09  4.959E+01  1.225E+01
      10      1      6      1      5      1       8     4.3741E+00  1.517E+06  4.323E-03  2.111E+01
      12      1      7      1      3      1       8     1.2638E+02  7.718E+09  6.708E+01  8.963E+00
      13      1      7      1      4      1       8     1.2617E+02  1.099E+10  1.325E+02  8.976E+00
      15      1      7      1      6      1       8     1.5251E+00  2.546E+04  6.459E-04  1.757E+01
      17      1      8      1      3      1       8     1.6632E+02  3.688E+07  1.227E-01  3.710E+01
      18      1      8      1      4      1       8     1.6612E+02  6.696E+07  2.424E-01  3.710E+01
      20      1      8      1      6      1       8     4.1472E+01  2.104E+07  4.639E-03  4.572E+01
      22      1      9      1      2      1       8     1.8400E+02  2.139E+08  4.418E+00  3.675E+01
      25      1      9      1      5      1       8     4.7632E+01  4.785E+07  1.181E-02  4.561E+01
      27      1      9      1      7      1       8     4.1733E+01  7.158E+06  2.009E-03  4.208E+01
      28      1      9      1      8      1       8     1.7861E+00  2.814E+03  1.542E-05  7.021E+01
      30      1     10      1      3      1       8     1.6874E+02  2.627E+08  3.572E+00  3.116E+01
      31      1     10      1      4      1       8     1.6854E+02  3.848E+08  7.026E+00  3.116E+01
      33      1     10      1      6      1       8     4.3893E+01  1.853E+08  5.648E-02  3.978E+01
      36      1     10      1      9      1       8     6.3499E-01  7.172E+01  2.859E-06  6.427E+01
      41      1     11      1      7      1       8     4.2397E+01  6.078E+08  2.921E-01  2.918E+01
      43      1     11      1     10      1       8     2.8907E-02  6.020E-04  1.321E-08  5.136E+01
      45      1     12      1      3      1       8     1.8712E+02  8.509E+05  2.004E-02  8.981E+01
      46      1     12      1      4      1       8     1.8692E+02  1.657E+06  3.948E-02  8.981E+01
      48      1     12      1      6      1       8     6.2272E+01  5.591E+05  4.444E-04  9.843E+01
      51      1     12      1      9      1       8     1.9015E+01  1.217E+05  1.000E-30  1.229E+02
      53      1     13      1      2      1       8     2.0394E+02  1.004E+07  7.680E-01  8.987E+01
      56      1     13      1      5      1       8     6.7569E+01  1.574E+06  1.512E-03  9.873E+01
      58      1     13      1      7      1       8     6.1670E+01  1.836E+05  1.699E-04  9.523E+01
      59      1     13      1      8      1       8     2.1723E+01  1.991E+05  1.000E-30  1.233E+02
      61      1     13      1     10      1       8     1.9302E+01  7.113E+04  1.000E-30  1.174E+02
      63      1     13      1     12      1       8     9.2247E-01  2.027E+01  1.000E-30  1.760E+02
      65      1     14      1      3      1       8     1.8836E+02  1.239E+07  5.052E-01  8.148E+01
      66      1     14      1      4      1       8     1.8816E+02  1.981E+07  9.988E-01  8.148E+01
      68      1     14      1      6      1       8     6.3509E+01  6.179E+06  5.771E-03  9.010E+01
      71      1     14      1      9      1       8     2.0251E+01  8.042E+05  1.000E-30  1.146E+02
      73      1     14      1     11      1       8     1.9587E+01  2.850E+04  1.000E-30  1.017E+02
      75      1     14      1     13      1       8     3.1361E-01  5.142E-01  1.000E-30  1.677E+02
      80      1     15      1      7      1       8     6.1991E+01  1.278E+07  1.243E-02  7.414E+01
      82      1     15      1     10      1       8     1.9623E+01  2.294E+06  1.000E-30  9.631E+01
      85      1     15      1     14      1       8     7.4800E-03  8.527E-07  3.750E-23  1.466E+02
      91      1     16      1     11      1       8     1.9655E+01  9.114E+06  1.000E-30  7.271E+01
      93      1     16      1     15      1       8     6.0560E-02  2.184E-04  1.000E-30  1.177E+02
      95      1     17      1      3      1       8     1.9833E+02  8.860E+03  4.708E-03  1.867E+02
      96      1     17      1      4      1       8     1.9813E+02  1.757E+04  9.311E-03  1.867E+02
      97      1     17      1      6      1       8     7.3479E+01  6.413E+03  8.857E-05  1.954E+02
      99      1     17      1      9      1       8     3.0222E+01  1.818E+03  1.000E-30  2.199E+02
     102      1     17      1     13      1       8     1.0284E+01  4.712E+02  1.000E-30  2.730E+02
     104      1     18      1      2      1       8     2.1470E+02  1.521E+05  1.932E-01  1.879E+02
     107      1     18      1      5      1       8     7.8336E+01  1.954E+04  3.393E-04  1.968E+02
     108      1     18      1      7      1       8     7.2437E+01  2.015E+03  3.188E-05  1.933E+02
     109      1     18      1      8      1       8     3.2490E+01  3.456E+03  1.000E-30  2.214E+02
     111      1     18      1     10      1       8     3.0069E+01  9.761E+02  1.000E-30  2.155E+02
     113      1     18      1     12      1       8     1.1689E+01  6.094E+02  6.435E-22  2.741E+02
     115      1     18      1     14      1       8     1.0453E+01  3.416E+02  4.162E-22  2.658E+02
     117      1     18      1     17      1       8     4.8232E-01  5.693E-02  9.877E-24  3.710E+02
     119      1     19      1      3      1       8     1.9902E+02  1.821E+05  1.144E-01  1.763E+02
     120      1     19      1      4      1       8     1.9882E+02  3.333E+05  2.268E-01  1.763E+02
     121      1     19      1      6      1       8     7.4170E+01  7.786E+04  1.131E-03  1.849E+02
     123      1     19      1      9      1       8     3.0912E+01  1.435E+04  1.000E-30  2.094E+02
     125      1     19      1     11      1       8     3.0248E+01  3.647E+02  1.000E-30  1.965E+02
     127      1     19      1     13      1       8     1.0975E+01  2.528E+03  9.767E-22  2.625E+02
     129      1     19      1     15      1       8     1.0654E+01  2.342E+02  1.844E-22  2.414E+02
     132      1     19      1     18      1       8     2.0831E-01  4.292E-03  1.000E-30  3.606E+02
     136      1     20      1      7      1       8     7.2924E+01  1.668E+05  1.944E-03  1.624E+02
     138      1     20      1     10      1       8     3.0556E+01  4.225E+04  1.000E-30  1.846E+02
     141      1     20      1     14      1       8     1.0940E+01  8.879E+03  3.365E-21  2.349E+02
     143      1     20      1     16      1       8     1.0872E+01  1.401E+02  1.000E-30  2.059E+02
     145      1     20      1     19      1       8     2.7887E-01  2.315E-03  5.898E-25  3.297E+02
     148      1     21      1     11      1       8     3.0535E+01  8.543E+04  1.000E-30  1.521E+02
     150      1     21      1     15      1       8     1.0940E+01  2.587E+04  1.000E-30  1.971E+02
     153      1     21      1     20      1       8     7.5365E-03  1.864E-08  1.000E-30  2.854E+02
     157      1     22      1     16      1       8     1.0881E+01  6.904E+04  1.000E-30  1.534E+02
     161      1     23      1      3      1       8     2.0517E+02  2.472E+01  1.452E-03  3.476E+02
     162      1     23      1      4      1       8     2.0497E+02  4.922E+01  2.875E-03  3.476E+02
     163      1     23      1      6      1       8     8.0323E+01  1.885E+01  2.497E-05  3.562E+02
     164      1     23      1      9      1       8     3.7065E+01  5.901E+00  1.000E-30  3.807E+02
     166      1     23      1     13      1       8     1.7128E+01  2.037E+00  2.799E-23  4.338E+02
     169      1     23      1     18      1       8     6.3616E+00  6.467E-01  1.000E-30  5.319E+02
     171      1     24      1      2      1       8     2.2123E+02  4.642E+02  6.102E-02  3.508E+02
     172      1     24      1      5      1       8     8.4862E+01  5.703E+01  1.004E-04  3.597E+02
     173      1     24      1      7      1       8     7.8963E+01  5.503E+00  8.587E-06  3.562E+02
     174      1     24      1      8      1       8     3.9016E+01  1.151E+01  1.000E-30  3.843E+02
     175      1     24      1     10      1       8     3.6595E+01  2.896E+00  1.000E-30  3.783E+02
     176      1     24      1     12      1       8     1.8215E+01  2.846E+00  5.864E-23  4.370E+02
     178      1     24      1     14      1       8     1.6979E+01  1.304E+00  1.000E-30  4.286E+02
     180      1     24      1     17      1       8     7.0085E+00  6.104E-01  1.000E-30  5.339E+02
     182      1     24      1     19      1       8     6.3179E+00  4.658E-01  1.000E-30  5.234E+02
     184      1     24      1     23      1       8     1.6457E-01  9.075E-06  1.000E-30  6.947E+02
     186      1     25      1      3      1       8     2.0544E+02  6.060E+02  3.451E-02  3.355E+02
     187      1     25      1      4      1       8     2.0523E+02  1.172E+03  6.831E-02  3.355E+02
     188      1     25      1      6      1       8     8.0584E+01  2.569E+02  3.176E-04  3.442E+02
     189      1     25      1      9      1       8     3.7326E+01  5.317E+01  1.000E-30  3.687E+02
     190      1     25      1     11      1       8     3.6662E+01  1.139E+00  1.000E-30  3.557E+02
     192      1     25      1     13      1       8     1.7389E+01  1.308E+01  3.218E-22  4.218E+02
     194      1     25      1     15      1       8     1.7068E+01  8.975E-01  2.106E-23  4.007E+02
     197      1     25      1     18      1       8     6.6220E+00  2.827E+00  1.000E-30  5.198E+02
     199      1     25      1     20      1       8     6.1349E+00  3.721E-01  2.408E-24  4.890E+02
     202      1     25      1     24      1       8     9.5840E-02  1.803E-06  9.989E-27  6.827E+02
     204      1     26      1      7      1       8     7.9363E+01  6.607E+02  4.787E-04  3.140E+02
     205      1     26      1     10      1       8     3.6995E+01  1.882E+02  1.000E-30  3.362E+02
     207      1     26      1     14      1       8     1.7379E+01  5.331E+01  4.755E-22  3.865E+02
     209      1     26      1     16      1       8     1.7311E+01  5.767E-01  1.000E-30  3.575E+02
     211      1     26      1     19      1       8     6.7178E+00  1.329E+01  1.000E-30  4.813E+02
     213      1     26      1     21      1       8     6.4314E+00  4.912E-01  1.000E-30  4.369E+02
     216      1     26      1     25      1       8     3.0410E-01  2.411E-05  1.000E-30  6.406E+02
     218      1     27      1     11      1       8     3.6971E+01  4.429E+02  1.000E-30  2.933E+02
     220      1     27      1     15      1       8     1.7377E+01  1.816E+02  1.000E-30  3.382E+02
     223      1     27      1     20      1       8     6.4438E+00  4.412E+01  7.510E-23  4.265E+02
     225      1     27      1     22      1       8     6.4350E+00  3.937E-01  1.000E-30  3.739E+02
     230      1     28      1     16      1       8     1.7317E+01  4.548E+02  1.000E-30  2.814E+02
     232      1     28      1     21      1       8     6.4372E+00  1.709E+02  1.000E-30  3.608E+02
     236      1     29      1      2      1       8     2.2538E+02  7.509E-02  2.292E-02  6.022E+02
     237      1     29      1      5      1       8     8.9018E+01  9.254E-03  3.638E-05  6.111E+02
     238      1     29      1      7      1       8     8.3119E+01  8.521E-04  2.928E-06  6.076E+02
     239      1     29      1      8      1       8     4.3172E+01  1.978E-03  1.000E-30  6.357E+02
     240      1     29      1     10      1       8     4.0751E+01  4.636E-04  1.000E-30  6.297E+02
     241      1     29      1     12      1       8     2.2372E+01  5.517E-04  1.700E-23  6.884E+02
     242      1     29      1     14      1       8     2.1136E+01  2.248E-04  1.000E-30  6.801E+02
     243      1     29      1     17      1       8     1.1165E+01  1.636E-04  5.558E-25  7.853E+02
     245      1     29      1     19      1       8     1.0474E+01  1.027E-04  1.000E-30  7.749E+02
     247      1     29      1     23      1       8     4.3209E+00  3.402E-05  1.000E-30  9.461E+02
     249      1     29      1     25      1       8     4.0605E+00  3.741E-05  1.000E-30  9.341E+02
     252      1     30      1      3      1       8     2.0959E+02  4.230E-03  5.390E-04  5.957E+02
     253      1     30      1      4      1       8     2.0939E+02  8.406E-03  1.064E-03  5.957E+02
     254      1     30      1      6      1       8     8.4742E+01  3.293E-03  8.690E-06  6.043E+02
     255      1     30      1      9      1       8     4.1484E+01  1.084E-03  1.000E-30  6.288E+02
     256      1     30      1     13      1       8     2.1547E+01  4.119E-04  1.000E-30  6.819E+02
     258      1     30      1     18      1       8     1.0780E+01  1.679E-04  1.000E-30  7.800E+02
     261      1     30      1     24      1       8     4.2541E+00  6.160E-05  1.000E-30  9.428E+02
     263      1     30      1     29      1       8     9.7810E-02  6.651E-10  1.000E-30  1.194E+03
     265      1     31      1      3      1       8     2.0968E+02  1.180E-01  1.250E-02  5.826E+02
     266      1     31      1      4      1       8     2.0947E+02  2.323E-01  2.471E-02  5.826E+02
     267      1     31      1      6      1       8     8.4824E+01  5.099E-02  1.103E-04  5.912E+02
     268      1     31      1      9      1       8     4.1566E+01  1.127E-02  1.000E-30  6.157E+02
     269      1     31      1     11      1       8     4.0902E+01  2.174E-04  1.000E-30  6.028E+02
     270      1     31      1     13      1       8     2.1629E+01  3.152E-03  4.453E-23  6.688E+02
     271      1     31      1     15      1       8     2.1308E+01  1.842E-04  4.818E-24  6.477E+02
     273      1     31      1     18      1       8     1.0862E+01  9.593E-04  1.000E-30  7.669E+02
     275      1     31      1     20      1       8     1.0375E+01  1.041E-04  3.242E-25  7.360E+02
     278      1     31      1     24      1       8     4.3360E+00  2.386E-04  3.674E-26  9.298E+02
     280      1     31      1     26      1       8     3.9361E+00  4.143E-05  1.532E-26  8.876E+02
     282      1     31      1     29      1       8     1.7973E-01  5.804E-09  1.206E-30  1.181E+03
     285      1     32      1      7      1       8     8.3517E+01  1.831E-01  1.532E-04  5.529E+02
     286      1     32      1     10      1       8     4.1149E+01  5.536E-02  1.000E-30  5.751E+02
     287      1     32      1     14      1       8     2.1534E+01  1.756E-02  1.206E-22  6.254E+02
     288      1     32      1     16      1       8     2.1466E+01  1.533E-04  1.000E-30  5.965E+02
     290      1     32      1     19      1       8     1.0872E+01  5.755E-03  1.000E-30  7.202E+02
     292      1     32      1     21      1       8     1.0586E+01  1.600E-04  1.000E-30  6.759E+02
     295      1     32      1     25      1       8     4.4586E+00  1.687E-03  1.000E-30  8.795E+02
     297      1     32      1     27      1       8     4.1496E+00  1.002E-04  1.000E-30  8.170E+02
     300      1     32      1     31      1       8     2.1835E-01  4.483E-09  1.000E-30  1.127E+03
     302      1     33      1     11      1       8     4.1124E+01  2.011E-01  1.000E-30  5.199E+02
     303      1     33      1     15      1       8     2.1530E+01  9.237E-02  1.000E-30  5.649E+02
     305      1     33      1     20      1       8     1.0597E+01  3.145E-02  1.000E-30  6.531E+02
     307      1     33      1     22      1       8     1.0588E+01  1.820E-04  1.000E-30  6.006E+02
     309      1     33      1     26      1       8     4.1578E+00  8.297E-03  1.000E-30  8.047E+02
     311      1     33      1     28      1       8     4.1519E+00  2.087E-04  1.000E-30  7.286E+02
     315      1     34      1     16      1       8     2.1470E+01  3.565E-01  1.000E-30  4.924E+02
     317      1     34      1     21      1       8     1.0590E+01  1.878E-01  1.000E-30  5.718E+02
     320      1     34      1     27      1       8     4.1536E+00  5.920E-02  1.000E-30  7.129E+02
     324      1     35      1      2      1       8     2.2829E+02  7.686E-08  9.775E-03  9.680E+02
     325      1     35      1      5      1       8     9.1926E+01  9.533E-09  1.678E-05  9.769E+02
     326      1     35      1      7      1       8     8.6026E+01  8.603E-10  1.370E-06  9.734E+02
     327      1     35      1      8      1       8     4.6080E+01  2.132E-09  5.632E-07  1.001E+03
     328      1     35      1     10      1       8     4.3659E+01  4.750E-10  1.111E-07  9.955E+02
     329      1     35      1     12      1       8     2.5279E+01  6.326E-10  3.598E-08  1.054E+03
     330      1     35      1     14      1       8     2.4043E+01  2.405E-10  1.413E-08  1.046E+03
     331      1     35      1     17      1       8     1.4072E+01  2.136E-10  1.125E-09  1.151E+03
     332      1     35      1     19      1       8     1.3382E+01  1.204E-10  7.276E-10  1.141E+03
     342      1     36      1      3      1       8     2.1248E+02  1.499E-07  5.233E-03  9.457E+02
     343      1     36      1      4      1       8     2.1228E+02  2.968E-07  1.034E-02  9.457E+02
     344      1     36      1      6      1       8     8.7628E+01  6.490E-08  5.119E-05  9.544E+02
     345      1     36      1      9      1       8     4.4371E+01  1.489E-08  1.695E-06  9.789E+02
     346      1     36      1     11      1       8     4.3707E+01  2.684E-10  3.300E-08  9.659E+02
     347      1     36      1     13      1       8     2.4434E+01  4.422E-09  1.153E-07  1.032E+03
     348      1     36      1     15      1       8     2.4112E+01  2.320E-10  7.832E-09  1.011E+03
     349      1     36      1     18      1       8     1.3667E+01  1.499E-09  3.526E-09  1.130E+03
     350      1     36      1     20      1       8     1.3180E+01  1.428E-10  6.174E-10  1.099E+03
     352      1     36      1     24      1       8     7.1406E+00  5.048E-10  1.000E-30  1.293E+03
     356      1     36      1     29      1       8     2.9843E+00  1.460E-10  1.000E-30  1.544E+03
     363      1     37      1      3      1       8     2.1253E+02  5.058E-09  2.268E-04  9.573E+02
     364      1     37      1      4      1       8     2.1233E+02  1.009E-08  4.491E-04  9.573E+02
     365      1     37      1      6      1       8     8.7681E+01  4.002E-09  4.070E-06  9.659E+02
     366      1     37      1      9      1       8     4.4424E+01  1.351E-09  1.979E-07  9.904E+02
     367      1     37      1     13      1       8     2.4486E+01  5.347E-10  1.791E-08  1.043E+03
     368      1     37      1     18      1       8     1.3720E+01  2.347E-10  7.112E-10  1.142E+03
     378      1     38      1      7      1       8     8.6367E+01  4.252E-07  6.869E-05  9.049E+02
     379      1     38      1     10      1       8     4.3999E+01  1.335E-07  3.126E-06  9.271E+02
     380      1     38      1     14      1       8     2.4383E+01  4.487E-08  2.575E-07  9.774E+02
     381      1     38      1     16      1       8     2.4315E+01  3.419E-10  2.845E-09  9.484E+02
     382      1     38      1     19      1       8     1.3722E+01  1.635E-08  8.234E-09  1.072E+03
     383      1     38      1     21      1       8     1.3435E+01  3.783E-10  4.608E-10  1.028E+03
     385      1     38      1     25      1       8     7.3080E+00  6.116E-09  1.000E-30  1.231E+03
     387      1     38      1     27      1       8     6.9990E+00  2.955E-10  1.000E-30  1.169E+03
     390      1     38      1     31      1       8     3.0677E+00  1.885E-09  1.000E-30  1.479E+03
     392      1     38      1     33      1       8     2.8461E+00  1.651E-10  1.000E-30  1.396E+03
     397      1     39      1     11      1       8     4.3972E+01  9.558E-07  3.405E-06  8.594E+02
     398      1     39      1     15      1       8     2.4378E+01  4.653E-07  4.395E-07  9.044E+02
     399      1     39      1     20      1       8     1.3445E+01  1.809E-07  6.780E-09  9.926E+02
     400      1     39      1     22      1       8     1.3436E+01  8.133E-10  1.565E-10  9.400E+02
     402      1     39      1     26      1       8     7.0062E+00  6.654E-08  1.000E-30  1.144E+03
     404      1     39      1     28      1       8     7.0004E+00  1.125E-09  1.000E-30  1.068E+03
     406      1     39      1     32      1       8     2.8517E+00  1.880E-08  1.000E-30  1.383E+03
     408      1     39      1     34      1       8     2.8478E+00  8.742E-10  1.000E-30  1.279E+03
     412      1     40      1     16      1       8     2.4318E+01  4.123E-06  4.045E-07  8.145E+02
     413      1     40      1     21      1       8     1.3438E+01  2.469E-06  1.000E-30  8.940E+02
     415      1     40      1     27      1       8     7.0018E+00  1.089E-06  1.000E-30  1.035E+03
     418      1     40      1     33      1       8     2.8489E+00  3.365E-07  4.641E-28  1.262E+03
     531      1     47      1      3      1       8     8.7211E+02  2.841E-06  7.468E+00  5.053E-01
     532      1     47      1      4      1       8     8.7191E+02  4.045E-06  1.417E+01  5.053E-01
     533      1     48      1      2      1       8     8.9208E+02  2.342E-08  4.078E-02  4.659E-01
     537      1     49      1      2      1       8     8.9222E+02  1.039E-07  2.089E-01  4.659E-01
     541      1     50      1      2      1       8     8.9249E+02  5.197E-10  8.883E-04  4.659E-01
     545      1     51      1      2      1       8     9.0805E+02  6.410E-06  9.095E+02  5.144E-01
     548      1     51      1     47      1       8     2.0048E+01  1.606E-09  1.932E-18  3.592E+00
     549      1     52      1      2      1       8     9.0805E+02  9.241E-06  1.874E+03  5.154E-01
     552      1     52      1     47      1       8     2.0048E+01  3.168E-09  3.811E-18  3.593E+00
     553      1     53      1      2      1       8     9.0805E+02  2.131E-06  1.334E+02  4.725E-01
     557      1     54      1      2      1       8     9.0805E+02  2.662E-06  2.075E+02  4.716E-01
     560      1     54      1     47      1       8     2.0048E+01  1.291E-10  1.658E-19  3.549E+00
     562      1     55      1      3      1       8     8.9529E+02  1.799E-08  3.628E-02  4.662E-01
     563      1     55      1      4      1       8     8.9508E+02  1.787E-09  3.460E-03  4.661E-01
     564      1     55      1     48      1       8     1.9095E+01  2.068E-10  3.092E-19  3.085E+00
     565      1     55      1     49      1       8     1.8959E+01  1.006E-09  1.519E-18  3.085E+00
     571      1     56      1      3      1       8     8.9556E+02  6.549E-10  1.294E-03  4.662E-01
     572      1     56      1      4      1       8     8.9536E+02  4.138E-08  8.764E-02  4.662E-01
     573      1     56      1     48      1       8     1.9367E+01  1.078E-09  1.580E-18  3.085E+00
     574      1     56      1     49      1       8     1.9231E+01  3.367E-10  4.982E-19  3.085E+00
     575      1     56      1     50      1       8     1.8959E+01  1.070E-09  1.616E-18  3.085E+00
     582      1     57      1      4      1       8     8.9549E+02  9.555E-08  2.272E-01  4.662E-01
     583      1     57      1     49      1       8     1.9367E+01  1.157E-09  1.695E-18  3.085E+00
     584      1     57      1     50      1       8     1.9095E+01  2.552E-09  3.815E-18  3.085E+00
     591      1     58      1      4      1       8     9.0433E+02  6.858E-06  6.500E+02  5.419E-01
     592      1     58      1      6      1       8     7.7968E+02  1.407E-08  3.800E-06  1.169E+01
     593      1     58      1      9      1       8     7.3642E+02  3.385E-09  6.700E-09  3.624E+01
     594      1     58      1     13      1       8     7.1649E+02  1.350E-09  4.745E-11  8.937E+01
     595      1     58      1     18      1       8     7.0572E+02  6.836E-10  2.132E-13  1.874E+02
     596      1     58      1     24      1       8     6.9919E+02  3.965E-10  2.888E-16  3.503E+02
     600      1     58      1     52      1       8     1.2374E+01  2.564E-10  7.343E-19  3.165E+00
     603      1     59      1      3      1       8     9.0453E+02  5.247E-06  3.898E+02  5.419E-01
     604      1     59      1      4      1       8     9.0433E+02  1.848E-06  4.941E+01  5.419E-01
     605      1     59      1      6      1       8     7.7968E+02  9.450E-09  2.553E-06  1.175E+01
     606      1     59      1      9      1       8     7.3642E+02  2.266E-09  4.486E-09  3.625E+01
     607      1     59      1     13      1       8     7.1649E+02  9.028E-10  3.173E-11  8.937E+01
     608      1     59      1     18      1       8     7.0572E+02  4.557E-10  1.421E-13  1.874E+02
     609      1     59      1     24      1       8     6.9919E+02  2.072E-10  1.510E-16  3.503E+02
     613      1     59      1     51      1       8     1.2374E+01  1.469E-10  4.207E-19  3.165E+00
     618      1     60      1      3      1       8     9.0793E+02  4.259E-06  5.191E+02  4.752E-01
     619      1     60      1      4      1       8     9.0773E+02  2.943E-06  2.454E+02  4.752E-01
     620      1     60      1      6      1       8     7.8308E+02  4.302E-09  1.426E-06  1.169E+01
     621      1     60      1      9      1       8     7.3982E+02  8.062E-10  1.949E-09  3.618E+01
     622      1     60      1     13      1       8     7.1989E+02  2.971E-10  1.273E-11  8.930E+01
     629      1     60      1     53      1       8     1.5775E+01  1.818E-10  3.652E-19  3.094E+00
     632      1     61      1      3      1       8     9.0821E+02  2.762E-06  2.258E+02  4.755E-01
     633      1     61      1      4      1       8     9.0800E+02  6.716E-06  1.288E+03  4.755E-01
     634      1     61      1      6      1       8     7.8335E+02  8.482E-09  2.846E-06  1.168E+01
     635      1     61      1      9      1       8     7.4010E+02  1.596E-09  3.905E-09  3.618E+01
     636      1     61      1     13      1       8     7.2016E+02  5.869E-10  2.546E-11  8.930E+01
     637      1     61      1     18      1       8     7.0939E+02  2.198E-10  8.457E-14  1.874E+02
     638      1     61      1     24      1       8     7.0287E+02  1.250E-10  1.123E-16  3.502E+02
     645      1     61      1     54      1       8     1.6047E+01  4.689E-10  9.174E-19  3.094E+00
     647      1     62      1      3      1       8     9.1773E+02  1.043E-06  6.601E+01  5.018E-01
     648      1     62      1      4      1       8     9.1753E+02  1.617E-06  1.528E+02  5.018E-01
     652      1     62      1     51      1       8     2.5571E+01  2.637E-10  2.631E-19  3.124E+00
     653      1     62      1     52      1       8     2.5571E+01  5.325E-10  5.312E-19  3.125E+00
    1912      1    134      1    131      1       9     9.1482E+02  2.417E-10  1.225E-03  4.677E-01
    1924      1    137      1    131      1       9     9.2202E+02  1.206E-07  1.953E+00  4.740E-01
