#  File format type:   4
#
#  SPECT3D transition powers file.
#  RUN NAME:  xe_20-200ev_1e18-1e21_4mm
#  Total number of transitions   =     1890
#  Number of written transitions =      674
#  Plasma temperature (eV)       =     2.0000E+02
#  Mass density (g/cm3)          =     4.4865E-03
#  Cell areal density (g/cm2)    =     1.7946E-03
#  Material mass fractions       =     1.0000E+00
#  DCA material number fractions =     1.3000E-02    9.8700E-01
# -----------------------------------------------------
#
#
#   Trans.  Trans  Upper  Upper  Lower  Lower   Ioniz   Energy     Line Power Line Center Line Width
#   Index   Model  Level  Model  Level  Model   Stage   (eV)       (W/cm2)    Opt. Depth      eV
# --------------------------------------------------------------------------------------------------
       1      1      3      1      2      1      52     1.1982E+02  1.736E+09  3.840E-08  1.213E-02
       2      1      4      1      2      1      52     4.9234E+02  1.233E+11  2.572E+00  4.773E-02
       4      1      6      1      5      1      52     1.0651E+02  6.578E+09  4.115E-03  7.872E+01
       6      1      7      1      6      1      52     6.8034E+01  8.654E+08  5.737E-04  9.467E+01
       7      1      9      1      8      1      52     3.8672E+01  3.772E+08  1.372E-02  2.873E+01
       9      1     10      1      9      1      52     3.4641E+01  2.469E+08  3.755E-03  3.135E+01
      11      1     11      1     10      1      52     9.4480E+00  8.604E+05  1.419E-03  8.534E+00
      13      1     12      1      9      1      52     8.3242E+02  1.426E+13  1.000E-30  4.477E+01
      14      1     13      1      8      1      52     8.9349E+02  1.080E+13  3.452E-02  2.728E+01
      16      1     13      1     10      1      52     8.2018E+02  3.772E+12  1.000E-30  1.548E+01
      17      1     13      1     12      1      52     2.2396E+01  1.040E+08  3.474E-02  1.658E+01
      19      1     14      1      9      1      52     8.6975E+02  2.354E+13  1.936E-02  3.753E+01
      21      1     14      1     11      1      52     8.2566E+02  8.999E+11  1.000E-30  2.964E+00
      23      1     14      1     13      1      52     1.4925E+01  2.299E+07  6.820E-03  2.023E+01
      25      1     15      1     10      1      52     8.3968E+02  3.752E+13  6.370E-02  1.286E+01
      28      1     15      1     14      1      52     4.5752E+00  1.691E+05  4.779E-03  4.401E+00
      30      1     16      1     11      1      52     8.3260E+02  5.435E+13  1.653E-01  5.920E+00
      32      1     16      1     15      1      52     2.3647E+00  7.063E+03  2.575E-03  1.762E+00
      34      1     17      1      9      1      52     1.3019E+03  1.196E+13  1.000E-30  4.471E+01
      36      1     17      1     13      1      52     4.4709E+02  3.032E+12  1.000E-30  2.766E+01
      38      1     18      1      8      1      52     1.3534E+03  1.047E+13  1.608E-02  1.594E+01
      40      1     18      1     10      1      52     1.2800E+03  2.922E+12  1.000E-30  8.627E+00
      41      1     18      1     12      1      52     4.8226E+02  1.789E+12  6.539E-02  1.581E+01
      43      1     18      1     14      1      52     4.4493E+02  1.012E+12  1.000E-30  9.527E+00
      45      1     18      1     17      1      52     1.2770E+01  2.208E+07  7.356E-02  9.440E+00
      47      1     19      1      9      1      52     1.3234E+03  2.164E+13  4.577E-03  4.048E+01
      49      1     19      1     11      1      52     1.2793E+03  5.948E+11  1.000E-30  4.089E+00
      51      1     19      1     13      1      52     4.6860E+02  3.623E+12  3.101E-02  2.343E+01
      53      1     19      1     15      1      52     4.4910E+02  3.698E+11  1.000E-30  1.815E+00
      56      1     19      1     18      1      52     8.7378E+00  5.905E+06  1.522E-02  1.175E+01
      58      1     20      1     10      1      52     1.2912E+03  3.083E+13  1.189E-02  1.452E+01
      61      1     20      1     14      1      52     4.5609E+02  5.279E+12  1.208E-01  6.381E+00
      63      1     20      1     16      1      52     4.4915E+02  1.041E+11  1.000E-30  7.439E-01
      65      1     20      1     19      1      52     2.4178E+00  3.186E+04  1.054E-02  2.576E+00
      67      1     21      1     11      1      52     1.2829E+03  3.207E+13  1.900E-02  6.957E+00
      69      1     21      1     15      1      52     4.5271E+02  6.801E+12  2.945E-01  2.927E+00
      72      1     21      1     20      1      52     1.2002E+00  1.549E+03  7.215E-03  1.060E+00
      75      1     22      1     16      1      52     4.5135E+02  8.020E+12  5.968E-01  1.672E+00
      77      1     22      1     21      1      52     1.0028E+00  4.097E+02  4.830E-03  5.567E-01
      79      1     23      1     13      1      52     7.2854E+02  2.907E+12  1.000E-30  2.765E+01
      81      1     23      1     18      1      52     2.6868E+02  8.516E+11  1.000E-30  1.603E+01
      83      1     24      1     12      1      52     7.5883E+02  2.016E+12  2.838E-02  1.003E+01
      85      1     24      1     14      1      52     7.2151E+02  9.023E+11  1.000E-30  5.143E+00
      86      1     24      1     17      1      52     2.8935E+02  4.002E+11  1.134E-01  1.001E+01
      88      1     24      1     19      1      52     2.6784E+02  3.185E+11  1.000E-30  6.297E+00
      90      1     24      1     23      1      52     7.9016E+00  5.630E+06  1.359E-01  5.919E+00
      92      1     25      1     13      1      52     7.4204E+02  3.924E+12  7.686E-03  2.496E+01
      94      1     25      1     15      1      52     7.2254E+02  2.916E+11  1.000E-30  1.817E+00
      96      1     25      1     18      1      52     2.8218E+02  7.888E+11  5.590E-02  1.340E+01
      98      1     25      1     20      1      52     2.7102E+02  1.428E+11  1.000E-30  1.284E+00
     101      1     25      1     24      1      52     5.5989E+00  1.859E+06  2.930E-02  7.447E+00
     103      1     26      1     14      1      52     7.2843E+02  5.730E+12  2.505E-02  7.271E+00
     105      1     26      1     16      1      52     7.2149E+02  6.853E+10  1.000E-30  1.254E+00
     107      1     26      1     19      1      52     2.7476E+02  1.032E+12  2.068E-01  3.651E+00
     109      1     26      1     21      1      52     2.7114E+02  6.081E+10  1.000E-30  5.153E-01
     112      1     26      1     25      1      52     1.3194E+00  6.143E+03  1.890E-02  1.718E+00
     114      1     27      1     15      1      52     7.2446E+02  6.966E+12  4.764E-02  3.480E+00
     117      1     27      1     20      1      52     2.7295E+02  1.201E+12  4.686E-01  1.696E+00
     119      1     27      1     22      1      52     2.7075E+02  1.797E+10  1.000E-30  3.119E-01
     121      1     27      1     26      1      52     6.0740E-01  2.690E+02  1.387E-02  7.478E-01
     123      1     28      1     16      1      52     7.2273E+02  6.355E+12  5.809E-02  2.067E+00
     125      1     28      1     21      1      52     2.7238E+02  1.300E+12  8.969E-01  9.875E-01
     128      1     28      1     27      1      52     6.3240E-01  1.899E+02  1.188E-02  4.195E-01
     129      1     29      1     13      1      52     9.1039E+02  2.312E+12  1.000E-30  2.766E+01
     131      1     29      1     18      1      52     4.5053E+02  8.852E+11  1.000E-30  1.603E+01
     134      1     29      1     24      1      52     1.7396E+02  2.819E+11  1.000E-30  1.021E+01
     136      1     30      1     12      1      52     9.3797E+02  1.719E+12  1.856E-02  6.834E+00
     137      1     30      1     14      1      52     9.0065E+02  6.858E+11  1.000E-30  4.570E+00
     138      1     30      1     17      1      52     4.6848E+02  5.063E+11  4.569E-02  6.809E+00
     140      1     30      1     19      1      52     4.4698E+02  3.135E+11  1.000E-30  3.628E+00
     142      1     30      1     23      1      52     1.8704E+02  1.095E+11  1.817E-01  6.813E+00
     144      1     30      1     25      1      52     1.7354E+02  1.140E+11  1.000E-30  4.444E+00
     146      1     30      1     29      1      52     5.1810E+00  1.631E+06  2.264E-01  4.001E+00
     147      1     31      1     13      1      52     9.1941E+02  3.298E+12  3.252E-03  2.586E+01
     148      1     31      1     15      1      52     8.9991E+02  2.070E+11  1.000E-30  2.589E+00
     150      1     31      1     18      1      52     4.5956E+02  9.680E+11  1.406E-02  1.430E+01
     152      1     31      1     20      1      52     4.4840E+02  1.272E+11  1.000E-30  1.049E+00
     155      1     31      1     24      1      52     1.8298E+02  2.137E+11  9.269E-02  8.411E+00
     157      1     31      1     26      1      52     1.7606E+02  5.828E+10  1.000E-30  1.015E+00
     160      1     31      1     30      1      52     3.8407E+00  6.958E+05  5.051E-02  5.150E+00
     161      1     32      1     14      1      52     9.0519E+02  4.634E+12  9.650E-03  7.784E+00
     162      1     32      1     16      1      52     8.9825E+02  4.422E+10  1.000E-30  1.767E+00
     164      1     32      1     19      1      52     4.5152E+02  1.369E+12  4.502E-02  4.171E+00
     166      1     32      1     21      1      52     4.4790E+02  4.739E+10  1.000E-30  7.244E-01
     169      1     32      1     25      1      52     1.7808E+02  2.539E+11  3.193E-01  2.359E+00
     171      1     32      1     27      1      52     1.7615E+02  2.992E+10  1.000E-30  4.583E-01
     174      1     32      1     31      1      52     7.0280E-01  1.060E+03  2.906E-02  1.296E+00
     175      1     33      1     15      1      52     9.0089E+02  5.170E+12  1.597E-02  3.836E+00
     177      1     33      1     20      1      52     4.4938E+02  1.700E+12  8.713E-02  2.040E+00
     179      1     33      1     22      1      52     4.4717E+02  1.162E+10  1.000E-30  5.657E-01
     181      1     33      1     26      1      52     1.7704E+02  2.764E+11  6.785E-01  1.141E+00
     183      1     33      1     28      1      52     1.7580E+02  1.333E+10  1.000E-30  2.965E-01
     185      1     33      1     32      1      52     2.7490E-01  3.149E+01  2.047E-02  6.345E-01
     186      1     34      1     16      1      52     8.9895E+02  3.823E+12  1.528E-02  2.317E+00
     188      1     34      1     21      1      52     4.4860E+02  1.842E+12  1.281E-01  1.238E+00
     191      1     34      1     27      1      52     1.7685E+02  2.823E+11  1.187E+00  6.922E-01
     194      1     34      1     33      1      52     4.2420E-01  8.175E+01  1.691E-02  4.031E-01
     195      1     35      1     13      1      52     1.0346E+03  1.783E+12  1.000E-30  2.774E+01
     196      1     35      1     18      1      52     5.7478E+02  7.516E+11  1.000E-30  1.612E+01
     198      1     35      1     24      1      52     2.9820E+02  3.158E+11  1.000E-30  1.023E+01
     201      1     35      1     30      1      52     1.1906E+02  1.078E+11  1.000E-30  6.994E+00
     203      1     36      1     12      1      52     1.0606E+03  1.382E+12  1.411E-02  4.965E+00
     204      1     36      1     14      1      52     1.0233E+03  5.148E+11  1.000E-30  5.379E+00
     205      1     36      1     17      1      52     5.9109E+02  4.671E+11  2.822E-02  4.940E+00
     206      1     36      1     19      1      52     5.6958E+02  2.561E+11  1.000E-30  2.791E+00
     207      1     36      1     23      1      52     3.0964E+02  1.549E+11  6.869E-02  4.937E+00
     209      1     36      1     25      1      52     2.9614E+02  1.219E+11  1.000E-30  2.799E+00
     211      1     36      1     29      1      52     1.2779E+02  3.473E+10  2.702E-01  4.951E+00
     213      1     36      1     31      1      52     1.1877E+02  4.582E+10  1.000E-30  3.358E+00
     215      1     36      1     35      1      52     3.5433E+00  5.218E+05  3.377E-01  2.962E+00
     216      1     37      1     13      1      52     1.0410E+03  2.622E+12  1.737E-03  2.646E+01
     217      1     37      1     15      1      52     1.0215E+03  1.487E+11  1.000E-30  3.192E+00
     218      1     37      1     18      1      52     5.8110E+02  8.761E+11  5.966E-03  1.490E+01
     219      1     37      1     20      1      52     5.6995E+02  9.800E+10  1.000E-30  1.460E+00
     221      1     37      1     24      1      52     3.0452E+02  2.907E+11  2.332E-02  9.008E+00
     223      1     37      1     26      1      52     2.9760E+02  5.687E+10  1.000E-30  7.991E-01
     226      1     37      1     30      1      52     1.2539E+02  6.812E+10  1.411E-01  5.773E+00
     228      1     37      1     32      1      52     1.2084E+02  2.556E+10  1.000E-30  9.139E-01
     231      1     37      1     36      1      52     2.7803E+00  2.994E+05  7.925E-02  3.836E+00
     232      1     38      1     14      1      52     1.0264E+03  3.579E+12  4.846E-03  8.122E+00
     233      1     38      1     16      1      52     1.0194E+03  2.975E+10  1.000E-30  2.131E+00
     234      1     38      1     19      1      52     5.7269E+02  1.234E+12  1.757E-02  4.535E+00
     235      1     38      1     21      1      52     5.6908E+02  3.363E+10  1.000E-30  1.058E+00
     237      1     38      1     25      1      52     2.9925E+02  3.972E+11  7.064E-02  2.717E+00
     239      1     38      1     27      1      52     2.9733E+02  2.630E+10  1.000E-30  5.561E-01
     242      1     38      1     31      1      52     1.2188E+02  7.507E+10  4.415E-01  1.731E+00
     244      1     38      1     33      1      52     1.2090E+02  1.466E+10  1.000E-30  4.996E-01
     247      1     38      1     37      1      52     3.3030E-01  1.265E+02  3.842E-02  1.126E+00
     248      1     39      1     15      1      52     1.0219E+03  3.742E+12  7.317E-03  4.089E+00
     249      1     39      1     20      1      52     5.7035E+02  1.483E+12  3.058E-02  2.292E+00
     250      1     39      1     22      1      52     5.6815E+02  7.381E+09  1.000E-30  8.116E-01
     252      1     39      1     26      1      52     2.9801E+02  4.859E+11  1.321E-01  1.387E+00
     254      1     39      1     28      1      52     2.9677E+02  1.017E+10  1.000E-30  4.604E-01
     256      1     39      1     32      1      52     1.2125E+02  8.012E+10  8.161E-01  9.169E-01
     258      1     39      1     34      1      52     1.2055E+02  7.834E+09  1.000E-30  3.638E-01
     260      1     39      1     38      1      52     7.3900E-02  7.375E-01  2.470E-02  5.842E-01
     261      1     40      1     16      1      52     1.0198E+03  2.441E+12  6.043E-03  2.515E+00
     262      1     40      1     21      1      52     5.6945E+02  1.469E+12  3.856E-02  1.429E+00
     264      1     40      1     27      1      52     2.9770E+02  5.491E+11  1.941E-01  8.840E-01
     267      1     40      1     33      1      52     1.2127E+02  1.104E+11  1.253E+00  6.110E-01
     270      1     40      1     39      1      52     2.9800E-01  3.614E+01  1.685E-02  4.738E-01
     271      1     41      1     13      1      52     1.1233E+03  1.376E+12  1.000E-30  2.785E+01
     272      1     41      1     18      1      52     6.6340E+02  6.099E+11  1.000E-30  1.623E+01
     273      1     41      1     24      1      52     3.8682E+02  2.811E+11  1.000E-30  1.034E+01
     275      1     41      1     30      1      52     2.0768E+02  1.263E+11  1.000E-30  7.105E+00
     278      1     41      1     36      1      52     8.5076E+01  4.547E+10  1.000E-30  5.187E+00
     280      1     42      1     12      1      52     1.1482E+03  1.095E+12  1.137E-02  3.814E+00
     281      1     42      1     14      1      52     1.1108E+03  3.901E+11  1.000E-30  6.266E+00
     282      1     42      1     17      1      52     6.7867E+02  3.972E+11  2.034E-02  3.789E+00
     283      1     42      1     19      1      52     6.5716E+02  2.024E+11  1.000E-30  3.025E+00
     284      1     42      1     23      1      52     3.9722E+02  1.522E+11  3.984E-02  3.793E+00
     285      1     42      1     25      1      52     3.8372E+02  1.054E+11  1.000E-30  2.110E+00
     286      1     42      1     29      1      52     2.1536E+02  5.460E+10  9.634E-02  3.820E+00
     288      1     42      1     31      1      52     2.0634E+02  5.195E+10  1.000E-30  2.335E+00
     290      1     42      1     35      1      52     9.1119E+01  1.247E+10  3.738E-01  3.868E+00
     292      1     42      1     37      1      52     8.4795E+01  2.017E+10  1.000E-30  2.743E+00
     294      1     42      1     41      1      52     2.4992E+00  1.850E+05  4.378E-01  2.483E+00
     295      1     43      1     13      1      52     1.1279E+03  2.059E+12  1.051E-03  2.695E+01
     296      1     43      1     15      1      52     1.1084E+03  1.093E+11  1.000E-30  3.655E+00
     297      1     43      1     18      1      52     6.6800E+02  7.373E+11  3.191E-03  1.533E+01
     298      1     43      1     20      1      52     6.5684E+02  7.434E+10  1.000E-30  1.878E+00
     299      1     43      1     24      1      52     3.9142E+02  2.800E+11  9.889E-03  9.439E+00
     300      1     43      1     26      1      52     3.8450E+02  4.668E+10  1.000E-30  1.037E+00
     302      1     43      1     30      1      52     2.1228E+02  1.011E+11  3.529E-02  6.192E+00
     304      1     43      1     32      1      52     2.0774E+02  2.672E+10  1.000E-30  7.830E-01
     307      1     43      1     36      1      52     8.9678E+01  2.458E+10  1.994E-01  4.286E+00
     309      1     43      1     38      1      52     8.6568E+01  1.198E+10  1.000E-30  9.380E-01
     312      1     43      1     42      1      52     2.1031E+00  1.441E+05  1.138E-01  3.106E+00
     313      1     44      1     15      1      52     1.1084E+03  2.772E+12  3.984E-03  4.309E+00
     314      1     44      1     20      1      52     6.5688E+02  1.187E+12  1.435E-02  2.507E+00
     315      1     44      1     22      1      52     6.5468E+02  4.943E+09  1.000E-30  1.027E+00
     316      1     44      1     26      1      52     3.8454E+02  4.778E+11  4.676E-02  1.608E+00
     317      1     44      1     28      1      52     3.8330E+02  7.166E+09  1.000E-30  6.684E-01
     319      1     44      1     32      1      52     2.0778E+02  1.626E+11  1.620E-01  1.133E+00
     321      1     44      1     34      1      52     2.0708E+02  6.751E+09  1.000E-30  5.019E-01
     323      1     44      1     38      1      52     8.6605E+01  3.503E+10  8.063E-01  8.864E-01
     325      1     44      1     40      1      52     8.6233E+01  4.397E+09  1.000E-30  5.011E-01
     327      1     45      1     14      1      52     1.1130E+03  2.755E+12  2.808E-03  8.423E+00
     328      1     45      1     16      1      52     1.1061E+03  2.083E+10  1.000E-30  2.426E+00
     329      1     45      1     19      1      52     6.5935E+02  1.024E+12  8.840E-03  4.823E+00
     330      1     45      1     21      1      52     6.5574E+02  2.432E+10  1.000E-30  1.346E+00
     331      1     45      1     25      1      52     3.8591E+02  3.895E+11  2.768E-02  3.005E+00
     332      1     45      1     27      1      52     3.8399E+02  2.018E+10  1.000E-30  8.102E-01
     334      1     45      1     31      1      52     2.0854E+02  1.332E+11  9.763E-02  2.013E+00
     336      1     45      1     33      1      52     2.0756E+02  1.415E+10  1.000E-30  5.775E-01
     339      1     45      1     37      1      52     8.6990E+01  2.629E+10  5.267E-01  1.465E+00
     341      1     45      1     39      1      52     8.6586E+01  7.422E+09  1.000E-30  6.179E-01
     344      1     45      1     43      1      52     9.2200E-02  3.155E+00  4.848E-02  9.322E-01
     345      1     45      1     44      1      52     5.4600E-02  4.571E-01  1.000E-30  6.416E-01
     346      1     46      1     16      1      52     1.1062E+03  1.653E+12  2.948E-03  2.694E+00
     347      1     46      1     21      1      52     6.5590E+02  1.093E+12  1.608E-02  1.607E+00
     348      1     46      1     27      1      52     3.8415E+02  5.250E+11  6.111E-02  1.064E+00
     350      1     46      1     33      1      52     2.0772E+02  2.043E+11  2.188E-01  7.863E-01
     353      1     46      1     39      1      52     8.6749E+01  4.224E+10  1.046E+00  6.613E-01
     355      1     46      1     44      1      52     2.1720E-01  1.687E+01  1.387E-02  6.254E-01
     357      1     48      1     47      1      52     3.1750E+02  5.072E+10  2.815E-03  1.840E+02
     358      1     49      1     48      1      52     3.6284E+02  2.758E+11  1.548E-04  2.763E+02
     359      1     51      1     50      1      52     7.7750E-01  7.224E+02  1.318E-03  1.384E+02
     360      1     52      1     51      1      52     6.6689E+02  4.282E+12  1.000E-30  4.204E+02
     361      1     54      1     53      1      52     3.0082E+01  2.564E+08  1.000E-30  1.846E+02
     362      1     55      1     53      1      52     1.0120E+02  5.267E+09  3.742E-03  8.075E+01
     363      1     56      1     54      1      52     1.0442E+02  5.909E+09  4.153E-03  7.434E+01
     364      1     56      1     55      1      52     3.3297E+01  3.453E+08  1.000E-30  1.922E+02
     365      1     57      1     55      1      52     9.2670E+01  2.952E+09  6.613E-04  1.109E+02
     367      1     58      1     56      1      52     9.3608E+01  3.059E+09  6.929E-04  1.064E+02
     368      1     58      1     57      1      52     3.4235E+01  3.748E+08  1.000E-30  1.948E+02
     369      1     61      1     60      1      53     7.7081E+01  2.051E+08  9.468E-09  8.048E-03
     370      1     62      1     60      1      53     8.3045E+01  3.086E+08  1.000E-30  8.614E-03
     373      1     63      1     61      1      53     8.0094E+00  5.349E+02  1.000E-30  1.493E-03
     375      1     64      1     60      1      53     4.6515E+02  1.267E+11  1.656E+00  4.508E-02
     378      1     65      1     60      1      53     5.0090E+02  1.449E+11  4.071E-09  4.845E-02
     380      1     65      1     63      1      53     4.1581E+02  3.474E+10  3.586E+00  4.039E-02
     381      1     67      1     66      1      53     9.2071E+01  3.532E+09  4.701E-03  5.730E+01
     383      1     68      1     67      1      53     2.1266E+02  4.645E+10  8.960E-04  3.996E+01
     385      1     69      1     67      1      53     2.3259E+02  3.583E+10  1.000E-30  2.162E+01
     386      1     71      1     70      1      53     1.8245E+01  2.297E+07  1.792E-02  1.283E+01
     388      1     72      1     71      1      53     7.1086E+01  4.164E+09  6.767E-03  3.417E+01
     390      1     73      1     72      1      53     1.1156E+02  1.585E+10  1.369E-02  1.008E+01
     392      1     74      1     71      1      53     8.8734E+02  1.696E+13  1.000E-30  4.811E+01
     393      1     75      1     70      1      53     9.0769E+02  1.159E+13  3.242E-02  2.965E+01
     395      1     75      1     72      1      53     8.1835E+02  3.545E+12  1.000E-30  1.677E+01
     396      1     75      1     74      1      53     2.1014E+00  4.542E+04  6.655E-02  4.773E+00
     398      1     76      1     71      1      53     9.4411E+02  3.182E+13  1.892E-02  4.055E+01
     400      1     76      1     73      1      53     7.6146E+02  6.264E+11  1.000E-30  3.196E+00
     402      1     76      1     75      1      53     5.4666E+01  3.797E+09  2.081E-02  2.274E+01
     404      1     77      1     72      1      53     9.7713E+02  6.598E+13  6.594E-02  1.391E+01
     407      1     77      1     76      1      53     1.0411E+02  3.880E+10  8.770E-02  5.225E+00
     409      1     78      1     73      1      53     1.0763E+03  1.427E+14  1.896E-01  6.433E+00
     411      1     78      1     77      1      53     2.1071E+02  2.679E+11  1.343E-01  2.143E+00
     412      1     79      1     70      1      53     1.3871E+03  1.150E+13  1.448E-02  1.799E+01
     414      1     79      1     72      1      53     1.2978E+03  2.933E+12  1.000E-30  9.396E+00
     415      1     79      1     74      1      53     4.8154E+02  1.803E+12  6.088E-02  1.709E+01
     417      1     79      1     76      1      53     4.2478E+02  7.974E+11  1.000E-30  1.029E+01
     420      1     80      1     71      1      53     1.3753E+03  1.384E+13  1.000E-30  4.811E+01
     422      1     80      1     75      1      53     4.8588E+02  3.930E+12  1.000E-30  2.971E+01
     424      1     80      1     79      1      53     6.4349E+00  5.070E+06  1.000E-30  1.655E+01
     426      1     81      1     71      1      53     1.4208E+03  2.774E+13  4.384E-03  4.376E+01
     428      1     81      1     73      1      53     1.2382E+03  5.038E+11  1.000E-30  4.393E+00
     430      1     81      1     75      1      53     5.3137E+02  5.821E+12  3.169E-02  2.530E+01
     432      1     81      1     77      1      53     3.7259E+02  1.694E+11  1.000E-30  1.961E+00
     434      1     81      1     79      1      53     5.1923E+01  6.309E+09  7.527E-02  1.310E+01
     438      1     82      1     76      1      53     5.7966E+02  1.298E+13  1.359E-01  6.909E+00
     440      1     82      1     78      1      53     2.6484E+02  1.215E+10  1.000E-30  7.949E-01
     442      1     82      1     81      1      53     1.0296E+02  6.908E+10  3.580E-01  3.069E+00
     443      1     83      1     74      1      53     7.7070E+02  2.136E+12  2.580E-02  1.112E+01
     445      1     83      1     76      1      53     7.1393E+02  8.204E+11  1.000E-30  5.563E+00
     447      1     83      1     80      1      53     2.8272E+02  3.711E+11  1.035E-01  1.077E+01
     448      1     83      1     81      1      53     2.3723E+02  1.858E+11  1.000E-30  6.798E+00
     451      1     84      1     75      1      53     7.7945E+02  3.560E+12  1.000E-30  2.971E+01
     452      1     84      1     79      1      53     3.0001E+02  1.221E+12  1.000E-30  1.718E+01
     455      1     84      1     83      1      53     1.0851E+01  3.561E+07  1.000E-30  1.135E+01
     457      1     85      1     75      1      53     8.2063E+02  5.708E+12  7.673E-03  2.689E+01
     459      1     85      1     77      1      53     6.6185E+02  1.985E+11  1.000E-30  1.944E+00
     460      1     85      1     79      1      53     3.4119E+02  1.628E+12  6.102E-02  1.443E+01
     463      1     85      1     82      1      53     1.8630E+02  3.082E+10  1.000E-30  1.366E+00
     464      1     85      1     83      1      53     5.2031E+01  1.032E+10  2.286E-01  8.280E+00
     467      1     86      1     77      1      53     6.7729E+02  3.023E+13  3.870E-01  3.190E+00
     470      1     86      1     82      1      53     2.0174E+02  4.549E+11  6.671E-01  1.279E+00
     473      1     87      1     78      1      53     5.1236E+02  1.285E+13  5.971E-01  1.831E+00
     475      1     87      1     86      1      53     4.5782E+01  1.386E+09  1.781E-01  6.649E-01
     477      1     88      1     76      1      53     8.6948E+02  1.118E+13  2.663E-02  7.864E+00
     479      1     88      1     78      1      53     5.5466E+02  2.321E+10  1.000E-30  1.352E+00
     481      1     88      1     81      1      53     3.9278E+02  3.918E+12  2.609E-01  3.959E+00
     484      1     88      1     85      1      53     1.0351E+02  8.889E+10  1.103E+00  2.023E+00
     485      1     88      1     86      1      53     8.8076E+01  9.652E+08  1.000E-30  5.362E-01
     487      1     89      1     74      1      53     9.5869E+02  1.861E+12  1.618E-02  7.921E+00
     488      1     89      1     76      1      53     9.0192E+02  6.562E+11  1.000E-30  4.951E+00
     490      1     89      1     80      1      53     4.7071E+02  5.162E+11  4.179E-02  7.445E+00
     491      1     89      1     81      1      53     4.2522E+02  2.444E+11  1.000E-30  3.904E+00
     494      1     89      1     84      1      53     1.7714E+02  9.060E+10  1.614E-01  7.318E+00
     495      1     89      1     85      1      53     1.3596E+02  4.087E+10  1.000E-30  4.761E+00
     497      1     90      1     75      1      53     9.7022E+02  2.792E+12  1.000E-30  2.977E+01
     498      1     90      1     79      1      53     4.9078E+02  1.164E+12  1.000E-30  1.725E+01
     501      1     90      1     83      1      53     2.0163E+02  4.717E+11  1.000E-30  1.091E+01
     504      1     90      1     89      1      53     1.3639E+01  6.084E+07  1.000E-30  4.083E+00
     505      1     91      1     75      1      53     1.0099E+03  4.644E+12  3.208E-03  2.785E+01
     506      1     91      1     77      1      53     8.5110E+02  1.598E+11  1.000E-30  2.773E+00
     507      1     91      1     79      1      53     5.3043E+02  1.662E+12  1.460E-02  1.539E+01
     510      1     91      1     82      1      53     3.7555E+02  6.035E+10  1.000E-30  1.099E+00
     511      1     91      1     83      1      53     2.4127E+02  6.157E+11  1.105E-01  9.051E+00
     515      1     91      1     88      1      53     8.5729E+01  3.159E+09  1.000E-30  1.075E+00
     516      1     91      1     89      1      53     5.3287E+01  1.493E+10  6.041E-01  5.634E+00
     518      1     92      1     74      1      53     1.0879E+03  1.517E+12  1.138E-02  6.235E+00
     519      1     92      1     76      1      53     1.0312E+03  5.045E+11  1.000E-30  5.809E+00
     520      1     92      1     80      1      53     5.9995E+02  4.926E+11  2.535E-02  5.529E+00
     521      1     92      1     81      1      53     5.5446E+02  2.189E+11  1.000E-30  3.007E+00
     523      1     92      1     84      1      53     3.0638E+02  1.483E+11  6.233E-02  5.338E+00
     524      1     92      1     85      1      53     2.6520E+02  7.444E+10  1.000E-30  2.993E+00
     527      1     92      1     90      1      53     1.1560E+02  2.432E+10  2.307E-01  5.291E+00
     528      1     92      1     91      1      53     7.5952E+01  7.287E+09  1.000E-30  3.573E+00
     529      1     93      1     75      1      53     1.1014E+03  2.146E+12  1.000E-30  2.986E+01
     530      1     93      1     79      1      53     6.2192E+02  9.681E+11  1.000E-30  1.733E+01
     531      1     93      1     83      1      53     3.3276E+02  4.572E+11  1.000E-30  1.099E+01
     534      1     93      1     89      1      53     1.4478E+02  2.170E+11  1.000E-30  7.498E+00
     537      1     93      1     92      1      53     1.5538E+01  2.546E+08  1.000E-30  5.596E+00
     538      1     94      1     76      1      53     1.0597E+03  8.369E+12  1.002E-02  8.440E+00
     539      1     94      1     78      1      53     7.4491E+02  2.021E+10  1.000E-30  1.897E+00
     541      1     94      1     81      1      53     5.8303E+02  3.624E+12  5.163E-02  4.510E+00
     544      1     94      1     85      1      53     2.9377E+02  1.613E+12  4.705E-01  2.548E+00
     545      1     94      1     86      1      53     2.7833E+02  6.824E+09  1.000E-30  7.535E-01
     549      1     94      1     91      1      53     1.0453E+02  9.456E+10  2.710E+00  1.495E+00
     552      1     95      1     77      1      53     9.6122E+02  2.056E+13  5.591E-02  3.789E+00
     555      1     95      1     82      1      53     4.8567E+02  9.679E+12  7.390E-01  1.846E+00
     558      1     95      1     87      1      53     2.3815E+02  1.038E+10  1.000E-30  3.374E-01
     559      1     95      1     88      1      53     1.9586E+02  4.731E+11  2.032E+00  8.998E-01
     561      1     95      1     94      1      53     5.5996E+00  2.396E+05  2.421E-02  4.761E-01
     562      1     96      1     75      1      53     1.1409E+03  3.649E+12  1.704E-03  2.851E+01
     563      1     96      1     77      1      53     9.8211E+02  1.226E+11  1.000E-30  3.419E+00
     564      1     96      1     79      1      53     6.6145E+02  1.421E+12  6.119E-03  1.599E+01
     565      1     96      1     82      1      53     5.0657E+02  5.912E+10  1.000E-30  1.534E+00
     566      1     96      1     83      1      53     3.7229E+02  6.254E+11  2.573E-02  9.646E+00
     569      1     96      1     88      1      53     2.1675E+02  1.543E+10  1.000E-30  8.292E-01
     570      1     96      1     89      1      53     1.8430E+02  2.945E+11  1.886E-01  6.185E+00
     573      1     96      1     92      1      53     5.5065E+01  1.817E+10  1.387E+00  4.148E+00
     575      1     96      1     94      1      53     2.6491E+01  5.541E+07  1.000E-30  9.553E-01
     578      1     97      1     78      1      53     7.9354E+02  8.893E+12  5.627E-02  2.251E+00
     580      1     97      1     86      1      53     3.2696E+02  2.500E+12  9.624E-01  1.063E+00
     584      1     97      1     95      1      53     4.3029E+01  2.197E+09  6.599E-01  4.957E-01
     585      1     98      1     74      1      53     1.1808E+03  1.214E+12  8.215E-03  5.376E+00
     586      1     98      1     76      1      53     1.1240E+03  3.884E+11  1.000E-30  6.757E+00
     587      1     98      1     80      1      53     6.9278E+02  4.277E+11  1.758E-02  4.432E+00
     588      1     98      1     81      1      53     6.4729E+02  1.814E+11  1.000E-30  3.243E+00
     589      1     98      1     84      1      53     3.9921E+02  1.544E+11  3.627E-02  4.152E+00
     590      1     98      1     85      1      53     3.5803E+02  7.599E+10  1.000E-30  2.242E+00
     592      1     98      1     90      1      53     2.0843E+02  4.806E+10  8.552E-02  4.092E+00
     593      1     98      1     91      1      53     1.6878E+02  2.212E+10  1.000E-30  2.471E+00
     595      1     98      1     93      1      53     7.7294E+01  6.902E+09  3.018E-01  4.100E+00
     597      1     98      1     96      1      53     3.7767E+01  7.516E+08  1.000E-30  2.887E+00
     598      1     99      1     75      1      53     1.1956E+03  1.660E+12  1.000E-30  2.996E+01
     599      1     99      1     79      1      53     7.1611E+02  7.769E+11  1.000E-30  1.744E+01
     600      1     99      1     83      1      53     4.2696E+02  3.909E+11  1.000E-30  1.110E+01
     601      1     99      1     89      1      53     2.3897E+02  2.070E+11  1.000E-30  7.606E+00
     604      1     99      1     92      1      53     1.0973E+02  1.160E+11  1.000E-30  5.512E+00
     607      1     99      1     98      1      53     1.6897E+01  6.740E+08  1.000E-30  4.430E+00
     608      1    100      1     75      1      53     1.2357E+03  2.859E+12  1.031E-03  2.900E+01
     609      1    100      1     77      1      53     1.0769E+03  9.403E+10  1.000E-30  3.905E+00
     610      1    100      1     79      1      53     7.5626E+02  1.170E+12  3.247E-03  1.648E+01
     611      1    100      1     82      1      53     6.0138E+02  5.064E+10  1.000E-30  1.975E+00
     612      1    100      1     83      1      53     4.6710E+02  5.494E+11  1.065E-02  1.014E+01
     613      1    100      1     88      1      53     3.1156E+02  1.939E+10  1.000E-30  1.074E+00
     614      1    100      1     89      1      53     2.7912E+02  2.905E+11  4.210E-02  6.626E+00
     617      1    100      1     92      1      53     1.4988E+02  1.698E+11  3.025E-01  4.563E+00
     619      1    100      1     94      1      53     1.2130E+02  2.992E+09  1.000E-30  7.953E-01
     621      1    100      1     98      1      53     5.7044E+01  2.100E+10  2.799E+00  3.315E+00
     623      1    101      1     76      1      53     1.1918E+03  6.257E+12  5.008E-03  8.778E+00
     624      1    101      1     78      1      53     8.7698E+02  1.577E+10  1.000E-30  2.285E+00
     625      1    101      1     81      1      53     7.1510E+02  2.872E+12  1.953E-02  4.893E+00
     627      1    101      1     85      1      53     4.2583E+02  1.525E+12  8.967E-02  2.924E+00
     628      1    101      1     86      1      53     4.1039E+02  8.799E+09  1.000E-30  1.104E+00
     631      1    101      1     91      1      53     2.3659E+02  8.188E+11  7.704E-01  1.851E+00
     634      1    101      1     95      1      53     1.2646E+02  1.044E+09  1.000E-30  5.703E-01
     635      1    101      1     96      1      53     1.0557E+02  1.344E+11  5.308E+00  1.262E+00
     638      1    101      1    100      1      53     1.0760E+01  2.242E+06  2.178E-02  9.528E-01
     639      1    102      1     77      1      53     1.1469E+03  1.305E+13  1.806E-02  4.164E+00
     641      1    102      1     82      1      53     6.7131E+02  7.864E+12  1.152E-01  2.214E+00
     644      1    102      1     87      1      53     4.2378E+02  9.045E+09  1.000E-30  6.033E-01
     645      1    102      1     88      1      53     3.8149E+02  4.034E+12  1.240E+00  1.249E+00
     647      1    102      1     94      1      53     1.9123E+02  6.142E+11  4.416E+00  7.420E-01
     650      1    102      1     97      1      53     1.4260E+02  5.541E+09  1.000E-30  3.133E-01
     652      1    102      1    101      1      53     5.9168E+01  3.433E+08  2.576E-02  5.187E-01
     653      1    103      1     76      1      53     1.2875E+03  4.753E+12  2.886E-03  9.141E+00
     654      1    103      1     78      1      53     9.7272E+02  1.210E+10  1.000E-30  2.591E+00
     655      1    103      1     81      1      53     8.1083E+02  2.252E+12  9.720E-03  5.198E+00
     656      1    103      1     85      1      53     5.2157E+02  1.243E+12  3.371E-02  3.223E+00
     657      1    103      1     86      1      53     5.0613E+02  8.317E+09  1.000E-30  1.403E+00
     659      1    103      1     91      1      53     3.3233E+02  7.883E+11  1.405E-01  2.150E+00
     662      1    103      1     95      1      53     2.2220E+02  2.268E+09  1.000E-30  8.337E-01
     663      1    103      1     96      1      53     2.0131E+02  5.185E+11  1.117E+00  1.542E+00
     665      1    103      1    100      1      53     1.0650E+02  2.479E+11  8.435E+00  1.215E+00
     667      1    103      1    102      1      53     3.6571E+01  3.277E+07  1.000E-30  5.787E-01
     668      1    104      1     78      1      53     9.7661E+02  5.129E+12  1.469E-02  2.519E+00
     670      1    104      1     86      1      53     5.1003E+02  2.956E+12  1.299E-01  1.324E+00
     674      1    104      1     95      1      53     2.2610E+02  6.734E+11  1.353E+00  7.483E-01
     677      1    104      1    102      1      53     4.0464E+01  3.264E+09  1.386E+00  4.561E-01
     679      1    105      1     77      1      53     1.2750E+03  8.726E+12  8.122E-03  4.428E+00
     680      1    105      1     82      1      53     7.9944E+02  5.469E+12  3.831E-02  2.479E+00
     682      1    105      1     87      1      53     5.5191E+02  6.356E+09  1.000E-30  8.615E-01
     683      1    105      1     88      1      53     5.0962E+02  3.716E+12  2.002E-01  1.507E+00
     685      1    105      1     94      1      53     3.1936E+02  2.344E+12  1.752E+00  9.906E-01
     688      1    105      1     97      1      53     2.7073E+02  6.803E+09  1.000E-30  4.818E-01
     690      1    105      1    101      1      53     1.8730E+02  1.043E+12  7.120E+00  7.288E-01
     692      1    105      1    103      1      53     9.1560E+01  5.626E+08  8.490E-03  6.306E-01
     693      1    105      1    104      1      53     8.7667E+01  2.109E+09  1.000E-30  3.747E-01
     694      1    106      1     78      1      53     1.1024E+03  3.206E+12  5.807E-03  2.720E+00
     695      1    106      1     86      1      53     6.3583E+02  2.197E+12  3.881E-02  1.526E+00
     698      1    106      1     95      1      53     3.5190E+02  1.020E+12  2.062E-01  9.493E-01
     701      1    106      1    102      1      53     1.6626E+02  3.439E+11  1.561E+00  6.476E-01
     704      1    106      1    105      1      53     3.8133E+01  4.079E+09  1.948E+00  5.104E-01
     705      1    107      1     77      1      53     1.3672E+03  6.145E+12  4.361E-03  4.655E+00
     706      1    107      1     82      1      53     8.9170E+02  3.864E+12  1.740E-02  2.705E+00
     707      1    107      1     87      1      53     6.4417E+02  4.492E+09  1.000E-30  1.086E+00
     708      1    107      1     88      1      53     6.0188E+02  2.699E+12  6.554E-02  1.733E+00
     710      1    107      1     94      1      53     4.1162E+02  2.120E+12  2.868E-01  1.217E+00
     712      1    107      1     97      1      53     3.6299E+02  5.555E+09  1.000E-30  6.970E-01
     714      1    107      1    101      1      53     2.7956E+02  2.225E+12  2.057E+00  9.434E-01
     716      1    107      1    103      1      53     1.8382E+02  1.363E+12  8.949E+00  8.273E-01
     717      1    107      1    104      1      53     1.7993E+02  3.710E+09  1.000E-30  5.137E-01
     719      1    107      1    106      1      53     5.4126E+01  6.597E+08  1.000E-30  5.063E-01
     720      1    108      1     78      1      53     1.1926E+03  2.148E+12  2.848E-03  2.895E+00
     721      1    108      1     86      1      53     7.2599E+02  1.580E+12  1.619E-02  1.707E+00
     723      1    108      1     95      1      53     4.4206E+02  8.763E+11  6.369E-02  1.124E+00
     725      1    108      1    102      1      53     2.5642E+02  4.470E+11  2.494E-01  8.253E-01
     728      1    108      1    105      1      53     1.2829E+02  1.709E+11  1.451E+00  6.842E-01
     730      1    108      1    107      1      53     3.6034E+01  5.107E+09  2.214E+00  6.487E-01
     731      1    110      1    109      1      53     1.0325E+02  9.636E+09  1.000E-30  3.596E+02
     732      1    111      1    109      1      53     6.2828E+02  2.442E+12  1.811E-04  4.026E+02
     733      1    114      1    113      1      54     7.1415E+00  2.940E+04  1.000E-30  1.389E-03
     735      1    115      1    114      1      54     4.2027E+02  6.409E+10  2.408E+00  4.074E-02
     736      1    117      1    116      1      54     8.2284E+01  2.571E+08  1.918E+01  1.184E-02
     737      1    118      1    117      1      54     6.5579E+01  6.897E+08  4.879E-04  9.900E+01
     739      1    120      1    119      1      54     2.7707E+01  1.756E+07  1.302E+01  1.595E-02
     740      1    121      1    120      1      54     3.4184E+01  2.167E+08  3.046E-03  3.529E+01
     743      1    122      1    121      1      54     1.1729E+01  1.897E+06  1.388E-03  1.005E+01
     745      1    124      1    119      1      54     9.4819E+02  1.385E+13  3.211E-02  3.137E+01
     746      1    124      1    121      1      54     8.8629E+02  4.617E+12  1.000E-30  1.771E+01
     747      1    123      1    120      1      54     9.0352E+02  1.685E+13  1.000E-30  5.152E+01
     749      1    124      1    123      1      54     1.6956E+01  8.734E+06  6.320E+00  4.499E-02
     750      1    125      1    120      1      54     9.3511E+02  2.986E+13  1.718E-02  4.304E+01
     753      1    125      1    122      1      54     8.8920E+02  1.125E+12  1.000E-30  3.447E+00
     754      1    125      1    124      1      54     1.4632E+01  1.981E+07  5.634E-03  2.236E+01
     757      1    126      1    121      1      54     9.0719E+02  4.792E+13  5.462E-02  1.502E+01
     759      1    126      1    125      1      54     6.2624E+00  5.459E+05  5.105E-03  5.200E+00
     761      1    127      1    122      1      54     9.0472E+02  7.188E+13  1.430E-01  6.887E+00
     763      1    127      1    126      1      54     9.2648E+00  6.568E+05  3.411E-03  2.058E+00
     765      1    129      1    121      1      54     1.3816E+03  3.581E+12  1.000E-30  1.003E+01
     767      1    129      1    123      1      54     5.1224E+02  2.320E+12  6.126E-02  1.816E+01
     768      1    129      1    125      1      54     4.8065E+02  1.241E+12  1.000E-30  1.087E+01
     770      1    128      1    120      1      54     1.4063E+03  1.412E+13  1.000E-30  5.143E+01
     772      1    128      1    124      1      54     4.8585E+02  3.622E+12  1.000E-30  3.183E+01
     775      1    129      1    128      1      54     9.4325E+00  2.145E+06  4.223E+00  7.806E-02
     777      1    130      1    120      1      54     1.4246E+03  1.724E+13  3.346E-02  3.692E+00
     779      1    130      1    122      1      54     1.3787E+03  7.489E+11  1.000E-30  4.726E+00
     780      1    130      1    124      1      54     5.0408E+02  4.615E+12  2.750E-02  2.691E+01
     783      1    130      1    126      1      54     4.8319E+02  4.621E+11  1.000E-30  2.109E+00
     785      1    130      1    129      1      54     8.7978E+00  5.622E+06  1.275E-02  1.303E+01
     788      1    131      1    121      1      54     1.3942E+03  3.896E+13  1.020E-02  1.695E+01
     790      1    131      1    125      1      54     4.9329E+02  6.820E+12  1.036E-01  7.449E+00
     791      1    131      1    127      1      54     4.7777E+02  1.243E+11  1.000E-30  8.519E-01
     793      1    131      1    130      1      54     3.8408E+00  1.851E+05  1.288E-02  3.063E+00
     795      1    132      1    122      1      54     1.3904E+03  4.108E+13  1.635E-02  8.102E+00
     797      1    132      1    126      1      54     4.9497E+02  9.257E+12  2.546E-01  3.403E+00
     799      1    132      1    131      1      54     7.9348E+00  7.548E+05  1.050E-02  1.235E+00
     800      1    133      1    127      1      54     4.8686E+02  1.065E+13  5.142E-01  1.941E+00
     801      1    133      1    132      1      54     1.1594E+00  6.783E+02  4.479E-03  6.379E-01
     802      1    134      1    124      1      54     7.8763E+02  3.456E+12  1.000E-30  3.179E+01
     804      1    134      1    129      1      54     2.9235E+02  1.017E+12  1.000E-30  1.844E+01
     808      1    135      1    123      1      54     8.1021E+02  2.595E+12  2.593E-02  1.157E+01
     809      1    135      1    125      1      54     7.7862E+02  1.108E+12  1.000E-30  1.011E+01
     811      1    135      1    128      1      54     3.0740E+02  5.203E+11  1.063E-01  1.148E+01
     812      1    135      1    130      1      54     2.8917E+02  3.892E+11  1.000E-30  5.880E+00
     814      1    135      1    134      1      54     5.6221E+00  1.405E+06  1.854E-01  3.167E+00
     815      1    136      1    124      1      54     7.9909E+02  4.968E+12  6.109E-03  3.177E+01
     818      1    136      1    126      1      54     7.7820E+02  3.661E+11  1.000E-30  5.066E+00
     819      1    136      1    129      1      54     3.0380E+02  1.024E+12  4.153E-02  1.841E+01
     822      1    136      1    131      1      54     2.9116E+02  1.772E+11  1.000E-30  2.970E+00
     825      1    136      1    135      1      54     5.8334E+00  2.026E+06  2.508E-02  8.335E+00
     827      1    137      1    125      1      54     7.8707E+02  7.314E+12  1.805E-02  1.011E+01
     828      1    137      1    127      1      54     7.7154E+02  8.380E+10  1.000E-30  3.089E+00
     830      1    137      1    130      1      54     2.9761E+02  1.427E+12  1.285E-01  5.889E+00
     831      1    137      1    132      1      54     2.8584E+02  6.991E+10  1.000E-30  1.819E+00
     833      1    137      1    136      1      54     2.6080E+00  7.539E+04  2.613E-02  1.998E+00
     835      1    138      1    126      1      54     7.8806E+02  9.240E+12  3.312E-02  5.059E+00
     837      1    138      1    131      1      54     3.0103E+02  1.929E+12  2.761E-01  2.963E+00
     838      1    138      1    133      1      54     2.9194E+02  2.262E+10  1.000E-30  1.237E+00
     840      1    138      1    137      1      54     7.2571E+00  8.021E+05  2.158E-02  8.491E-01
     841      1    139      1    127      1      54     7.7953E+02  8.155E+12  3.892E-02  3.078E+00
     842      1    139      1    132      1      54     2.9383E+02  2.115E+12  4.903E-01  1.808E+00
     843      1    139      1    138      1      54     7.3047E-01  3.133E+02  1.154E-02  4.652E-01
     844      1    140      1    133      1      54     2.9317E+02  2.343E+12  8.285E-01  1.219E+00
     845      1    140      1    139      1      54     5.0455E-01  3.956E+01  5.651E-03  2.927E-01
     846      1    141      1    124      1      54     9.8280E+02  2.752E+12  1.000E-30  3.181E+01
     847      1    141      1    129      1      54     4.8751E+02  1.060E+12  1.000E-30  1.844E+01
     851      1    141      1    135      1      54     1.8954E+02  3.398E+11  1.000E-30  1.167E+01
     853      1    142      1    123      1      54     1.0032E+03  2.204E+12  1.687E-02  7.856E+00
     854      1    142      1    125      1      54     9.7165E+02  8.415E+11  1.000E-30  1.018E+01
     856      1    142      1    128      1      54     5.0043E+02  6.551E+11  4.199E-02  7.827E+00
     857      1    142      1    130      1      54     4.8220E+02  3.833E+11  1.000E-30  5.952E+00
     859      1    142      1    134      1      54     1.9865E+02  1.426E+11  1.716E-01  7.762E+00
     861      1    142      1    136      1      54     1.8719E+02  1.394E+11  1.000E-30  5.035E+00
     863      1    142      1    141      1      54     3.4847E+00  3.292E+05  3.053E-01  2.119E+00
     864      1    143      1    124      1      54     9.9046E+02  4.158E+12  2.665E-03  3.180E+01
     865      1    143      1    126      1      54     9.6956E+02  2.603E+11  1.000E-30  5.130E+00
     866      1    143      1    129      1      54     4.9517E+02  1.229E+12  1.103E-02  1.844E+01
     869      1    143      1    131      1      54     4.8253E+02  1.589E+11  1.000E-30  3.034E+00
     872      1    143      1    135      1      54     1.9720E+02  2.771E+11  8.298E-02  9.617E+00
     874      1    143      1    137      1      54     1.8876E+02  7.172E+10  1.000E-30  1.145E+00
     877      1    143      1    142      1      54     4.1712E+00  8.583E+05  4.379E-02  5.672E+00
     878      1    144      1    125      1      54     9.7774E+02  5.861E+12  7.387E-03  1.017E+01
     879      1    144      1    127      1      54     9.6221E+02  5.428E+10  1.000E-30  3.151E+00
     881      1    144      1    130      1      54     4.8829E+02  1.767E+12  3.164E-02  5.947E+00
     882      1    144      1    132      1      54     4.7651E+02  5.661E+10  1.000E-30  1.881E+00
     884      1    144      1    136      1      54     1.9328E+02  3.377E+11  2.795E-01  2.714E+00
     885      1    144      1    138      1      54     1.8342E+02  3.272E+10  1.000E-30  4.933E-01
     887      1    144      1    143      1      54     1.9160E+00  3.648E+04  4.465E-02  1.466E+00
     888      1    145      1    126      1      54     9.7835E+02  6.700E+12  1.205E-02  5.118E+00
     890      1    145      1    131      1      54     4.9132E+02  2.328E+12  5.967E-02  3.022E+00
     891      1    145      1    133      1      54     4.8223E+02  1.464E+10  1.000E-30  1.296E+00
     893      1    145      1    137      1      54     1.9755E+02  4.112E+11  6.184E-01  1.286E+00
     894      1    145      1    139      1      54     1.8956E+02  1.671E+10  1.000E-30  3.083E-01
     896      1    145      1    144      1      54     6.8766E+00  8.559E+05  3.344E-02  6.907E-01
     897      1    146      1    127      1      54     9.6958E+02  4.819E+12  1.130E-02  3.134E+00
     898      1    146      1    132      1      54     4.8388E+02  2.432E+12  8.479E-02  1.864E+00
     899      1    146      1    138      1      54     1.9078E+02  3.763E+11  1.068E+00  7.697E-01
     900      1    146      1    140      1      54     1.8955E+02  5.122E+09  1.000E-30  2.312E-01
     901      1    146      1    145      1      54     4.8959E-01  1.340E+02  1.735E-02  4.256E-01
     902      1    147      1    133      1      54     4.8306E+02  2.038E+12  8.550E-02  1.273E+00
     903      1    147      1    139      1      54     1.9039E+02  3.850E+11  1.742E+00  5.201E-01
     904      1    147      1    146      1      54     3.3818E-01  2.246E+01  9.902E-03  2.983E-01
     905      1    148      1    140      1      54     1.9013E+02  4.159E+11  2.713E+00  3.742E-01
     906      1    148      1    147      1      54     2.4746E-01  3.509E+00  4.380E-03  2.201E-01
     907      1    149      1    124      1      54     1.1162E+03  2.123E+12  1.000E-30  3.187E+01
     908      1    149      1    129      1      54     6.2092E+02  8.998E+11  1.000E-30  1.850E+01
     910      1    149      1    135      1      54     3.2295E+02  3.787E+11  1.000E-30  1.175E+01
     913      1    149      1    142      1      54     1.2992E+02  1.298E+11  1.000E-30  7.999E+00
     915      1    150      1    123      1      54     1.1354E+03  1.768E+12  1.289E-02  5.656E+00
     916      1    150      1    125      1      54     1.1038E+03  6.322E+11  1.000E-30  1.026E+01
     917      1    150      1    128      1      54     6.3256E+02  6.013E+11  2.596E-02  5.626E+00
     918      1    150      1    130      1      54     6.1433E+02  3.142E+11  1.000E-30  6.033E+00
     919      1    150      1    134      1      54     3.3078E+02  1.999E+11  6.350E-02  5.619E+00
     921      1    150      1    136      1      54     3.1933E+02  1.492E+11  1.000E-30  3.142E+00
     923      1    150      1    141      1      54     1.3562E+02  4.528E+10  2.562E-01  5.628E+00
     925      1    150      1    143      1      54     1.2796E+02  5.575E+10  1.000E-30  3.772E+00
     927      1    150      1    149      1      54     2.2069E+00  7.954E+04  4.485E-01  1.525E+00
     928      1    151      1    124      1      54     1.1216E+03  3.296E+12  1.449E-03  3.185E+01
     929      1    151      1    126      1      54     1.1007E+03  1.871E+11  1.000E-30  5.210E+00
     930      1    151      1    129      1      54     6.2630E+02  1.111E+12  4.853E-03  1.849E+01
     931      1    151      1    131      1      54     6.1366E+02  1.227E+11  1.000E-30  3.114E+00
     933      1    151      1    135      1      54     3.2833E+02  3.703E+11  2.071E-02  1.027E+01
     935      1    151      1    137      1      54     3.1989E+02  7.062E+10  1.000E-30  8.675E-01
     937      1    151      1    142      1      54     1.3530E+02  8.900E+10  1.274E-01  6.553E+00
     939      1    151      1    144      1      54     1.2921E+02  3.111E+10  1.000E-30  9.946E-01
     941      1    151      1    150      1      54     3.1681E+00  4.270E+05  6.991E-02  4.155E+00
     942      1    152      1    125      1      54     1.1084E+03  4.515E+12  3.843E-03  1.025E+01
     943      1    152      1    127      1      54     1.0929E+03  3.666E+10  1.000E-30  3.229E+00
     944      1    152      1    130      1      54     6.1900E+02  1.571E+12  1.326E-02  6.026E+00
     945      1    152      1    132      1      54     6.0722E+02  4.085E+10  1.000E-30  1.959E+00
     947      1    152      1    136      1      54     3.2399E+02  5.098E+11  6.186E-02  3.112E+00
     948      1    152      1    138      1      54     3.1413E+02  3.049E+10  1.000E-30  5.859E-01
     950      1    152      1    143      1      54     1.3263E+02  1.008E+11  3.943E-01  1.954E+00
     951      1    152      1    145      1      54     1.2383E+02  1.502E+10  1.000E-30  5.135E-01
     953      1    152      1    151      1      54     1.4980E+00  1.987E+04  6.141E-02  1.227E+00
     954      1    153      1    126      1      54     1.1088E+03  4.820E+12  5.800E-03  5.193E+00
     955      1    153      1    131      1      54     6.2180E+02  1.963E+12  2.297E-02  3.098E+00
     956      1    153      1    133      1      54     6.1271E+02  9.303E+09  1.000E-30  1.371E+00
     958      1    153      1    137      1      54     3.2803E+02  6.700E+11  1.200E-01  1.560E+00
     959      1    153      1    139      1      54     3.2004E+02  1.284E+10  1.000E-30  4.790E-01
     961      1    153      1    144      1      54     1.3736E+02  1.240E+11  7.843E-01  1.003E+00
     962      1    153      1    146      1      54     1.2999E+02  9.852E+09  1.000E-30  3.617E-01
     963      1    153      1    152      1      54     6.6466E+00  9.389E+05  3.962E-02  6.741E-01
     964      1    154      1    127      1      54     1.0999E+03  3.069E+12  4.742E-03  3.206E+00
     965      1    154      1    132      1      54     6.1421E+02  1.867E+12  2.829E-02  1.935E+00
     966      1    154      1    138      1      54     3.2112E+02  7.019E+11  1.762E-01  9.766E-01
     967      1    154      1    140      1      54     3.1988E+02  3.208E+09  1.000E-30  4.004E-01
     968      1    154      1    145      1      54     1.3082E+02  1.413E+11  1.189E+00  6.498E-01
     969      1    154      1    147      1      54     1.3000E+02  4.548E+09  1.000E-30  2.893E-01
     970      1    154      1    153      1      54     3.4390E-01  5.945E+01  1.834E-02  4.760E-01
     971      1    155      1    133      1      54     6.1329E+02  1.242E+12  2.225E-02  1.341E+00
     972      1    155      1    139      1      54     3.2062E+02  7.107E+11  2.164E-01  6.850E-01
     973      1    155      1    146      1      54     1.3057E+02  1.593E+11  1.716E+00  4.729E-01
     974      1    155      1    148      1      54     1.2999E+02  1.410E+09  1.000E-30  2.416E-01
     975      1    155      1    154      1      54     2.3759E-01  1.111E+01  1.018E-02  3.725E-01
     976      1    156      1    124      1      54     1.2114E+03  1.638E+12  1.000E-30  3.196E+01
     977      1    156      1    129      1      54     7.1613E+02  7.285E+11  1.000E-30  1.859E+01
     978      1    156      1    135      1      54     4.1816E+02  3.381E+11  1.000E-30  1.186E+01
     980      1    156      1    142      1      54     2.2513E+02  1.526E+11  1.000E-30  8.104E+00
     983      1    156      1    150      1      54     9.3002E+01  5.539E+10  1.000E-30  5.865E+00
     985      1    157      1    123      1      54     1.2298E+03  1.401E+12  1.050E-02  4.306E+00
     986      1    157      1    125      1      54     1.1982E+03  4.781E+11  1.000E-30  1.037E+01
     987      1    157      1    128      1      54     7.2695E+02  5.099E+11  1.883E-02  4.277E+00
     988      1    157      1    130      1      54     7.0872E+02  2.487E+11  1.000E-30  6.138E+00
     989      1    157      1    134      1      54     4.2517E+02  1.963E+11  3.713E-02  4.276E+00
     990      1    157      1    136      1      54     4.1371E+02  1.291E+11  1.000E-30  2.350E+00
     991      1    157      1    141      1      54     2.3000E+02  7.064E+10  8.967E-02  4.298E+00
     993      1    157      1    143      1      54     2.2235E+02  6.338E+10  1.000E-30  2.576E+00
     995      1    157      1    149      1      54     9.6594E+01  1.616E+10  3.592E-01  4.341E+00
     997      1    157      1    151      1      54     9.1219E+01  2.427E+10  1.000E-30  3.029E+00
     999      1    157      1    156      1      54     1.3856E+00  2.157E+04  5.475E-01  1.243E+00
    1000      1    158      1    124      1      54     1.2153E+03  2.585E+12  8.892E-04  3.196E+01
    1001      1    158      1    126      1      54     1.1944E+03  1.374E+11  1.000E-30  5.314E+00
    1002      1    158      1    129      1      54     7.2004E+02  9.305E+11  2.651E-03  1.859E+01
    1003      1    158      1    131      1      54     7.0740E+02  9.341E+10  1.000E-30  3.218E+00
    1004      1    158      1    135      1      54     4.2207E+02  3.556E+11  8.776E-03  1.076E+01
    1005      1    158      1    137      1      54     4.1363E+02  5.822E+10  1.000E-30  1.117E+00
    1007      1    158      1    142      1      54     2.2904E+02  1.299E+11  3.178E-02  7.009E+00
    1009      1    158      1    144      1      54     2.2296E+02  3.303E+10  1.000E-30  8.153E-01
    1011      1    158      1    150      1      54     9.6914E+01  3.246E+10  1.815E-01  4.810E+00
    1012      1    158      1    152      1      54     9.2248E+01  1.438E+10  1.000E-30  9.818E-01
    1014      1    158      1    157      1      54     2.5273E+00  2.420E+05  1.029E-01  3.295E+00
    1015      1    159      1    125      1      54     1.2019E+03  3.469E+12  2.285E-03  1.035E+01
    1016      1    159      1    127      1      54     1.1864E+03  2.582E+10  1.000E-30  3.332E+00
    1017      1    159      1    130      1      54     7.1248E+02  1.296E+12  6.977E-03  6.127E+00
    1018      1    159      1    132      1      54     7.0070E+02  2.955E+10  1.000E-30  2.061E+00
    1019      1    159      1    136      1      54     4.1747E+02  4.965E+11  2.425E-02  3.419E+00
    1020      1    159      1    138      1      54     4.0761E+02  2.394E+10  1.000E-30  8.563E-01
    1022      1    159      1    143      1      54     2.2610E+02  1.726E+11  8.796E-02  2.255E+00
    1023      1    159      1    145      1      54     2.1731E+02  1.580E+10  1.000E-30  5.776E-01
    1025      1    159      1    151      1      54     9.4977E+01  3.545E+10  4.889E-01  1.598E+00
    1026      1    159      1    153      1      54     8.6832E+01  6.981E+09  1.000E-30  6.114E-01
    1028      1    159      1    158      1      54     1.2307E+00  1.277E+04  7.085E-02  1.174E+00
    1029      1    160      1    126      1      54     1.2022E+03  3.546E+12  3.257E-03  5.293E+00
    1030      1    160      1    131      1      54     7.1513E+02  1.553E+12  1.132E-02  3.196E+00
    1031      1    160      1    133      1      54     7.0604E+02  6.248E+09  1.000E-30  1.470E+00
    1032      1    160      1    137      1      54     4.2136E+02  6.439E+11  4.303E-02  1.787E+00
    1033      1    160      1    139      1      54     4.1337E+02  9.017E+09  1.000E-30  6.963E-01
    1035      1    160      1    144      1      54     2.3069E+02  2.310E+11  1.556E-01  1.223E+00
    1036      1    160      1    146      1      54     2.2332E+02  8.497E+09  1.000E-30  4.963E-01
    1037      1    160      1    152      1      54     9.9979E+01  5.676E+10  8.380E-01  9.260E-01
    1038      1    160      1    154      1      54     9.2988E+01  5.535E+09  1.000E-30  4.830E-01
    1039      1    160      1    159      1      54     6.4994E+00  1.023E+06  3.771E-02  7.641E-01
    1040      1    161      1    127      1      54     1.1932E+03  2.075E+12  2.420E-03  3.300E+00
    1041      1    161      1    132      1      54     7.0745E+02  1.376E+12  1.275E-02  2.031E+00
    1042      1    161      1    138      1      54     4.1436E+02  6.626E+11  5.662E-02  1.155E+00
    1043      1    161      1    140      1      54     4.1312E+02  1.996E+09  1.000E-30  5.796E-01
    1044      1    161      1    145      1      54     2.2406E+02  2.581E+11  2.098E-01  8.304E-01
    1045      1    161      1    147      1      54     2.2323E+02  3.367E+09  1.000E-30  4.352E-01
    1046      1    161      1    153      1      54     9.3583E+01  5.246E+10  1.055E+00  6.700E-01
    1047      1    161      1    155      1      54     9.3001E+01  3.067E+09  1.000E-30  4.122E-01
    1048      1    161      1    160      1      54     2.5061E-01  2.770E+01  1.591E-02  6.062E-01
    1049      1    162      1    133      1      54     7.0646E+02  7.939E+11  8.509E-03  1.432E+00
    1050      1    162      1    139      1      54     4.1380E+02  6.027E+11  5.801E-02  8.390E-01
    1051      1    162      1    146      1      54     2.2375E+02  2.831E+11  2.539E-01  6.256E-01
    1052      1    162      1    148      1      54     2.2316E+02  8.516E+08  1.000E-30  3.802E-01
    1053      1    162      1    154      1      54     9.3412E+01  6.134E+10  1.331E+00  5.329E-01
    1054      1    162      1    161      1      54     1.7317E-01  5.507E+00  8.688E-03  5.151E-01
    1381      1    165      1    164      1       1     1.0199E+01  1.903E+06  6.481E-02  5.988E-01
    1384      1    167      1    164      1       1     1.0199E+01  3.603E+06  1.296E-01  5.988E-01
    1387      1    169      1    164      1       1     1.2088E+01  1.538E+04  1.819E-02  1.327E+00
    1389      1    169      1    166      1       1     1.8887E+00  3.285E+02  3.716E-04  1.708E+00
    1392      1    168      1    165      1       1     1.8887E+00  1.007E+01  2.579E-06  7.687E+00
    1394      1    168      1    167      1       1     1.8886E+00  2.013E+01  5.158E-06  7.687E+00
    1396      1    170      1    165      1       1     1.8887E+00  5.434E+02  2.023E-04  5.017E+00
    1398      1    170      1    167      1       1     1.8887E+00  1.086E+03  4.043E-04  5.017E+00
    1399      1    172      1    164      1       1     1.2749E+01  9.159E+01  4.108E-03  2.263E+00
    1401      1    172      1    166      1       1     2.5497E+00  2.611E+00  1.683E-05  1.420E+01
    1404      1    172      1    168      1       1     6.6104E-01  2.146E-01  1.283E-07  2.637E+01
    1405      1    172      1    170      1       1     6.6103E-01  2.433E-02  1.707E-08  2.370E+01
    1407      1    171      1    165      1       1     2.5497E+00  7.285E-02  3.180E-07  2.229E+01
    1409      1    171      1    167      1       1     2.5497E+00  1.457E-01  6.360E-07  2.229E+01
    1410      1    171      1    169      1       1     6.6103E-01  4.033E-02  2.541E-08  2.715E+01
    1414      1    173      1    165      1       1     2.5497E+00  3.453E+00  1.641E-05  1.728E+01
    1416      1    173      1    167      1       1     2.5497E+00  6.918E+00  3.286E-05  1.728E+01
    1417      1    173      1    169      1       1     6.6104E-01  9.159E-01  5.969E-07  2.215E+01
    1425      1    174      1    170      1       1     6.6103E-01  2.863E+00  2.329E-06  1.610E+01
    1426      1    176      1    164      1       1     1.3054E+01  5.779E-01  1.191E-03  3.748E+00
    1428      1    176      1    166      1       1     2.8557E+00  1.825E-02  1.914E-06  5.074E+01
    1430      1    176      1    168      1       1     9.6701E-01  2.045E-03  1.506E-08  5.616E+01
    1431      1    176      1    170      1       1     9.6699E-01  1.864E-04  1.520E-09  5.349E+01
    1433      1    176      1    171      1       1     3.0597E-01  2.907E-04  1.000E-30  7.076E+01
    1434      1    176      1    173      1       1     3.0596E-01  7.432E-05  1.000E-30  6.575E+01
    1437      1    175      1    165      1       1     2.8557E+00  4.545E-04  5.298E-08  5.307E+01
    1439      1    175      1    167      1       1     2.8556E+00  9.090E-04  1.059E-07  5.307E+01
    1440      1    175      1    169      1       1     9.6700E-01  3.251E-04  2.739E-09  5.794E+01
    1443      1    175      1    172      1       1     3.0596E-01  7.332E-05  8.270E-24  7.176E+01
    1447      1    177      1    165      1       1     2.8557E+00  2.524E-02  2.289E-06  4.506E+01
    1449      1    177      1    167      1       1     2.8557E+00  5.042E-02  4.573E-06  4.506E+01
    1450      1    177      1    169      1       1     9.6700E-01  9.201E-03  5.943E-08  4.993E+01
    1453      1    177      1    172      1       1     3.0597E-01  1.280E-03  1.000E-30  6.375E+01
    1456      1    177      1    174      1       1     3.0596E-01  4.345E-05  1.000E-30  5.615E+01
    1461      1    178      1    170      1       1     9.6699E-01  2.456E-02  1.410E-07  4.088E+01
    1463      1    178      1    173      1       1     3.0596E-01  4.423E-03  3.760E-22  5.314E+01
    1469      1    179      1    174      1       1     3.0596E-01  1.369E-02  1.000E-30  4.006E+01
    1470      1    181      1    164      1       1     1.3221E+01  7.820E-04  4.753E-04  5.255E+00
    1472      1    181      1    166      1       1     3.0219E+00  2.585E-05  4.739E-07  1.055E+02
    1473      1    181      1    168      1       1     1.1332E+00  3.241E-06  3.234E-09  1.109E+02
    1495      1    182      1    165      1       1     3.0219E+00  4.532E-05  5.154E-07  9.737E+01
    1497      1    182      1    167      1       1     3.0219E+00  9.088E-05  1.034E-06  9.737E+01
    1498      1    182      1    169      1       1     1.1332E+00  1.862E-05  1.172E-08  1.022E+02
    1499      1    182      1    172      1       1     4.7217E-01  3.568E-06  1.436E-23  1.161E+02
    1509      1    183      1    170      1       1     1.1332E+00  6.414E-05  2.215E-08  8.952E+01
    1511      1    183      1    173      1       1     4.7216E-01  1.601E-05  1.000E-30  1.018E+02
    1513      1    183      1    177      1       1     1.6620E-01  3.172E-06  1.000E-30  1.296E+02
    1517      1    184      1    174      1       1     4.7216E-01  5.327E-05  1.000E-30  8.380E+01
    1519      1    184      1    178      1       1     1.6620E-01  1.518E-05  7.682E-24  1.086E+02
    1521      1    185      1    179      1       1     1.6620E-01  6.841E-05  1.000E-30  8.444E+01
