#  File format type:   4
#
#  SPECT3D transition powers file.
#  RUN NAME:  xe_20-200ev_1e18-1e21_4mm
#  Total number of transitions   =     1890
#  Number of written transitions =      671
#  Plasma temperature (eV)       =     4.0000E+01
#  Mass density (g/cm3)          =     2.2432E-03
#  Cell areal density (g/cm2)    =     8.9730E-04
#  Material mass fractions       =     1.0000E+00
#  DCA material number fractions =     1.3000E-02    9.8700E-01
# -----------------------------------------------------
#
#
#   Trans.  Trans  Upper  Upper  Lower  Lower   Ioniz   Energy     Line Power Line Center Line Width
#   Index   Model  Level  Model  Level  Model   Stage   (eV)       (W/cm2)    Opt. Depth      eV
# --------------------------------------------------------------------------------------------------
       1      1      3      1      2      1      52     1.1982E+02  8.678E+08  1.966E-08  5.930E-03
       2      1      4      1      2      1      52     4.9234E+02  5.831E+10  2.789E+00  2.199E-02
       4      1      6      1      5      1      52     1.0651E+02  3.296E+09  2.057E-03  7.871E+01
       6      1      7      1      6      1      52     6.8034E+01  4.330E+08  2.869E-04  9.466E+01
       7      1      9      1      8      1      52     3.8672E+01  1.905E+08  6.861E-03  2.872E+01
       9      1     10      1      9      1      52     3.4641E+01  1.237E+08  1.878E-03  3.135E+01
      11      1     11      1     10      1      52     9.4480E+00  4.305E+05  7.093E-04  8.534E+00
      13      1     12      1      9      1      52     8.3242E+02  7.128E+12  1.000E-30  4.473E+01
      14      1     13      1      8      1      52     8.9349E+02  5.529E+12  1.729E-02  2.724E+01
      16      1     13      1     10      1      52     8.2018E+02  1.886E+12  1.000E-30  1.544E+01
      17      1     13      1     12      1      52     2.2396E+01  5.325E+07  1.737E-02  1.658E+01
      19      1     14      1      9      1      52     8.6975E+02  1.193E+13  9.690E-03  3.749E+01
      21      1     14      1     11      1      52     8.2566E+02  4.500E+11  1.000E-30  2.923E+00
      23      1     14      1     13      1      52     1.4925E+01  1.157E+07  3.409E-03  2.023E+01
      25      1     15      1     10      1      52     8.3968E+02  1.956E+13  3.196E-02  1.282E+01
      28      1     15      1     14      1      52     4.5752E+00  8.475E+04  2.388E-03  4.404E+00
      30      1     16      1     11      1      52     8.3260E+02  2.983E+13  8.323E-02  5.878E+00
      32      1     16      1     15      1      52     2.3647E+00  3.536E+03  1.286E-03  1.764E+00
      34      1     17      1      9      1      52     1.3019E+03  5.982E+12  1.000E-30  4.464E+01
      36      1     17      1     13      1      52     4.4709E+02  1.516E+12  1.000E-30  2.764E+01
      38      1     18      1      8      1      52     1.3534E+03  5.297E+12  8.071E-03  1.587E+01
      40      1     18      1     10      1      52     1.2800E+03  1.461E+12  1.000E-30  8.565E+00
      41      1     18      1     12      1      52     4.8226E+02  9.340E+11  3.274E-02  1.579E+01
      43      1     18      1     14      1      52     4.4493E+02  5.062E+11  1.000E-30  9.510E+00
      45      1     18      1     17      1      52     1.2770E+01  1.158E+07  3.675E-02  9.448E+00
      47      1     19      1      9      1      52     1.3234E+03  1.085E+13  2.292E-03  4.042E+01
      49      1     19      1     11      1      52     1.2793E+03  2.974E+11  1.000E-30  4.027E+00
      51      1     19      1     13      1      52     4.6860E+02  1.851E+12  1.552E-02  2.341E+01
      53      1     19      1     15      1      52     4.4910E+02  1.849E+11  1.000E-30  1.797E+00
      56      1     19      1     18      1      52     8.7378E+00  2.985E+06  7.603E-03  1.175E+01
      58      1     20      1     10      1      52     1.2912E+03  1.555E+13  5.972E-03  1.446E+01
      61      1     20      1     14      1      52     4.5609E+02  2.838E+12  6.057E-02  6.363E+00
      63      1     20      1     16      1      52     4.4915E+02  5.205E+10  1.000E-30  7.252E-01
      65      1     20      1     19      1      52     2.4178E+00  1.605E+04  5.252E-03  2.583E+00
      67      1     21      1     11      1      52     1.2829E+03  1.625E+13  9.586E-03  6.893E+00
      69      1     21      1     15      1      52     4.5271E+02  3.918E+12  1.482E-01  2.908E+00
      72      1     21      1     20      1      52     1.2002E+00  7.800E+02  3.582E-03  1.067E+00
      75      1     22      1     16      1      52     4.5135E+02  4.984E+12  3.020E-01  1.652E+00
      77      1     22      1     21      1      52     1.0028E+00  2.053E+02  2.391E-03  5.622E-01
      79      1     23      1     13      1      52     7.2854E+02  1.453E+12  1.000E-30  2.763E+01
      81      1     23      1     18      1      52     2.6868E+02  4.258E+11  1.000E-30  1.603E+01
      83      1     24      1     12      1      52     7.5883E+02  1.028E+12  1.423E-02  1.001E+01
      85      1     24      1     14      1      52     7.2151E+02  4.512E+11  1.000E-30  5.115E+00
      86      1     24      1     17      1      52     2.8935E+02  2.145E+11  5.670E-02  1.001E+01
      88      1     24      1     19      1      52     2.6784E+02  1.592E+11  1.000E-30  6.295E+00
      90      1     24      1     23      1      52     7.9016E+00  3.051E+06  6.775E-02  5.935E+00
      92      1     25      1     13      1      52     7.4204E+02  1.977E+12  3.848E-03  2.493E+01
      94      1     25      1     15      1      52     7.2254E+02  1.458E+11  1.000E-30  1.789E+00
      96      1     25      1     18      1      52     2.8218E+02  4.094E+11  2.796E-02  1.340E+01
      98      1     25      1     20      1      52     2.7102E+02  7.138E+10  1.000E-30  1.281E+00
     101      1     25      1     24      1      52     5.5989E+00  9.488E+05  1.462E-02  7.463E+00
     103      1     26      1     14      1      52     7.2843E+02  2.916E+12  1.258E-02  7.242E+00
     105      1     26      1     16      1      52     7.2149E+02  3.426E+10  1.000E-30  1.225E+00
     107      1     26      1     19      1      52     2.7476E+02  5.765E+11  1.035E-01  3.648E+00
     109      1     26      1     21      1      52     2.7114E+02  3.040E+10  1.000E-30  5.114E-01
     112      1     26      1     25      1      52     1.3194E+00  3.113E+03  9.357E-03  1.733E+00
     114      1     27      1     15      1      52     7.2446E+02  3.596E+12  2.403E-02  3.450E+00
     117      1     27      1     20      1      52     2.7295E+02  7.267E+11  2.348E-01  1.692E+00
     119      1     27      1     22      1      52     2.7075E+02  8.983E+09  1.000E-30  3.065E-01
     121      1     27      1     26      1      52     6.0740E-01  1.359E+02  6.792E-03  7.614E-01
     123      1     28      1     16      1      52     7.2273E+02  3.301E+12  2.949E-02  2.036E+00
     125      1     28      1     21      1      52     2.7238E+02  8.698E+11  4.503E-01  9.817E-01
     128      1     28      1     27      1      52     6.3240E-01  9.578E+01  5.766E-03  4.314E-01
     129      1     29      1     13      1      52     9.1039E+02  1.156E+12  1.000E-30  2.763E+01
     131      1     29      1     18      1      52     4.5053E+02  4.426E+11  1.000E-30  1.603E+01
     134      1     29      1     24      1      52     1.7396E+02  1.410E+11  1.000E-30  1.022E+01
     136      1     30      1     12      1      52     9.3797E+02  8.710E+11  9.327E-03  6.801E+00
     137      1     30      1     14      1      52     9.0065E+02  3.429E+11  1.000E-30  4.538E+00
     138      1     30      1     17      1      52     4.6848E+02  2.611E+11  2.287E-02  6.803E+00
     140      1     30      1     19      1      52     4.4698E+02  1.568E+11  1.000E-30  3.623E+00
     142      1     30      1     23      1      52     1.8704E+02  6.056E+10  9.068E-02  6.825E+00
     144      1     30      1     25      1      52     1.7354E+02  5.698E+10  1.000E-30  4.457E+00
     146      1     30      1     29      1      52     5.1810E+00  9.193E+05  1.123E-01  4.029E+00
     147      1     31      1     13      1      52     9.1941E+02  1.652E+12  1.628E-03  2.583E+01
     148      1     31      1     15      1      52     8.9991E+02  1.035E+11  1.000E-30  2.557E+00
     150      1     31      1     18      1      52     4.5956E+02  4.889E+11  7.034E-03  1.430E+01
     152      1     31      1     20      1      52     4.4840E+02  6.360E+10  1.000E-30  1.043E+00
     155      1     31      1     24      1      52     1.8298E+02  1.133E+11  4.628E-02  8.423E+00
     157      1     31      1     26      1      52     1.7606E+02  2.914E+10  1.000E-30  1.027E+00
     160      1     31      1     30      1      52     3.8407E+00  3.600E+05  2.511E-02  5.178E+00
     161      1     32      1     14      1      52     9.0519E+02  2.338E+12  4.846E-03  7.751E+00
     162      1     32      1     16      1      52     8.9825E+02  2.211E+10  1.000E-30  1.734E+00
     164      1     32      1     19      1      52     4.5152E+02  7.059E+11  2.254E-02  4.164E+00
     166      1     32      1     21      1      52     4.4790E+02  2.370E+10  1.000E-30  7.169E-01
     169      1     32      1     25      1      52     1.7808E+02  1.477E+11  1.587E-01  2.370E+00
     171      1     32      1     27      1      52     1.7615E+02  1.496E+10  1.000E-30  4.683E-01
     174      1     32      1     31      1      52     7.0280E-01  5.413E+02  1.422E-02  1.322E+00
     175      1     33      1     15      1      52     9.0089E+02  2.614E+12  8.056E-03  3.802E+00
     177      1     33      1     20      1      52     4.4938E+02  8.982E+11  4.370E-02  2.032E+00
     179      1     33      1     22      1      52     4.4717E+02  5.810E+09  1.000E-30  5.564E-01
     181      1     33      1     26      1      52     1.7704E+02  1.763E+11  3.364E-01  1.151E+00
     183      1     33      1     28      1      52     1.7580E+02  6.663E+09  1.000E-30  3.045E-01
     185      1     33      1     32      1      52     2.7490E-01  1.606E+01  9.798E-03  6.591E-01
     186      1     34      1     16      1      52     8.9895E+02  1.932E+12  7.754E-03  2.282E+00
     188      1     34      1     21      1      52     4.4860E+02  9.936E+11  6.447E-02  1.228E+00
     191      1     34      1     27      1      52     1.7685E+02  2.008E+11  5.858E-01  6.998E-01
     194      1     34      1     33      1      52     4.2420E-01  4.123E+01  7.947E-03  4.253E-01
     195      1     35      1     13      1      52     1.0346E+03  8.915E+11  1.000E-30  2.771E+01
     196      1     35      1     18      1      52     5.7478E+02  3.758E+11  1.000E-30  1.612E+01
     198      1     35      1     24      1      52     2.9820E+02  1.579E+11  1.000E-30  1.024E+01
     201      1     35      1     30      1      52     1.1906E+02  5.390E+10  1.000E-30  7.025E+00
     203      1     36      1     12      1      52     1.0606E+03  6.982E+11  7.100E-03  4.934E+00
     204      1     36      1     14      1      52     1.0233E+03  2.574E+11  1.000E-30  5.350E+00
     205      1     36      1     17      1      52     5.9109E+02  2.382E+11  1.412E-02  4.936E+00
     206      1     36      1     19      1      52     5.6958E+02  1.281E+11  1.000E-30  2.788E+00
     207      1     36      1     23      1      52     3.0964E+02  8.102E+10  3.424E-02  4.952E+00
     209      1     36      1     25      1      52     2.9614E+02  6.095E+10  1.000E-30  2.814E+00
     211      1     36      1     29      1      52     1.2779E+02  1.989E+10  1.342E-01  4.981E+00
     213      1     36      1     31      1      52     1.1877E+02  2.291E+10  1.000E-30  3.388E+00
     215      1     36      1     35      1      52     3.5433E+00  3.058E+05  1.665E-01  3.007E+00
     216      1     37      1     13      1      52     1.0410E+03  1.312E+12  8.703E-04  2.643E+01
     217      1     37      1     15      1      52     1.0215E+03  7.436E+10  1.000E-30  3.163E+00
     218      1     37      1     18      1      52     5.8110E+02  4.406E+11  2.987E-03  1.489E+01
     219      1     37      1     20      1      52     5.6995E+02  4.900E+10  1.000E-30  1.456E+00
     221      1     37      1     24      1      52     3.0452E+02  1.478E+11  1.166E-02  9.022E+00
     223      1     37      1     26      1      52     2.9760E+02  2.844E+10  1.000E-30  8.130E-01
     226      1     37      1     30      1      52     1.2539E+02  3.702E+10  7.023E-02  5.803E+00
     228      1     37      1     32      1      52     1.2084E+02  1.278E+10  1.000E-30  9.426E-01
     231      1     37      1     36      1      52     2.7803E+00  1.576E+05  3.948E-02  3.881E+00
     232      1     38      1     14      1      52     1.0264E+03  1.794E+12  2.437E-03  8.092E+00
     233      1     38      1     16      1      52     1.0194E+03  1.488E+10  1.000E-30  2.100E+00
     234      1     38      1     19      1      52     5.7269E+02  6.249E+11  8.809E-03  4.530E+00
     235      1     38      1     21      1      52     5.6908E+02  1.681E+10  1.000E-30  1.052E+00
     237      1     38      1     25      1      52     2.9925E+02  2.080E+11  3.514E-02  2.730E+00
     239      1     38      1     27      1      52     2.9733E+02  1.315E+10  1.000E-30  5.681E-01
     242      1     38      1     31      1      52     1.2188E+02  4.529E+10  2.172E-01  1.759E+00
     244      1     38      1     33      1      52     1.2090E+02  7.330E+09  1.000E-30  5.263E-01
     247      1     38      1     37      1      52     3.3030E-01  6.504E+01  1.839E-02  1.169E+00
     248      1     39      1     15      1      52     1.0219E+03  1.884E+12  3.696E-03  4.056E+00
     249      1     39      1     20      1      52     5.7035E+02  7.574E+11  1.534E-02  2.286E+00
     250      1     39      1     22      1      52     5.6815E+02  3.691E+09  1.000E-30  8.040E-01
     252      1     39      1     26      1      52     2.9801E+02  2.630E+11  6.556E-02  1.399E+00
     254      1     39      1     28      1      52     2.9677E+02  5.083E+09  1.000E-30  4.701E-01
     256      1     39      1     32      1      52     1.2125E+02  5.300E+10  3.960E-01  9.432E-01
     258      1     39      1     34      1      52     1.2055E+02  3.917E+09  1.000E-30  3.877E-01
     260      1     39      1     38      1      52     7.3900E-02  3.735E-01  1.136E-02  6.252E-01
     261      1     40      1     16      1      52     1.0198E+03  1.228E+12  3.070E-03  2.481E+00
     262      1     40      1     21      1      52     5.6945E+02  7.542E+11  1.950E-02  1.420E+00
     264      1     40      1     27      1      52     2.9770E+02  3.057E+11  9.603E-02  8.929E-01
     267      1     40      1     33      1      52     1.2127E+02  7.112E+10  6.003E-01  6.345E-01
     270      1     40      1     39      1      52     2.9800E-01  1.823E+01  7.689E-03  5.117E-01
     271      1     41      1     13      1      52     1.1233E+03  6.882E+11  1.000E-30  2.783E+01
     272      1     41      1     18      1      52     6.6340E+02  3.049E+11  1.000E-30  1.624E+01
     273      1     41      1     24      1      52     3.8682E+02  1.405E+11  1.000E-30  1.036E+01
     275      1     41      1     30      1      52     2.0768E+02  6.317E+10  1.000E-30  7.143E+00
     278      1     41      1     36      1      52     8.5076E+01  2.274E+10  1.000E-30  5.241E+00
     280      1     42      1     12      1      52     1.1482E+03  5.520E+11  5.713E-03  3.791E+00
     281      1     42      1     14      1      52     1.1108E+03  1.950E+11  1.000E-30  6.245E+00
     282      1     42      1     17      1      52     6.7867E+02  2.015E+11  1.015E-02  3.793E+00
     283      1     42      1     19      1      52     6.5716E+02  1.012E+11  1.000E-30  3.029E+00
     284      1     42      1     23      1      52     3.9722E+02  7.822E+10  1.996E-02  3.815E+00
     285      1     42      1     25      1      52     3.8372E+02  5.272E+10  1.000E-30  2.133E+00
     286      1     42      1     29      1      52     2.1536E+02  2.902E+10  4.766E-02  3.857E+00
     288      1     42      1     31      1      52     2.0634E+02  2.598E+10  1.000E-30  2.373E+00
     290      1     42      1     35      1      52     9.1119E+01  7.382E+09  1.845E-01  3.921E+00
     292      1     42      1     37      1      52     8.4795E+01  1.008E+10  1.000E-30  2.795E+00
     294      1     42      1     41      1      52     2.4992E+00  1.119E+05  2.122E-01  2.552E+00
     295      1     43      1     13      1      52     1.1279E+03  1.030E+12  5.265E-04  2.693E+01
     296      1     43      1     15      1      52     1.1084E+03  5.463E+10  1.000E-30  3.633E+00
     297      1     43      1     18      1      52     6.6800E+02  3.692E+11  1.597E-03  1.533E+01
     298      1     43      1     20      1      52     6.5684E+02  3.717E+10  1.000E-30  1.882E+00
     299      1     43      1     24      1      52     3.9142E+02  1.413E+11  4.939E-03  9.461E+00
     300      1     43      1     26      1      52     3.8450E+02  2.334E+10  1.000E-30  1.059E+00
     302      1     43      1     30      1      52     2.1228E+02  5.181E+10  1.755E-02  6.229E+00
     304      1     43      1     32      1      52     2.0774E+02  1.336E+10  1.000E-30  8.192E-01
     307      1     43      1     36      1      52     8.9678E+01  1.372E+10  9.842E-02  4.339E+00
     309      1     43      1     38      1      52     8.6568E+01  5.992E+09  1.000E-30  9.889E-01
     312      1     43      1     42      1      52     2.1031E+00  7.737E+04  5.565E-02  3.175E+00
     313      1     44      1     15      1      52     1.1084E+03  1.389E+12  2.008E-03  4.284E+00
     314      1     44      1     20      1      52     6.5688E+02  5.998E+11  7.199E-03  2.507E+00
     315      1     44      1     22      1      52     6.5468E+02  2.472E+09  1.000E-30  1.026E+00
     316      1     44      1     26      1      52     3.8454E+02  2.467E+11  2.321E-02  1.626E+00
     317      1     44      1     28      1      52     3.8330E+02  3.583E+09  1.000E-30  6.849E-01
     319      1     44      1     32      1      52     2.0778E+02  8.944E+10  7.845E-02  1.166E+00
     321      1     44      1     34      1      52     2.0708E+02  3.375E+09  1.000E-30  5.327E-01
     323      1     44      1     38      1      52     8.6605E+01  2.179E+10  3.787E-01  9.343E-01
     325      1     44      1     40      1      52     8.6233E+01  2.199E+09  1.000E-30  5.458E-01
     327      1     45      1     14      1      52     1.1130E+03  1.379E+12  1.411E-03  8.400E+00
     328      1     45      1     16      1      52     1.1061E+03  1.042E+10  1.000E-30  2.402E+00
     329      1     45      1     19      1      52     6.5935E+02  5.165E+11  4.424E-03  4.825E+00
     330      1     45      1     21      1      52     6.5574E+02  1.216E+10  1.000E-30  1.348E+00
     331      1     45      1     25      1      52     3.8591E+02  1.986E+11  1.377E-02  3.026E+00
     332      1     45      1     27      1      52     3.8399E+02  1.009E+10  1.000E-30  8.295E-01
     334      1     45      1     31      1      52     2.0854E+02  7.087E+10  4.809E-02  2.048E+00
     336      1     45      1     33      1      52     2.0756E+02  7.074E+09  1.000E-30  6.114E-01
     339      1     45      1     37      1      52     8.6990E+01  1.627E+10  2.530E-01  1.516E+00
     341      1     45      1     39      1      52     8.6586E+01  3.711E+09  1.000E-30  6.661E-01
     344      1     45      1     43      1      52     9.2200E-02  1.616E+00  2.222E-02  9.994E-01
     345      1     45      1     44      1      52     5.4600E-02  2.286E-01  1.000E-30  7.058E-01
     346      1     46      1     16      1      52     1.1062E+03  8.278E+11  1.507E-03  2.666E+00
     347      1     46      1     21      1      52     6.5590E+02  5.528E+11  8.073E-03  1.605E+00
     348      1     46      1     27      1      52     3.8415E+02  2.734E+11  3.024E-02  1.080E+00
     350      1     46      1     33      1      52     2.0772E+02  1.117E+11  1.048E-01  8.162E-01
     353      1     46      1     39      1      52     8.6749E+01  2.707E+10  4.837E-01  7.056E-01
     355      1     46      1     44      1      52     2.1720E-01  8.499E+00  6.314E-03  6.856E-01
     357      1     48      1     47      1      52     3.1750E+02  2.540E+10  1.408E-03  1.839E+02
     358      1     49      1     48      1      52     3.6284E+02  1.379E+11  7.741E-05  2.762E+02
     359      1     51      1     50      1      52     7.7750E-01  3.614E+02  6.588E-04  1.384E+02
     360      1     52      1     51      1      52     6.6689E+02  2.141E+12  1.000E-30  4.204E+02
     361      1     54      1     53      1      52     3.0082E+01  1.282E+08  1.000E-30  1.846E+02
     362      1     55      1     53      1      52     1.0120E+02  2.639E+09  1.871E-03  8.075E+01
     363      1     56      1     54      1      52     1.0442E+02  2.961E+09  2.077E-03  7.434E+01
     364      1     56      1     55      1      52     3.3297E+01  1.726E+08  1.000E-30  1.922E+02
     365      1     57      1     55      1      52     9.2670E+01  1.477E+09  3.307E-04  1.109E+02
     367      1     58      1     56      1      52     9.3608E+01  1.531E+09  3.465E-04  1.064E+02
     368      1     58      1     57      1      52     3.4235E+01  1.874E+08  1.000E-30  1.948E+02
     369      1     61      1     60      1      53     7.7081E+01  1.026E+08  4.664E-09  4.089E-03
     370      1     62      1     60      1      53     8.3045E+01  1.543E+08  1.000E-30  4.343E-03
     373      1     63      1     61      1      53     8.0094E+00  2.675E+02  1.000E-30  1.158E-03
     375      1     64      1     60      1      53     4.6515E+02  6.016E+10  1.797E+00  2.077E-02
     378      1     65      1     60      1      53     5.0090E+02  7.246E+10  2.214E-09  2.226E-02
     380      1     65      1     63      1      53     4.1581E+02  1.643E+10  3.877E+00  1.866E-02
     381      1     67      1     66      1      53     9.2071E+01  1.770E+09  2.351E-03  5.729E+01
     383      1     68      1     67      1      53     2.1266E+02  2.325E+10  4.481E-04  3.995E+01
     385      1     69      1     67      1      53     2.3259E+02  1.791E+10  1.000E-30  2.161E+01
     386      1     71      1     70      1      53     1.8245E+01  1.163E+07  8.960E-03  1.283E+01
     388      1     72      1     71      1      53     7.1086E+01  2.096E+09  3.384E-03  3.417E+01
     390      1     73      1     72      1      53     1.1156E+02  8.001E+09  6.846E-03  1.008E+01
     392      1     74      1     71      1      53     8.8734E+02  8.482E+12  1.000E-30  4.806E+01
     393      1     75      1     70      1      53     9.0769E+02  5.926E+12  1.623E-02  2.961E+01
     395      1     75      1     72      1      53     8.1835E+02  1.772E+12  1.000E-30  1.673E+01
     396      1     75      1     74      1      53     2.1014E+00  2.372E+04  3.325E-02  4.777E+00
     398      1     76      1     71      1      53     9.4411E+02  1.612E+13  9.472E-03  4.051E+01
     400      1     76      1     73      1      53     7.6146E+02  3.132E+11  1.000E-30  3.158E+00
     402      1     76      1     75      1      53     5.4666E+01  1.927E+09  1.040E-02  2.274E+01
     404      1     77      1     72      1      53     9.7713E+02  3.444E+13  3.309E-02  1.386E+01
     407      1     77      1     76      1      53     1.0411E+02  2.051E+10  4.387E-02  5.223E+00
     409      1     78      1     73      1      53     1.0763E+03  7.911E+13  9.561E-02  6.378E+00
     411      1     78      1     77      1      53     2.1071E+02  1.450E+11  6.741E-02  2.135E+00
     412      1     79      1     70      1      53     1.3871E+03  5.807E+12  7.270E-03  1.793E+01
     414      1     79      1     72      1      53     1.2978E+03  1.466E+12  1.000E-30  9.333E+00
     415      1     79      1     74      1      53     4.8154E+02  9.387E+11  3.047E-02  1.707E+01
     417      1     79      1     76      1      53     4.2478E+02  3.987E+11  1.000E-30  1.028E+01
     420      1     80      1     71      1      53     1.3753E+03  6.922E+12  1.000E-30  4.804E+01
     422      1     80      1     75      1      53     4.8588E+02  1.965E+12  1.000E-30  2.969E+01
     424      1     80      1     79      1      53     6.4349E+00  2.535E+06  1.000E-30  1.656E+01
     426      1     81      1     71      1      53     1.4208E+03  1.390E+13  2.196E-03  4.369E+01
     428      1     81      1     73      1      53     1.2382E+03  2.519E+11  1.000E-30  4.333E+00
     430      1     81      1     75      1      53     5.3137E+02  2.975E+12  1.586E-02  2.527E+01
     432      1     81      1     77      1      53     3.7259E+02  8.471E+10  1.000E-30  1.947E+00
     434      1     81      1     79      1      53     5.1923E+01  3.312E+09  3.762E-02  1.310E+01
     438      1     82      1     76      1      53     5.7966E+02  7.029E+12  6.819E-02  6.884E+00
     440      1     82      1     78      1      53     2.6484E+02  6.077E+09  1.000E-30  7.856E-01
     442      1     82      1     81      1      53     1.0296E+02  4.063E+10  1.789E-01  3.071E+00
     443      1     83      1     74      1      53     7.7070E+02  1.088E+12  1.294E-02  1.109E+01
     445      1     83      1     76      1      53     7.1393E+02  4.102E+11  1.000E-30  5.536E+00
     447      1     83      1     80      1      53     2.8272E+02  1.978E+11  5.176E-02  1.077E+01
     448      1     83      1     81      1      53     2.3723E+02  9.289E+10  1.000E-30  6.797E+00
     451      1     84      1     75      1      53     7.7945E+02  1.780E+12  1.000E-30  2.968E+01
     452      1     84      1     79      1      53     3.0001E+02  6.107E+11  1.000E-30  1.718E+01
     455      1     84      1     83      1      53     1.0851E+01  1.781E+07  1.000E-30  1.137E+01
     457      1     85      1     75      1      53     8.2063E+02  2.875E+12  3.841E-03  2.685E+01
     459      1     85      1     77      1      53     6.6185E+02  9.923E+10  1.000E-30  1.919E+00
     460      1     85      1     79      1      53     3.4119E+02  8.476E+11  3.053E-02  1.442E+01
     463      1     85      1     82      1      53     1.8630E+02  1.541E+10  1.000E-30  1.368E+00
     464      1     85      1     83      1      53     5.2031E+01  5.817E+09  1.141E-01  8.293E+00
     467      1     86      1     77      1      53     6.7729E+02  1.789E+13  1.954E-01  3.159E+00
     470      1     86      1     82      1      53     2.0174E+02  2.884E+11  3.344E-01  1.275E+00
     473      1     87      1     78      1      53     5.1236E+02  7.987E+12  3.024E-01  1.808E+00
     475      1     87      1     86      1      53     4.5782E+01  7.659E+08  8.860E-02  6.678E-01
     477      1     88      1     76      1      53     8.6948E+02  5.693E+12  1.338E-02  7.827E+00
     479      1     88      1     78      1      53     5.5466E+02  1.160E+10  1.000E-30  1.331E+00
     481      1     88      1     81      1      53     3.9278E+02  2.233E+12  1.308E-01  3.949E+00
     484      1     88      1     85      1      53     1.0351E+02  6.220E+10  5.485E-01  2.032E+00
     485      1     88      1     86      1      53     8.8076E+01  4.826E+08  1.000E-30  5.415E-01
     487      1     89      1     74      1      53     9.5869E+02  9.413E+11  8.127E-03  7.886E+00
     488      1     89      1     76      1      53     9.0192E+02  3.281E+11  1.000E-30  4.919E+00
     490      1     89      1     80      1      53     4.7071E+02  2.656E+11  2.092E-02  7.438E+00
     491      1     89      1     81      1      53     4.2522E+02  1.222E+11  1.000E-30  3.899E+00
     494      1     89      1     84      1      53     1.7714E+02  4.968E+10  8.056E-02  7.330E+00
     495      1     89      1     85      1      53     1.3596E+02  2.043E+10  1.000E-30  4.775E+00
     497      1     90      1     75      1      53     9.7022E+02  1.396E+12  1.000E-30  2.974E+01
     498      1     90      1     79      1      53     4.9078E+02  5.819E+11  1.000E-30  1.724E+01
     501      1     90      1     83      1      53     2.0163E+02  2.358E+11  1.000E-30  1.092E+01
     504      1     90      1     89      1      53     1.3639E+01  3.042E+07  1.000E-30  4.109E+00
     505      1     91      1     75      1      53     1.0099E+03  2.326E+12  1.607E-03  2.781E+01
     506      1     91      1     77      1      53     8.5110E+02  7.991E+10  1.000E-30  2.743E+00
     507      1     91      1     79      1      53     5.3043E+02  8.399E+11  7.306E-03  1.538E+01
     510      1     91      1     82      1      53     3.7555E+02  3.017E+10  1.000E-30  1.096E+00
     511      1     91      1     83      1      53     2.4127E+02  3.294E+11  5.522E-02  9.059E+00
     515      1     91      1     88      1      53     8.5729E+01  1.579E+09  1.000E-30  1.091E+00
     516      1     91      1     89      1      53     5.3287E+01  9.338E+09  3.007E-01  5.658E+00
     518      1     92      1     74      1      53     1.0879E+03  7.645E+11  5.722E-03  6.202E+00
     519      1     92      1     76      1      53     1.0312E+03  2.522E+11  1.000E-30  5.779E+00
     520      1     92      1     80      1      53     5.9995E+02  2.507E+11  1.269E-02  5.523E+00
     521      1     92      1     81      1      53     5.5446E+02  1.095E+11  1.000E-30  3.004E+00
     523      1     92      1     84      1      53     3.0638E+02  7.730E+10  3.108E-02  5.351E+00
     524      1     92      1     85      1      53     2.6520E+02  3.722E+10  1.000E-30  3.008E+00
     527      1     92      1     90      1      53     1.1560E+02  1.373E+10  1.147E-01  5.321E+00
     528      1     92      1     91      1      53     7.5952E+01  3.644E+09  1.000E-30  3.604E+00
     529      1     93      1     75      1      53     1.1014E+03  1.073E+12  1.000E-30  2.982E+01
     530      1     93      1     79      1      53     6.2192E+02  4.841E+11  1.000E-30  1.733E+01
     531      1     93      1     83      1      53     3.3276E+02  2.286E+11  1.000E-30  1.100E+01
     534      1     93      1     89      1      53     1.4478E+02  1.085E+11  1.000E-30  7.526E+00
     537      1     93      1     92      1      53     1.5538E+01  1.273E+08  1.000E-30  5.639E+00
     538      1     94      1     76      1      53     1.0597E+03  4.225E+12  5.037E-03  8.399E+00
     539      1     94      1     78      1      53     7.4491E+02  1.011E+10  1.000E-30  1.871E+00
     541      1     94      1     81      1      53     5.8303E+02  1.876E+12  2.589E-02  4.496E+00
     544      1     94      1     85      1      53     2.9377E+02  9.772E+11  2.346E-01  2.553E+00
     545      1     94      1     86      1      53     2.7833E+02  3.412E+09  1.000E-30  7.543E-01
     549      1     94      1     91      1      53     1.0453E+02  7.414E+10  1.335E+00  1.515E+00
     552      1     95      1     77      1      53     9.6122E+02  1.067E+13  2.827E-02  3.746E+00
     555      1     95      1     82      1      53     4.8567E+02  6.238E+12  3.725E-01  1.830E+00
     558      1     95      1     87      1      53     2.3815E+02  5.189E+09  1.000E-30  3.334E-01
     559      1     95      1     88      1      53     1.9586E+02  3.613E+11  1.011E+00  9.026E-01
     561      1     95      1     94      1      53     5.5996E+00  1.213E+05  1.161E-02  4.943E-01
     562      1     96      1     75      1      53     1.1409E+03  1.826E+12  8.539E-04  2.847E+01
     563      1     96      1     77      1      53     9.8211E+02  6.132E+10  1.000E-30  3.391E+00
     564      1     96      1     79      1      53     6.6145E+02  7.150E+11  3.064E-03  1.598E+01
     565      1     96      1     82      1      53     5.0657E+02  2.956E+10  1.000E-30  1.532E+00
     566      1     96      1     83      1      53     3.7229E+02  3.184E+11  1.287E-02  9.656E+00
     569      1     96      1     88      1      53     2.1675E+02  7.713E+09  1.000E-30  8.462E-01
     570      1     96      1     89      1      53     1.8430E+02  1.634E+11  9.400E-02  6.210E+00
     573      1     96      1     92      1      53     5.5065E+01  1.326E+10  6.856E-01  4.188E+00
     575      1     96      1     94      1      53     2.6491E+01  2.770E+07  1.000E-30  9.877E-01
     578      1     97      1     78      1      53     7.9354E+02  4.614E+12  2.858E-02  2.215E+00
     580      1     97      1     86      1      53     3.2696E+02  1.695E+12  4.845E-01  1.054E+00
     584      1     97      1     95      1      53     4.3029E+01  1.400E+09  3.231E-01  5.049E-01
     585      1     98      1     74      1      53     1.1808E+03  6.120E+11  4.127E-03  5.350E+00
     586      1     98      1     76      1      53     1.1240E+03  1.942E+11  1.000E-30  6.734E+00
     587      1     98      1     80      1      53     6.9278E+02  2.166E+11  8.781E-03  4.434E+00
     588      1     98      1     81      1      53     6.4729E+02  9.071E+10  1.000E-30  3.247E+00
     589      1     98      1     84      1      53     3.9921E+02  7.916E+10  1.802E-02  4.172E+00
     590      1     98      1     85      1      53     3.5803E+02  3.799E+10  1.000E-30  2.265E+00
     592      1     98      1     90      1      53     2.0843E+02  2.538E+10  4.273E-02  4.129E+00
     593      1     98      1     91      1      53     1.6878E+02  1.106E+10  1.000E-30  2.509E+00
     595      1     98      1     93      1      53     7.7294E+01  3.999E+09  1.489E-01  4.151E+00
     597      1     98      1     96      1      53     3.7767E+01  3.758E+08  1.000E-30  2.940E+00
     598      1     99      1     75      1      53     1.1956E+03  8.299E+11  1.000E-30  2.994E+01
     599      1     99      1     79      1      53     7.1611E+02  3.884E+11  1.000E-30  1.744E+01
     600      1     99      1     83      1      53     4.2696E+02  1.955E+11  1.000E-30  1.112E+01
     601      1     99      1     89      1      53     2.3897E+02  1.035E+11  1.000E-30  7.641E+00
     604      1     99      1     92      1      53     1.0973E+02  5.801E+10  1.000E-30  5.562E+00
     607      1     99      1     98      1      53     1.6897E+01  3.370E+08  1.000E-30  4.496E+00
     608      1    100      1     75      1      53     1.2357E+03  1.430E+12  5.166E-04  2.897E+01
     609      1    100      1     77      1      53     1.0769E+03  4.701E+10  1.000E-30  3.883E+00
     610      1    100      1     79      1      53     7.5626E+02  5.860E+11  1.626E-03  1.648E+01
     611      1    100      1     82      1      53     6.0138E+02  2.532E+10  1.000E-30  1.980E+00
     612      1    100      1     83      1      53     4.6710E+02  2.768E+11  5.320E-03  1.015E+01
     613      1    100      1     88      1      53     3.1156E+02  9.694E+09  1.000E-30  1.097E+00
     614      1    100      1     89      1      53     2.7912E+02  1.495E+11  2.096E-02  6.657E+00
     617      1    100      1     92      1      53     1.4988E+02  9.823E+10  1.510E-01  4.610E+00
     619      1    100      1     94      1      53     1.2130E+02  1.496E+09  1.000E-30  8.343E-01
     621      1    100      1     98      1      53     5.7044E+01  1.635E+10  1.371E+00  3.378E+00
     623      1    101      1     76      1      53     1.1918E+03  3.136E+12  2.520E-03  8.738E+00
     624      1    101      1     78      1      53     8.7698E+02  7.884E+09  1.000E-30  2.261E+00
     625      1    101      1     81      1      53     7.1510E+02  1.456E+12  9.806E-03  4.879E+00
     627      1    101      1     85      1      53     4.2583E+02  8.072E+11  4.475E-02  2.930E+00
     628      1    101      1     86      1      53     4.1039E+02  4.400E+09  1.000E-30  1.106E+00
     631      1    101      1     91      1      53     2.3659E+02  5.350E+11  3.803E-01  1.873E+00
     634      1    101      1     95      1      53     1.2646E+02  5.219E+08  1.000E-30  5.902E-01
     635      1    101      1     96      1      53     1.0557E+02  9.913E+10  2.579E+00  1.298E+00
     638      1    101      1    100      1      53     1.0760E+01  1.133E+06  1.022E-02  1.006E+00
     639      1    102      1     77      1      53     1.1469E+03  6.611E+12  9.136E-03  4.117E+00
     641      1    102      1     82      1      53     6.7131E+02  4.215E+12  5.808E-02  2.194E+00
     644      1    102      1     87      1      53     4.2378E+02  4.522E+09  1.000E-30  5.948E-01
     645      1    102      1     88      1      53     3.8149E+02  2.873E+12  6.216E-01  1.247E+00
     647      1    102      1     94      1      53     1.9123E+02  4.481E+11  2.161E+00  7.557E-01
     650      1    102      1     97      1      53     1.4260E+02  2.770E+09  1.000E-30  3.224E-01
     652      1    102      1    101      1      53     5.9168E+01  1.739E+08  1.204E-02  5.474E-01
     653      1    103      1     76      1      53     1.2875E+03  2.380E+12  1.451E-03  9.107E+00
     654      1    103      1     78      1      53     9.7272E+02  6.048E+09  1.000E-30  2.572E+00
     655      1    103      1     81      1      53     8.1083E+02  1.137E+12  4.873E-03  5.191E+00
     656      1    103      1     85      1      53     5.2157E+02  6.362E+11  1.680E-02  3.235E+00
     657      1    103      1     86      1      53     5.0613E+02  4.159E+09  1.000E-30  1.411E+00
     659      1    103      1     91      1      53     3.3233E+02  4.285E+11  6.944E-02  2.178E+00
     662      1    103      1     95      1      53     2.2220E+02  1.134E+09  1.000E-30  8.599E-01
     663      1    103      1     96      1      53     2.0131E+02  3.590E+11  5.426E-01  1.584E+00
     665      1    103      1    100      1      53     1.0650E+02  1.736E+11  3.988E+00  1.274E+00
     667      1    103      1    102      1      53     3.6571E+01  1.639E+07  1.000E-30  6.199E-01
     668      1    104      1     78      1      53     9.7661E+02  2.591E+12  7.463E-03  2.479E+00
     670      1    104      1     86      1      53     5.1003E+02  1.595E+12  6.615E-02  1.310E+00
     674      1    104      1     95      1      53     2.2610E+02  4.878E+11  6.718E-01  7.526E-01
     677      1    104      1    102      1      53     4.0464E+01  2.122E+09  6.599E-01  4.754E-01
     679      1    105      1     77      1      53     1.2750E+03  4.397E+12  4.113E-03  4.382E+00
     680      1    105      1     82      1      53     7.9944E+02  2.807E+12  1.932E-02  2.460E+00
     682      1    105      1     87      1      53     5.5191E+02  3.178E+09  1.000E-30  8.539E-01
     683      1    105      1     88      1      53     5.0962E+02  2.071E+12  1.001E-01  1.506E+00
     685      1    105      1     94      1      53     3.1936E+02  1.660E+12  8.643E-01  1.005E+00
     688      1    105      1     97      1      53     2.7073E+02  3.402E+09  1.000E-30  4.919E-01
     690      1    105      1    101      1      53     1.8730E+02  7.256E+11  3.384E+00  7.585E-01
     692      1    105      1    103      1      53     9.1560E+01  2.826E+08  3.866E-03  6.766E-01
     693      1    105      1    104      1      53     8.7667E+01  1.055E+09  1.000E-30  3.992E-01
     694      1    106      1     78      1      53     1.1024E+03  1.612E+12  2.952E-03  2.681E+00
     695      1    106      1     86      1      53     6.3583E+02  1.128E+12  1.965E-02  1.513E+00
     698      1    106      1     95      1      53     3.5190E+02  5.701E+11  1.024E-01  9.544E-01
     701      1    106      1    102      1      53     1.6626E+02  2.243E+11  7.544E-01  6.676E-01
     704      1    106      1    105      1      53     3.8133E+01  2.730E+09  9.066E-01  5.448E-01
     705      1    107      1     77      1      53     1.3672E+03  3.079E+12  2.204E-03  4.614E+00
     706      1    107      1     82      1      53     8.9170E+02  1.956E+12  8.761E-03  2.692E+00
     707      1    107      1     87      1      53     6.4417E+02  2.246E+09  1.000E-30  1.085E+00
     708      1    107      1     88      1      53     6.0188E+02  1.409E+12  3.277E-02  1.739E+00
     710      1    107      1     94      1      53     4.1162E+02  1.223E+12  1.403E-01  1.238E+00
     712      1    107      1     97      1      53     3.6299E+02  2.777E+09  1.000E-30  7.133E-01
     714      1    107      1    101      1      53     2.7956E+02  1.481E+12  9.811E-01  9.792E-01
     716      1    107      1    103      1      53     1.8382E+02  9.629E+11  4.157E+00  8.794E-01
     717      1    107      1    104      1      53     1.7993E+02  1.855E+09  1.000E-30  5.443E-01
     719      1    107      1    106      1      53     5.4126E+01  3.298E+08  1.000E-30  5.509E-01
     720      1    108      1     78      1      53     1.1926E+03  1.075E+12  1.457E-03  2.862E+00
     721      1    108      1     86      1      53     7.2599E+02  7.992E+11  8.137E-03  1.700E+00
     723      1    108      1     95      1      53     4.4206E+02  4.571E+11  3.162E-02  1.135E+00
     725      1    108      1    102      1      53     2.5642E+02  2.465E+11  1.203E-01  8.511E-01
     728      1    108      1    105      1      53     1.2829E+02  1.125E+11  6.713E-01  7.245E-01
     730      1    108      1    107      1      53     3.6034E+01  3.488E+09  9.936E-01  7.048E-01
     731      1    110      1    109      1      53     1.0325E+02  4.818E+09  1.000E-30  3.596E+02
     732      1    111      1    109      1      53     6.2828E+02  1.221E+12  9.058E-05  4.025E+02
     733      1    114      1    113      1      54     7.1415E+00  1.470E+04  1.000E-30  1.098E-03
     735      1    115      1    114      1      54     4.2027E+02  3.034E+10  2.610E+00  1.878E-02
     736      1    117      1    116      1      54     8.2284E+01  1.991E+08  1.341E+01  7.996E-03
     737      1    118      1    117      1      54     6.5579E+01  3.449E+08  2.440E-04  9.900E+01
     739      1    120      1    119      1      54     2.7707E+01  1.263E+07  5.903E+00  1.605E-02
     740      1    121      1    120      1      54     3.4184E+01  1.085E+08  1.523E-03  3.529E+01
     743      1    122      1    121      1      54     1.1729E+01  9.494E+05  6.941E-04  1.005E+01
     745      1    124      1    119      1      54     9.4819E+02  7.080E+12  1.608E-02  3.133E+01
     746      1    124      1    121      1      54     8.8629E+02  2.309E+12  1.000E-30  1.767E+01
     747      1    123      1    120      1      54     9.0352E+02  8.427E+12  1.000E-30  5.147E+01
     749      1    124      1    123      1      54     1.6956E+01  6.154E+06  2.899E+00  4.798E-02
     750      1    125      1    120      1      54     9.3511E+02  1.511E+13  8.599E-03  4.299E+01
     753      1    125      1    122      1      54     8.8920E+02  5.626E+11  1.000E-30  3.402E+00
     754      1    125      1    124      1      54     1.4632E+01  9.961E+06  2.816E-03  2.236E+01
     757      1    126      1    121      1      54     9.0719E+02  2.485E+13  2.739E-02  1.497E+01
     759      1    126      1    125      1      54     6.2624E+00  2.743E+05  2.551E-03  5.203E+00
     761      1    127      1    122      1      54     9.0472E+02  3.905E+13  7.196E-02  6.841E+00
     763      1    127      1    126      1      54     9.2648E+00  3.290E+05  1.704E-03  2.060E+00
     765      1    129      1    121      1      54     1.3816E+03  1.790E+12  1.000E-30  9.959E+00
     767      1    129      1    123      1      54     5.1224E+02  1.208E+12  3.067E-02  1.814E+01
     768      1    129      1    125      1      54     4.8065E+02  6.203E+11  1.000E-30  1.085E+01
     770      1    128      1    120      1      54     1.4063E+03  7.062E+12  1.000E-30  5.136E+01
     772      1    128      1    124      1      54     4.8585E+02  1.811E+12  1.000E-30  3.181E+01
     775      1    129      1    128      1      54     9.4325E+00  1.502E+06  1.909E+00  8.574E-02
     777      1    130      1    120      1      54     1.4246E+03  8.820E+12  1.706E-02  3.622E+00
     779      1    130      1    122      1      54     1.3787E+03  3.745E+11  1.000E-30  4.658E+00
     780      1    130      1    124      1      54     5.0408E+02  2.353E+12  1.376E-02  2.689E+01
     783      1    130      1    126      1      54     4.8319E+02  2.311E+11  1.000E-30  2.089E+00
     785      1    130      1    129      1      54     8.7978E+00  2.837E+06  6.373E-03  1.303E+01
     788      1    131      1    121      1      54     1.3942E+03  1.962E+13  5.122E-03  1.688E+01
     790      1    131      1    125      1      54     4.9329E+02  3.635E+12  5.194E-02  7.428E+00
     791      1    131      1    127      1      54     4.7777E+02  6.213E+10  1.000E-30  8.313E-01
     793      1    131      1    130      1      54     3.8408E+00  9.340E+04  6.427E-03  3.070E+00
     795      1    132      1    122      1      54     1.3904E+03  2.078E+13  8.247E-03  8.032E+00
     797      1    132      1    126      1      54     4.9497E+02  5.262E+12  1.281E-01  3.381E+00
     799      1    132      1    131      1      54     7.9348E+00  3.803E+05  5.224E-03  1.241E+00
     800      1    133      1    127      1      54     4.8686E+02  6.493E+12  2.600E-01  1.919E+00
     801      1    133      1    132      1      54     1.1594E+00  3.399E+02  2.241E-03  6.430E-01
     802      1    134      1    124      1      54     7.8763E+02  1.728E+12  1.000E-30  3.175E+01
     804      1    134      1    129      1      54     2.9235E+02  5.084E+11  1.000E-30  1.844E+01
     808      1    135      1    123      1      54     8.1021E+02  1.321E+12  1.300E-02  1.154E+01
     809      1    135      1    125      1      54     7.7862E+02  5.539E+11  1.000E-30  1.008E+01
     811      1    135      1    128      1      54     3.0740E+02  2.778E+11  5.317E-02  1.147E+01
     812      1    135      1    130      1      54     2.8917E+02  1.946E+11  1.000E-30  5.876E+00
     814      1    135      1    134      1      54     5.6221E+00  7.787E+05  9.223E-02  3.182E+00
     815      1    136      1    124      1      54     7.9909E+02  2.499E+12  3.057E-03  3.173E+01
     818      1    136      1    126      1      54     7.7820E+02  1.830E+11  1.000E-30  5.034E+00
     819      1    136      1    129      1      54     3.0380E+02  5.266E+11  2.077E-02  1.840E+01
     822      1    136      1    131      1      54     2.9116E+02  8.862E+10  1.000E-30  2.965E+00
     825      1    136      1    135      1      54     5.8334E+00  1.031E+06  1.252E-02  8.350E+00
     827      1    137      1    125      1      54     7.8707E+02  3.704E+12  9.057E-03  1.008E+01
     828      1    137      1    127      1      54     7.7154E+02  4.190E+10  1.000E-30  3.056E+00
     830      1    137      1    130      1      54     2.9761E+02  7.706E+11  6.432E-02  5.884E+00
     831      1    137      1    132      1      54     2.8584E+02  3.496E+10  1.000E-30  1.814E+00
     833      1    137      1    136      1      54     2.6080E+00  3.840E+04  1.297E-02  2.012E+00
     835      1    138      1    126      1      54     7.8806E+02  4.727E+12  1.667E-02  5.026E+00
     837      1    138      1    131      1      54     3.0103E+02  1.105E+12  1.383E-01  2.956E+00
     838      1    138      1    133      1      54     2.9194E+02  1.131E+10  1.000E-30  1.230E+00
     840      1    138      1    137      1      54     7.2571E+00  4.073E+05  1.065E-02  8.614E-01
     841      1    139      1    127      1      54     7.7953E+02  4.187E+12  1.968E-02  3.044E+00
     842      1    139      1    132      1      54     2.9383E+02  1.285E+12  2.461E-01  1.801E+00
     843      1    139      1    138      1      54     7.3047E-01  1.580E+02  5.619E-03  4.761E-01
     844      1    140      1    133      1      54     2.9317E+02  1.543E+12  4.171E-01  1.210E+00
     845      1    140      1    139      1      54     5.0455E-01  1.989E+01  2.739E-03  3.018E-01
     846      1    141      1    124      1      54     9.8280E+02  1.376E+12  1.000E-30  3.178E+01
     847      1    141      1    129      1      54     4.8751E+02  5.299E+11  1.000E-30  1.843E+01
     851      1    141      1    135      1      54     1.8954E+02  1.699E+11  1.000E-30  1.168E+01
     853      1    142      1    123      1      54     1.0032E+03  1.115E+12  8.477E-03  7.819E+00
     854      1    142      1    125      1      54     9.7165E+02  4.207E+11  1.000E-30  1.014E+01
     856      1    142      1    128      1      54     5.0043E+02  3.371E+11  2.102E-02  7.818E+00
     857      1    142      1    130      1      54     4.8220E+02  1.916E+11  1.000E-30  5.943E+00
     859      1    142      1    134      1      54     1.9865E+02  7.855E+10  8.570E-02  7.772E+00
     861      1    142      1    136      1      54     1.8719E+02  6.970E+10  1.000E-30  5.045E+00
     863      1    142      1    141      1      54     3.4847E+00  1.910E+05  1.506E-01  2.145E+00
     864      1    143      1    124      1      54     9.9046E+02  2.082E+12  1.334E-03  3.176E+01
     865      1    143      1    126      1      54     9.6956E+02  1.302E+11  1.000E-30  5.093E+00
     866      1    143      1    129      1      54     4.9517E+02  6.196E+11  5.516E-03  1.843E+01
     869      1    143      1    131      1      54     4.8253E+02  7.944E+10  1.000E-30  3.025E+00
     872      1    143      1    135      1      54     1.9720E+02  1.461E+11  4.145E-02  9.627E+00
     874      1    143      1    137      1      54     1.8876E+02  3.586E+10  1.000E-30  1.155E+00
     877      1    143      1    142      1      54     4.1712E+00  4.422E+05  2.179E-02  5.698E+00
     878      1    144      1    125      1      54     9.7774E+02  2.952E+12  3.707E-03  1.014E+01
     879      1    144      1    127      1      54     9.6221E+02  2.714E+10  1.000E-30  3.114E+00
     881      1    144      1    130      1      54     4.8829E+02  9.030E+11  1.585E-02  5.937E+00
     882      1    144      1    132      1      54     4.7651E+02  2.830E+10  1.000E-30  1.871E+00
     884      1    144      1    136      1      54     1.9328E+02  1.939E+11  1.392E-01  2.723E+00
     885      1    144      1    138      1      54     1.8342E+02  1.636E+10  1.000E-30  5.015E-01
     887      1    144      1    143      1      54     1.9160E+00  1.881E+04  2.197E-02  1.491E+00
     888      1    145      1    126      1      54     9.7835E+02  3.379E+12  6.070E-03  5.079E+00
     890      1    145      1    131      1      54     4.9132E+02  1.211E+12  2.994E-02  3.010E+00
     891      1    145      1    133      1      54     4.8223E+02  7.321E+09  1.000E-30  1.284E+00
     893      1    145      1    137      1      54     1.9755E+02  2.581E+11  3.075E-01  1.294E+00
     894      1    145      1    139      1      54     1.8956E+02  8.354E+09  1.000E-30  3.143E-01
     896      1    145      1    144      1      54     6.8766E+00  4.383E+05  1.619E-02  7.131E-01
     897      1    146      1    127      1      54     9.6958E+02  2.429E+12  5.720E-03  3.094E+00
     898      1    146      1    132      1      54     4.8388E+02  1.283E+12  4.266E-02  1.851E+00
     899      1    146      1    138      1      54     1.9078E+02  2.620E+11  5.296E-01  7.753E-01
     900      1    146      1    140      1      54     1.8955E+02  2.561E+09  1.000E-30  2.351E-01
     901      1    146      1    145      1      54     4.8959E-01  6.759E+01  8.217E-03  4.462E-01
     902      1    147      1    133      1      54     4.8306E+02  1.075E+12  4.319E-02  1.258E+00
     903      1    147      1    139      1      54     1.9039E+02  2.831E+11  8.615E-01  5.234E-01
     904      1    147      1    146      1      54     3.3818E-01  1.129E+01  4.632E-03  3.163E-01
     905      1    148      1    140      1      54     1.9013E+02  3.031E+11  1.350E+00  3.752E-01
     906      1    148      1    147      1      54     2.4746E-01  1.758E+00  2.017E-03  2.353E-01
     907      1    149      1    124      1      54     1.1162E+03  1.062E+12  1.000E-30  3.184E+01
     908      1    149      1    129      1      54     6.2092E+02  4.499E+11  1.000E-30  1.850E+01
     910      1    149      1    135      1      54     3.2295E+02  1.893E+11  1.000E-30  1.176E+01
     913      1    149      1    142      1      54     1.2992E+02  6.492E+10  1.000E-30  8.026E+00
     915      1    150      1    123      1      54     1.1354E+03  8.921E+11  6.490E-03  5.620E+00
     916      1    150      1    125      1      54     1.1038E+03  3.161E+11  1.000E-30  1.022E+01
     917      1    150      1    128      1      54     6.3256E+02  3.062E+11  1.300E-02  5.618E+00
     918      1    150      1    130      1      54     6.1433E+02  1.571E+11  1.000E-30  6.026E+00
     919      1    150      1    134      1      54     3.3078E+02  1.042E+11  3.169E-02  5.631E+00
     921      1    150      1    136      1      54     3.1933E+02  7.461E+10  1.000E-30  3.154E+00
     923      1    150      1    141      1      54     1.3562E+02  2.579E+10  1.275E-01  5.656E+00
     925      1    150      1    143      1      54     1.2796E+02  2.788E+10  1.000E-30  3.799E+00
     927      1    150      1    149      1      54     2.2069E+00  4.821E+04  2.174E-01  1.568E+00
     928      1    151      1    124      1      54     1.1216E+03  1.649E+12  7.263E-04  3.182E+01
     929      1    151      1    126      1      54     1.1007E+03  9.355E+10  1.000E-30  5.175E+00
     930      1    151      1    129      1      54     6.2630E+02  5.570E+11  2.430E-03  1.848E+01
     931      1    151      1    131      1      54     6.1366E+02  6.134E+10  1.000E-30  3.106E+00
     933      1    151      1    135      1      54     3.2833E+02  1.879E+11  1.035E-02  1.028E+01
     935      1    151      1    137      1      54     3.1989E+02  3.531E+10  1.000E-30  8.780E-01
     937      1    151      1    142      1      54     1.3530E+02  4.804E+10  6.349E-02  6.580E+00
     939      1    151      1    144      1      54     1.2921E+02  1.555E+10  1.000E-30  1.020E+00
     941      1    151      1    150      1      54     3.1681E+00  2.236E+05  3.455E-02  4.196E+00
     942      1    152      1    125      1      54     1.1084E+03  2.262E+12  1.931E-03  1.021E+01
     943      1    152      1    127      1      54     1.0929E+03  1.833E+10  1.000E-30  3.192E+00
     944      1    152      1    130      1      54     6.1900E+02  7.928E+11  6.650E-03  6.017E+00
     945      1    152      1    132      1      54     6.0722E+02  2.043E+10  1.000E-30  1.950E+00
     947      1    152      1    136      1      54     3.2399E+02  2.656E+11  3.084E-02  3.122E+00
     948      1    152      1    138      1      54     3.1413E+02  1.524E+10  1.000E-30  5.950E-01
     950      1    152      1    143      1      54     1.3263E+02  6.000E+10  1.952E-01  1.980E+00
     951      1    152      1    145      1      54     1.2383E+02  7.512E+09  1.000E-30  5.376E-01
     953      1    152      1    151      1      54     1.4980E+00  1.036E+04  2.971E-02  1.268E+00
     954      1    153      1    126      1      54     1.1088E+03  2.423E+12  2.928E-03  5.155E+00
     955      1    153      1    131      1      54     6.2180E+02  9.973E+11  1.154E-02  3.087E+00
     956      1    153      1    133      1      54     6.1271E+02  4.651E+09  1.000E-30  1.360E+00
     958      1    153      1    137      1      54     3.2803E+02  3.602E+11  5.994E-02  1.568E+00
     959      1    153      1    139      1      54     3.2004E+02  6.419E+09  1.000E-30  4.856E-01
     961      1    153      1    144      1      54     1.3736E+02  8.155E+10  3.834E-01  1.026E+00
     962      1    153      1    146      1      54     1.2999E+02  4.926E+09  1.000E-30  3.829E-01
     963      1    153      1    152      1      54     6.6466E+00  4.788E+05  1.860E-02  7.118E-01
     964      1    154      1    127      1      54     1.0999E+03  1.538E+12  2.407E-03  3.166E+00
     965      1    154      1    132      1      54     6.1421E+02  9.521E+11  1.439E-02  1.923E+00
     966      1    154      1    138      1      54     3.2112E+02  3.874E+11  8.791E-02  9.825E-01
     967      1    154      1    140      1      54     3.1988E+02  1.604E+09  1.000E-30  4.044E-01
     968      1    154      1    145      1      54     1.3082E+02  9.045E+10  5.749E-01  6.706E-01
     969      1    154      1    147      1      54     1.3000E+02  2.274E+09  1.000E-30  3.076E-01
     970      1    154      1    153      1      54     3.4390E-01  3.001E+01  8.454E-03  5.111E-01
     971      1    155      1    133      1      54     6.1329E+02  6.307E+11  1.129E-02  1.326E+00
     972      1    155      1    139      1      54     3.2062E+02  3.989E+11  1.078E-01  6.882E-01
     973      1    155      1    146      1      54     1.3057E+02  1.048E+11  8.220E-01  4.907E-01
     974      1    155      1    148      1      54     1.2999E+02  7.052E+08  1.000E-30  2.566E-01
     975      1    155      1    154      1      54     2.3759E-01  5.586E+00  4.647E-03  4.042E-01
     976      1    156      1    124      1      54     1.2114E+03  8.190E+11  1.000E-30  3.193E+01
     977      1    156      1    129      1      54     7.1613E+02  3.642E+11  1.000E-30  1.859E+01
     978      1    156      1    135      1      54     4.1816E+02  1.690E+11  1.000E-30  1.187E+01
     980      1    156      1    142      1      54     2.2513E+02  7.629E+10  1.000E-30  8.137E+00
     983      1    156      1    150      1      54     9.3002E+01  2.769E+10  1.000E-30  5.914E+00
     985      1    157      1    123      1      54     1.2298E+03  7.059E+11  5.283E-03  4.276E+00
     986      1    157      1    125      1      54     1.1982E+03  2.390E+11  1.000E-30  1.034E+01
     987      1    157      1    128      1      54     7.2695E+02  2.584E+11  9.413E-03  4.275E+00
     988      1    157      1    130      1      54     7.0872E+02  1.243E+11  1.000E-30  6.136E+00
     989      1    157      1    134      1      54     4.2517E+02  1.007E+11  1.847E-02  4.294E+00
     990      1    157      1    136      1      54     4.1371E+02  6.457E+10  1.000E-30  2.368E+00
     991      1    157      1    141      1      54     2.3000E+02  3.740E+10  4.442E-02  4.331E+00
     993      1    157      1    143      1      54     2.2235E+02  3.169E+10  1.000E-30  2.610E+00
     995      1    157      1    149      1      54     9.6594E+01  9.530E+09  1.773E-01  4.389E+00
     997      1    157      1    151      1      54     9.1219E+01  1.213E+10  1.000E-30  3.077E+00
     999      1    157      1    156      1      54     1.3856E+00  1.285E+04  2.582E-01  1.307E+00
    1000      1    158      1    124      1      54     1.2153E+03  1.294E+12  4.455E-04  3.193E+01
    1001      1    158      1    126      1      54     1.1944E+03  6.870E+10  1.000E-30  5.285E+00
    1002      1    158      1    129      1      54     7.2004E+02  4.659E+11  1.327E-03  1.859E+01
    1003      1    158      1    131      1      54     7.0740E+02  4.671E+10  1.000E-30  3.216E+00
    1004      1    158      1    135      1      54     4.2207E+02  1.793E+11  4.386E-03  1.078E+01
    1005      1    158      1    137      1      54     4.1363E+02  2.911E+10  1.000E-30  1.134E+00
    1007      1    158      1    142      1      54     2.2904E+02  6.641E+10  1.583E-02  7.042E+00
    1009      1    158      1    144      1      54     2.2296E+02  1.652E+10  1.000E-30  8.472E-01
    1011      1    158      1    150      1      54     9.6914E+01  1.798E+10  8.970E-02  4.857E+00
    1012      1    158      1    152      1      54     9.2248E+01  7.189E+09  1.000E-30  1.028E+00
    1014      1    158      1    157      1      54     2.5273E+00  1.292E+05  5.034E-02  3.359E+00
    1015      1    159      1    125      1      54     1.2019E+03  1.736E+12  1.148E-03  1.032E+01
    1016      1    159      1    127      1      54     1.1864E+03  1.291E+10  1.000E-30  3.302E+00
    1017      1    159      1    130      1      54     7.1248E+02  6.525E+11  3.495E-03  6.124E+00
    1018      1    159      1    132      1      54     7.0070E+02  1.477E+10  1.000E-30  2.058E+00
    1019      1    159      1    136      1      54     4.1747E+02  2.525E+11  1.219E-02  3.435E+00
    1020      1    159      1    138      1      54     4.0761E+02  1.197E+10  1.000E-30  8.715E-01
    1022      1    159      1    143      1      54     2.2610E+02  9.133E+10  4.334E-02  2.286E+00
    1023      1    159      1    145      1      54     2.1731E+02  7.900E+09  1.000E-30  6.077E-01
    1025      1    159      1    151      1      54     9.4977E+01  2.169E+10  2.374E-01  1.645E+00
    1026      1    159      1    153      1      54     8.6832E+01  3.491E+09  1.000E-30  6.557E-01
    1028      1    159      1    158      1      54     1.2307E+00  6.607E+03  3.338E-02  1.237E+00
    1029      1    160      1    126      1      54     1.2022E+03  1.776E+12  1.642E-03  5.260E+00
    1030      1    160      1    131      1      54     7.1513E+02  7.826E+11  5.671E-03  3.191E+00
    1031      1    160      1    133      1      54     7.0604E+02  3.124E+09  1.000E-30  1.464E+00
    1032      1    160      1    137      1      54     4.2136E+02  3.316E+11  2.137E-02  1.801E+00
    1033      1    160      1    139      1      54     4.1337E+02  4.509E+09  1.000E-30  7.086E-01
    1035      1    160      1    144      1      54     2.3069E+02  1.266E+11  7.617E-02  1.252E+00
    1036      1    160      1    146      1      54     2.2332E+02  4.249E+09  1.000E-30  5.232E-01
    1037      1    160      1    152      1      54     9.9979E+01  3.537E+10  3.971E-01  9.694E-01
    1038      1    160      1    154      1      54     9.2988E+01  2.768E+09  1.000E-30  5.239E-01
    1039      1    160      1    159      1      54     6.4994E+00  5.215E+05  1.734E-02  8.233E-01
    1040      1    161      1    127      1      54     1.1932E+03  1.039E+12  1.225E-03  3.266E+00
    1041      1    161      1    132      1      54     7.0745E+02  6.944E+11  6.428E-03  2.023E+00
    1042      1    161      1    138      1      54     4.1436E+02  3.442E+11  2.804E-02  1.166E+00
    1043      1    161      1    140      1      54     4.1312E+02  9.978E+08  1.000E-30  5.890E-01
    1044      1    161      1    145      1      54     2.2406E+02  1.405E+11  1.015E-01  8.565E-01
    1045      1    161      1    147      1      54     2.2323E+02  1.684E+09  1.000E-30  4.587E-01
    1046      1    161      1    153      1      54     9.3583E+01  3.360E+10  4.905E-01  7.104E-01
    1047      1    161      1    155      1      54     9.3001E+01  1.534E+09  1.000E-30  4.492E-01
    1048      1    161      1    160      1      54     2.5061E-01  1.397E+01  7.138E-03  6.621E-01
    1049      1    162      1    133      1      54     7.0646E+02  4.002E+11  4.291E-03  1.422E+00
    1050      1    162      1    139      1      54     4.1380E+02  3.133E+11  2.868E-02  8.470E-01
    1051      1    162      1    146      1      54     2.2375E+02  1.564E+11  1.217E-01  6.482E-01
    1052      1    162      1    148      1      54     2.2316E+02  4.258E+08  1.000E-30  3.999E-01
    1053      1    162      1    154      1      54     9.3412E+01  4.013E+10  6.157E-01  5.694E-01
    1054      1    162      1    161      1      54     1.7317E-01  2.766E+00  3.856E-03  5.666E-01
    1381      1    165      1    164      1       1     1.0199E+01  1.092E+07  1.191E+00  5.271E-01
    1384      1    167      1    164      1       1     1.0199E+01  1.658E+07  2.382E+00  5.271E-01
    1387      1    169      1    164      1       1     1.2088E+01  1.380E+05  3.473E-01  1.173E+00
    1389      1    169      1    166      1       1     1.8887E+00  3.628E+03  4.770E-02  1.075E+00
    1392      1    168      1    165      1       1     1.8887E+00  1.138E+02  1.876E-04  8.582E+00
    1394      1    168      1    167      1       1     1.8886E+00  2.275E+02  3.751E-04  8.582E+00
    1396      1    170      1    165      1       1     1.8887E+00  6.416E+03  1.471E-02  5.601E+00
    1398      1    170      1    167      1       1     1.8887E+00  1.265E+04  2.940E-02  5.601E+00
    1399      1    172      1    164      1       1     1.2749E+01  6.536E+02  7.595E-02  2.004E+00
    1401      1    172      1    166      1       1     2.5497E+00  1.987E+01  1.588E-03  8.938E+00
    1404      1    172      1    168      1       1     6.6104E-01  1.636E+00  3.065E-06  2.945E+01
    1405      1    172      1    170      1       1     6.6103E-01  1.855E-01  4.320E-07  2.647E+01
    1407      1    171      1    165      1       1     2.5497E+00  5.199E-01  1.700E-05  2.489E+01
    1409      1    171      1    167      1       1     2.5497E+00  1.040E+00  3.399E-05  2.489E+01
    1410      1    171      1    169      1       1     6.6103E-01  2.878E-01  6.203E-07  3.032E+01
    1414      1    173      1    165      1       1     2.5497E+00  2.957E+01  8.768E-04  1.930E+01
    1416      1    173      1    167      1       1     2.5497E+00  5.917E+01  1.757E-03  1.930E+01
    1417      1    173      1    169      1       1     6.6104E-01  7.848E+00  1.457E-05  2.473E+01
    1425      1    174      1    170      1       1     6.6103E-01  2.822E+01  5.894E-05  1.798E+01
    1426      1    176      1    164      1       1     1.3054E+01  1.050E+00  2.201E-02  3.324E+00
    1428      1    176      1    166      1       1     2.8557E+00  3.383E-02  1.018E-04  5.665E+01
    1430      1    176      1    168      1       1     9.6701E-01  3.791E-03  3.597E-07  6.271E+01
    1431      1    176      1    170      1       1     9.6699E-01  3.455E-04  3.847E-08  5.973E+01
    1433      1    176      1    171      1       1     3.0597E-01  5.389E-04  1.000E-30  7.901E+01
    1434      1    176      1    173      1       1     3.0596E-01  1.378E-04  1.360E-22  7.342E+01
    1437      1    175      1    165      1       1     2.8557E+00  7.205E-04  2.832E-06  5.926E+01
    1439      1    175      1    167      1       1     2.8556E+00  1.441E-03  5.663E-06  5.926E+01
    1440      1    175      1    169      1       1     9.6700E-01  5.153E-04  6.687E-08  6.470E+01
    1443      1    175      1    172      1       1     3.0596E-01  1.162E-04  1.000E-30  8.013E+01
    1447      1    177      1    165      1       1     2.8557E+00  6.250E-02  1.224E-04  5.032E+01
    1449      1    177      1    167      1       1     2.8557E+00  1.248E-01  2.444E-04  5.032E+01
    1450      1    177      1    169      1       1     9.6700E-01  2.278E-02  1.451E-06  5.575E+01
    1453      1    177      1    172      1       1     3.0597E-01  3.169E-03  1.000E-30  7.119E+01
    1456      1    177      1    174      1       1     3.0596E-01  1.076E-04  1.000E-30  6.270E+01
    1461      1    178      1    170      1       1     9.6699E-01  8.871E-02  3.569E-06  4.565E+01
    1463      1    178      1    173      1       1     3.0596E-01  1.597E-02  5.387E-21  5.934E+01
    1469      1    179      1    174      1       1     3.0596E-01  7.429E-02  1.000E-30  4.473E+01
    1470      1    181      1    164      1       1     1.3221E+01  3.243E-05  3.276E-02  4.662E+00
    1472      1    181      1    166      1       1     3.0219E+00  1.106E-06  4.415E-04  1.178E+02
    1495      1    182      1    165      1       1     3.0219E+00  3.550E-06  3.223E-04  1.087E+02
    1497      1    182      1    167      1       1     3.0219E+00  7.115E-06  6.464E-04  1.087E+02
    1498      1    182      1    169      1       1     1.1332E+00  1.459E-06  2.862E-07  1.142E+02
    1509      1    183      1    170      1       1     1.1332E+00  1.146E-05  5.605E-07  9.996E+01
    1511      1    183      1    173      1       1     4.7216E-01  2.861E-06  5.872E-22  1.137E+02
    1517      1    184      1    174      1       1     4.7216E-01  2.472E-05  6.984E-22  9.358E+01
    1519      1    184      1    178      1       1     1.6620E-01  7.045E-06  1.000E-30  1.212E+02
    1521      1    185      1    179      1       1     1.6620E-01  8.442E-05  1.000E-30  9.429E+01
