#  File format type:   4
#
#  SPECT3D transition powers file.
#  RUN NAME:  xe_20-200ev_1e18-1e21_4mm
#  Total number of transitions   =     1890
#  Number of written transitions =      805
#  Plasma temperature (eV)       =     1.0000E+02
#  Mass density (g/cm3)          =     2.2432E-04
#  Cell areal density (g/cm2)    =     8.9730E-05
#  Material mass fractions       =     1.0000E+00
#  DCA material number fractions =     1.3000E-02    9.8700E-01
# -----------------------------------------------------
#
#
#   Trans.  Trans  Upper  Upper  Lower  Lower   Ioniz   Energy     Line Power Line Center Line Width
#   Index   Model  Level  Model  Level  Model   Stage   (eV)       (W/cm2)    Opt. Depth      eV
# --------------------------------------------------------------------------------------------------
       1      1      3      1      2      1      52     1.1982E+02  8.678E+07  1.440E-10  8.097E-03
       2      1      4      1      2      1      52     4.9234E+02  1.975E+10  1.840E-01  3.335E-02
       4      1      6      1      5      1      52     1.0651E+02  3.302E+08  2.057E-04  7.871E+01
       6      1      7      1      6      1      52     6.8034E+01  4.330E+07  2.869E-05  9.466E+01
       7      1      9      1      8      1      52     3.8672E+01  1.922E+07  6.865E-04  2.871E+01
       9      1     10      1      9      1      52     3.4641E+01  1.239E+07  1.878E-04  3.134E+01
      11      1     11      1     10      1      52     9.4480E+00  4.308E+04  7.102E-05  8.524E+00
      13      1     12      1      9      1      52     8.3242E+02  7.128E+11  1.000E-30  4.472E+01
      14      1     13      1      8      1      52     8.9349E+02  5.658E+11  1.729E-03  2.724E+01
      16      1     13      1     10      1      52     8.2018E+02  1.886E+11  1.000E-30  1.544E+01
      17      1     13      1     12      1      52     2.2396E+01  5.450E+06  1.741E-03  1.655E+01
      19      1     14      1      9      1      52     8.6975E+02  1.209E+12  9.691E-04  3.749E+01
      21      1     14      1     11      1      52     8.2566E+02  4.500E+10  1.000E-30  2.922E+00
      23      1     14      1     13      1      52     1.4925E+01  1.161E+06  3.415E-04  2.020E+01
      25      1     15      1     10      1      52     8.3968E+02  2.040E+12  3.195E-03  1.282E+01
      28      1     15      1     14      1      52     4.5752E+00  8.495E+03  2.404E-04  4.373E+00
      30      1     16      1     11      1      52     8.3260E+02  3.295E+12  8.315E-03  5.883E+00
      32      1     16      1     15      1      52     2.3647E+00  3.541E+02  1.304E-04  1.739E+00
      34      1     17      1      9      1      52     1.3019E+03  5.982E+11  1.000E-30  4.463E+01
      36      1     17      1     13      1      52     4.4709E+02  1.516E+11  1.000E-30  2.760E+01
      38      1     18      1      8      1      52     1.3534E+03  5.355E+11  8.077E-04  1.586E+01
      40      1     18      1     10      1      52     1.2800E+03  1.461E+11  1.000E-30  8.552E+00
      41      1     18      1     12      1      52     4.8226E+02  9.751E+10  3.283E-03  1.574E+01
      43      1     18      1     14      1      52     4.4493E+02  5.062E+10  1.000E-30  9.465E+00
      45      1     18      1     17      1      52     1.2770E+01  1.215E+06  3.705E-03  9.370E+00
      47      1     19      1      9      1      52     1.3234E+03  1.087E+12  2.293E-04  4.040E+01
      49      1     19      1     11      1      52     1.2793E+03  2.974E+10  1.000E-30  4.017E+00
      51      1     19      1     13      1      52     4.6860E+02  1.890E+11  1.555E-03  2.337E+01
      53      1     19      1     15      1      52     4.4910E+02  1.849E+10  1.000E-30  1.757E+00
      56      1     19      1     18      1      52     8.7378E+00  3.016E+05  7.651E-04  1.168E+01
      58      1     20      1     10      1      52     1.2912E+03  1.568E+12  5.975E-04  1.445E+01
      61      1     20      1     14      1      52     4.5609E+02  3.057E+11  6.093E-03  6.324E+00
      63      1     20      1     16      1      52     4.4915E+02  5.205E+09  1.000E-30  6.927E-01
      65      1     20      1     19      1      52     2.4178E+00  1.617E+03  5.397E-04  2.514E+00
      67      1     21      1     11      1      52     1.2829E+03  1.646E+12  9.586E-04  6.893E+00
      69      1     21      1     15      1      52     4.5271E+02  4.620E+11  1.498E-02  2.877E+00
      72      1     21      1     20      1      52     1.2002E+00  7.827E+01  3.812E-04  1.006E+00
      75      1     22      1     16      1      52     4.5135E+02  6.669E+11  3.060E-02  1.631E+00
      77      1     22      1     21      1      52     1.0028E+00  2.058E+01  2.622E-04  5.129E-01
      79      1     23      1     13      1      52     7.2854E+02  1.453E+11  1.000E-30  2.755E+01
      81      1     23      1     18      1      52     2.6868E+02  4.258E+10  1.000E-30  1.592E+01
      83      1     24      1     12      1      52     7.5883E+02  1.048E+11  1.433E-03  9.931E+00
      85      1     24      1     14      1      52     7.2151E+02  4.512E+10  1.000E-30  5.043E+00
      86      1     24      1     17      1      52     2.8935E+02  2.300E+10  5.729E-03  9.901E+00
      88      1     24      1     19      1      52     2.6784E+02  1.592E+10  1.000E-30  6.192E+00
      90      1     24      1     23      1      52     7.9016E+00  3.312E+05  6.944E-03  5.788E+00
      92      1     25      1     13      1      52     7.4204E+02  1.984E+11  3.858E-04  2.486E+01
      94      1     25      1     15      1      52     7.2254E+02  1.458E+10  1.000E-30  1.722E+00
      96      1     25      1     18      1      52     2.8218E+02  4.248E+10  2.816E-03  1.330E+01
      98      1     25      1     20      1      52     2.7102E+02  7.138E+09  1.000E-30  1.184E+00
     101      1     25      1     24      1      52     5.5989E+00  9.677E+04  1.490E-03  7.319E+00
     103      1     26      1     14      1      52     7.2843E+02  2.966E+11  1.268E-03  7.178E+00
     105      1     26      1     16      1      52     7.2149E+02  3.426E+09  1.000E-30  1.167E+00
     107      1     26      1     19      1      52     2.7476E+02  6.503E+10  1.062E-02  3.553E+00
     109      1     26      1     21      1      52     2.7114E+02  3.040E+09  1.000E-30  4.256E-01
     112      1     26      1     25      1      52     1.3194E+00  3.153E+02  1.020E-03  1.598E+00
     114      1     27      1     15      1      52     7.2446E+02  3.713E+11  2.440E-03  3.396E+00
     117      1     27      1     20      1      52     2.7295E+02  9.225E+10  2.475E-02  1.609E+00
     119      1     27      1     22      1      52     2.7075E+02  8.983E+08  1.000E-30  2.339E-01
     121      1     27      1     26      1      52     6.0740E-01  1.371E+01  8.116E-04  6.390E-01
     123      1     28      1     16      1      52     7.2273E+02  3.432E+11  3.012E-03  1.994E+00
     125      1     28      1     21      1      52     2.7238E+02  1.276E+11  4.883E-02  9.119E-01
     128      1     28      1     27      1      52     6.3240E-01  9.652E+00  7.739E-04  3.250E-01
     129      1     29      1     13      1      52     9.1039E+02  1.156E+11  1.000E-30  2.750E+01
     131      1     29      1     18      1      52     4.5053E+02  4.426E+10  1.000E-30  1.587E+01
     134      1     29      1     24      1      52     1.7396E+02  1.410E+10  1.000E-30  1.002E+01
     136      1     30      1     12      1      52     9.3797E+02  8.821E+10  9.493E-04  6.679E+00
     137      1     30      1     14      1      52     9.0065E+02  3.429E+10  1.000E-30  4.417E+00
     138      1     30      1     17      1      52     4.6848E+02  2.692E+10  2.339E-03  6.648E+00
     140      1     30      1     19      1      52     4.4698E+02  1.568E+10  1.000E-30  3.471E+00
     142      1     30      1     23      1      52     1.8704E+02  6.740E+09  9.333E-03  6.630E+00
     144      1     30      1     25      1      52     1.7354E+02  5.698E+09  1.000E-30  4.264E+00
     146      1     30      1     29      1      52     5.1810E+00  1.046E+05  1.201E-02  3.776E+00
     147      1     31      1     13      1      52     9.1941E+02  1.655E+11  1.635E-04  2.571E+01
     148      1     31      1     15      1      52     8.9991E+02  1.035E+10  1.000E-30  2.442E+00
     150      1     31      1     18      1      52     4.5956E+02  4.936E+10  7.106E-04  1.415E+01
     152      1     31      1     20      1      52     4.4840E+02  6.360E+09  1.000E-30  8.983E-01
     155      1     31      1     24      1      52     1.8298E+02  1.203E+10  4.733E-03  8.231E+00
     157      1     31      1     26      1      52     1.7606E+02  2.914E+09  1.000E-30  8.437E-01
     160      1     31      1     30      1      52     3.8407E+00  3.722E+04  2.639E-03  4.929E+00
     161      1     32      1     14      1      52     9.0519E+02  2.350E+11  4.914E-04  7.641E+00
     162      1     32      1     16      1      52     8.9825E+02  2.211E+09  1.000E-30  1.630E+00
     164      1     32      1     19      1      52     4.5152E+02  7.273E+10  2.334E-03  4.023E+00
     166      1     32      1     21      1      52     4.4790E+02  2.370E+09  1.000E-30  5.850E-01
     169      1     32      1     25      1      52     1.7808E+02  1.756E+10  1.726E-02  2.189E+00
     171      1     32      1     27      1      52     1.7615E+02  1.496E+09  1.000E-30  2.999E-01
     174      1     32      1     31      1      52     7.0280E-01  5.516E+01  1.740E-03  1.085E+00
     175      1     33      1     15      1      52     9.0089E+02  2.643E+11  8.268E-04  3.705E+00
     177      1     33      1     20      1      52     4.4938E+02  9.504E+10  4.678E-03  1.905E+00
     179      1     33      1     22      1      52     4.4717E+02  5.810E+08  1.000E-30  4.402E-01
     181      1     33      1     26      1      52     1.7704E+02  2.400E+10  3.930E-02  9.850E-01
     183      1     33      1     28      1      52     1.7580E+02  6.663E+08  1.000E-30  1.543E-01
     185      1     33      1     32      1      52     2.7490E-01  1.619E+00  1.508E-03  4.382E-01
     186      1     34      1     16      1      52     8.9895E+02  1.952E+11  8.056E-04  2.200E+00
     188      1     34      1     21      1      52     4.4860E+02  1.074E+11  7.088E-03  1.117E+00
     191      1     34      1     27      1      52     1.7685E+02  3.130E+10  7.460E-02  5.528E-01
     194      1     34      1     33      1      52     4.2420E-01  4.148E+00  1.579E-03  2.259E-01
     195      1     35      1     13      1      52     1.0346E+03  8.915E+10  1.000E-30  2.752E+01
     196      1     35      1     18      1      52     5.7478E+02  3.758E+10  1.000E-30  1.589E+01
     198      1     35      1     24      1      52     2.9820E+02  1.579E+10  1.000E-30  9.974E+00
     201      1     35      1     30      1      52     1.1906E+02  5.390E+09  1.000E-30  6.697E+00
     203      1     36      1     12      1      52     1.0606E+03  7.049E+10  7.397E-04  4.738E+00
     204      1     36      1     14      1      52     1.0233E+03  2.574E+10  1.000E-30  5.154E+00
     205      1     36      1     17      1      52     5.9109E+02  2.427E+10  1.482E-03  4.707E+00
     206      1     36      1     19      1      52     5.6958E+02  1.281E+10  1.000E-30  2.561E+00
     207      1     36      1     23      1      52     3.0964E+02  8.473E+09  3.626E-03  4.682E+00
     209      1     36      1     25      1      52     2.9614E+02  6.095E+09  1.000E-30  2.548E+00
     211      1     36      1     29      1      52     1.2779E+02  2.311E+09  1.440E-02  4.654E+00
     213      1     36      1     31      1      52     1.1877E+02  2.291E+09  1.000E-30  3.064E+00
     215      1     36      1     35      1      52     3.5433E+00  3.654E+04  1.925E-02  2.600E+00
     216      1     37      1     13      1      52     1.0410E+03  1.313E+11  8.765E-05  2.623E+01
     217      1     37      1     15      1      52     1.0215E+03  7.436E+09  1.000E-30  2.974E+00
     218      1     37      1     18      1      52     5.8110E+02  4.419E+10  3.032E-04  1.467E+01
     219      1     37      1     20      1      52     5.6995E+02  4.900E+09  1.000E-30  1.238E+00
     221      1     37      1     24      1      52     3.0452E+02  1.501E+10  1.200E-03  8.757E+00
     223      1     37      1     26      1      52     2.9760E+02  2.844E+09  1.000E-30  5.562E-01
     226      1     37      1     30      1      52     1.2539E+02  4.028E+09  7.446E-03  5.480E+00
     228      1     37      1     32      1      52     1.2084E+02  1.278E+09  1.000E-30  6.310E-01
     231      1     37      1     36      1      52     2.7803E+00  1.658E+04  4.403E-03  3.478E+00
     232      1     38      1     14      1      52     1.0264E+03  1.798E+11  2.492E-04  7.910E+00
     233      1     38      1     16      1      52     1.0194E+03  1.488E+09  1.000E-30  1.925E+00
     234      1     38      1     19      1      52     5.7269E+02  6.324E+10  9.252E-04  4.317E+00
     235      1     38      1     21      1      52     5.6908E+02  1.681E+09  1.000E-30  8.488E-01
     237      1     38      1     25      1      52     2.9925E+02  2.178E+10  3.904E-03  2.477E+00
     239      1     38      1     27      1      52     2.9733E+02  1.315E+09  1.000E-30  3.278E-01
     242      1     38      1     31      1      52     1.2188E+02  5.640E+09  2.646E-02  1.450E+00
     244      1     38      1     33      1      52     1.2090E+02  7.330E+08  1.000E-30  2.336E-01
     247      1     38      1     37      1      52     3.3030E-01  6.660E+00  2.817E-03  7.799E-01
     248      1     39      1     15      1      52     1.0219E+03  1.891E+11  3.857E-04  3.890E+00
     249      1     39      1     20      1      52     5.7035E+02  7.731E+10  1.692E-03  2.090E+00
     250      1     39      1     22      1      52     5.6815E+02  3.691E+08  1.000E-30  6.189E-01
     252      1     39      1     26      1      52     2.9801E+02  2.843E+10  7.908E-03  1.164E+00
     254      1     39      1     28      1      52     2.9677E+02  5.083E+08  1.000E-30  2.510E-01
     256      1     39      1     32      1      52     1.2125E+02  7.379E+09  5.811E-02  6.535E-01
     258      1     39      1     34      1      52     1.2055E+02  3.917E+08  1.000E-30  1.195E-01
     260      1     39      1     38      1      52     7.3900E-02  3.765E-02  3.076E-03  2.577E-01
     261      1     40      1     16      1      52     1.0198E+03  1.231E+11  3.279E-04  2.333E+00
     262      1     40      1     21      1      52     5.6945E+02  7.739E+10  2.224E-03  1.244E+00
     264      1     40      1     27      1      52     2.9770E+02  3.407E+10  1.273E-02  6.805E-01
     267      1     40      1     33      1      52     1.2127E+02  9.351E+09  1.073E-01  3.697E-01
     270      1     40      1     39      1      52     2.9800E-01  1.832E+00  2.660E-03  1.721E-01
     271      1     41      1     13      1      52     1.1233E+03  6.882E+10  1.000E-30  2.753E+01
     272      1     41      1     18      1      52     6.6340E+02  3.049E+10  1.000E-30  1.590E+01
     273      1     41      1     24      1      52     3.8682E+02  1.405E+10  1.000E-30  9.987E+00
     275      1     41      1     30      1      52     2.0768E+02  6.317E+09  1.000E-30  6.710E+00
     278      1     41      1     36      1      52     8.5076E+01  2.274E+09  1.000E-30  4.727E+00
     280      1     42      1     12      1      52     1.1482E+03  5.562E+10  6.249E-04  3.488E+00
     281      1     42      1     14      1      52     1.1108E+03  1.950E+10  1.000E-30  5.943E+00
     282      1     42      1     17      1      52     6.7867E+02  2.043E+10  1.121E-03  3.458E+00
     283      1     42      1     19      1      52     6.5716E+02  1.012E+10  1.000E-30  2.696E+00
     284      1     42      1     23      1      52     3.9722E+02  8.032E+09  2.214E-03  3.439E+00
     285      1     42      1     25      1      52     3.8372E+02  5.272E+09  1.000E-30  1.760E+00
     286      1     42      1     29      1      52     2.1536E+02  3.077E+09  5.375E-03  3.424E+00
     288      1     42      1     31      1      52     2.0634E+02  2.598E+09  1.000E-30  1.943E+00
     290      1     42      1     35      1      52     9.1119E+01  8.963E+08  2.125E-02  3.407E+00
     292      1     42      1     37      1      52     8.4795E+01  1.008E+09  1.000E-30  2.286E+00
     294      1     42      1     41      1      52     2.4992E+00  1.383E+04  2.835E-02  1.928E+00
     295      1     43      1     13      1      52     1.1279E+03  1.031E+11  5.329E-05  2.663E+01
     296      1     43      1     15      1      52     1.1084E+03  5.463E+09  1.000E-30  3.339E+00
     297      1     43      1     18      1      52     6.6800E+02  3.698E+10  1.633E-04  1.500E+01
     298      1     43      1     20      1      52     6.5684E+02  3.717E+09  1.000E-30  1.558E+00
     299      1     43      1     24      1      52     3.9142E+02  1.420E+10  5.146E-04  9.090E+00
     300      1     43      1     26      1      52     3.8450E+02  2.334E+09  1.000E-30  6.964E-01
     302      1     43      1     30      1      52     2.1228E+02  5.304E+09  1.892E-03  5.801E+00
     304      1     43      1     32      1      52     2.0774E+02  1.336E+09  1.000E-30  4.022E-01
     307      1     43      1     36      1      52     8.9678E+01  1.537E+09  1.117E-02  3.830E+00
     309      1     43      1     38      1      52     8.6568E+01  5.992E+08  1.000E-30  4.940E-01
     312      1     43      1     42      1      52     2.1031E+00  8.270E+03  6.943E-03  2.556E+00
     313      1     44      1     15      1      52     1.1084E+03  1.392E+11  2.154E-04  4.017E+00
     314      1     44      1     20      1      52     6.5688E+02  6.057E+10  8.193E-04  2.211E+00
     315      1     44      1     22      1      52     6.5468E+02  2.472E+08  1.000E-30  7.406E-01
     316      1     44      1     26      1      52     3.8454E+02  2.543E+10  2.942E-03  1.291E+00
     317      1     44      1     28      1      52     3.8330E+02  3.583E+08  1.000E-30  3.657E-01
     319      1     44      1     32      1      52     2.0778E+02  9.767E+09  1.209E-02  7.758E-01
     321      1     44      1     34      1      52     2.0708E+02  3.375E+08  1.000E-30  1.643E-01
     323      1     44      1     38      1      52     8.6605E+01  2.612E+09  8.115E-02  4.665E-01
     325      1     44      1     40      1      52     8.6233E+01  2.199E+08  1.000E-30  1.060E-01
     327      1     45      1     14      1      52     1.1130E+03  1.381E+11  1.463E-04  8.115E+00
     328      1     45      1     16      1      52     1.1061E+03  1.042E+09  1.000E-30  2.123E+00
     329      1     45      1     19      1      52     6.5935E+02  5.187E+10  4.757E-04  4.509E+00
     330      1     45      1     21      1      52     6.5574E+02  1.216E+09  1.000E-30  1.041E+00
     331      1     45      1     25      1      52     3.8591E+02  2.022E+10  1.565E-03  2.669E+00
     332      1     45      1     27      1      52     3.8399E+02  1.009E+09  1.000E-30  4.858E-01
     334      1     45      1     31      1      52     2.0854E+02  7.510E+09  6.059E-03  1.635E+00
     336      1     45      1     33      1      52     2.0756E+02  7.074E+08  1.000E-30  2.153E-01
     339      1     45      1     37      1      52     8.6990E+01  2.062E+09  3.832E-02  1.023E+00
     341      1     45      1     39      1      52     8.6586E+01  3.711E+08  1.000E-30  1.952E-01
     344      1     45      1     43      1      52     9.2200E-02  1.636E-01  6.299E-03  3.968E-01
     345      1     45      1     44      1      52     5.4600E-02  2.286E-02  1.000E-30  1.303E-01
     346      1     46      1     16      1      52     1.1062E+03  8.290E+10  1.666E-04  2.422E+00
     347      1     46      1     21      1      52     6.5590E+02  5.588E+10  9.795E-04  1.333E+00
     348      1     46      1     27      1      52     3.8415E+02  2.842E+10  4.300E-03  7.712E-01
     350      1     46      1     33      1      52     2.0772E+02  1.193E+10  1.979E-02  4.552E-01
     353      1     46      1     39      1      52     8.6749E+01  3.210E+09  1.439E-01  2.697E-01
     355      1     46      1     44      1      52     2.1720E-01  8.520E-01  3.744E-03  1.453E-01
     357      1     48      1     47      1      52     3.1750E+02  2.543E+09  1.408E-04  1.840E+02
     358      1     49      1     48      1      52     3.6284E+02  1.379E+10  7.741E-06  2.762E+02
     359      1     51      1     50      1      52     7.7750E-01  3.617E+01  6.588E-05  1.384E+02
     360      1     52      1     51      1      52     6.6689E+02  2.141E+11  1.000E-30  4.204E+02
     361      1     54      1     53      1      52     3.0082E+01  1.282E+07  1.000E-30  1.845E+02
     362      1     55      1     53      1      52     1.0120E+02  2.643E+08  1.871E-04  8.075E+01
     363      1     56      1     54      1      52     1.0442E+02  2.967E+08  2.077E-04  7.434E+01
     364      1     56      1     55      1      52     3.3297E+01  1.726E+07  1.000E-30  1.922E+02
     365      1     57      1     55      1      52     9.2670E+01  1.477E+08  3.307E-05  1.109E+02
     367      1     58      1     56      1      52     9.3608E+01  1.531E+08  3.465E-05  1.064E+02
     368      1     58      1     57      1      52     3.4235E+01  1.874E+07  1.000E-30  1.948E+02
     369      1     61      1     60      1      53     7.7081E+01  1.026E+07  3.665E-11  5.225E-03
     370      1     62      1     60      1      53     8.3045E+01  1.543E+07  1.000E-30  5.625E-03
     373      1     63      1     61      1      53     8.0094E+00  2.675E+01  1.000E-30  5.899E-04
     375      1     64      1     60      1      53     4.6515E+02  1.631E+10  1.186E-01  3.148E-02
     378      1     65      1     60      1      53     5.0090E+02  7.246E+09  1.457E-11  3.385E-02
     380      1     65      1     63      1      53     4.1581E+02  6.539E+09  2.572E-01  2.815E-02
     381      1     67      1     66      1      53     9.2071E+01  1.774E+08  2.351E-04  5.729E+01
     383      1     68      1     67      1      53     2.1266E+02  2.325E+09  4.481E-05  3.995E+01
     385      1     69      1     67      1      53     2.3259E+02  1.791E+09  1.000E-30  2.161E+01
     386      1     71      1     70      1      53     1.8245E+01  1.177E+06  8.969E-04  1.282E+01
     388      1     72      1     71      1      53     7.1086E+01  2.103E+08  3.385E-04  3.416E+01
     390      1     73      1     72      1      53     1.1156E+02  8.076E+08  6.851E-04  1.007E+01
     392      1     74      1     71      1      53     8.8734E+02  8.482E+11  1.000E-30  4.806E+01
     393      1     75      1     70      1      53     9.0769E+02  6.057E+11  1.624E-03  2.961E+01
     395      1     75      1     72      1      53     8.1835E+02  1.772E+11  1.000E-30  1.672E+01
     396      1     75      1     74      1      53     2.1014E+00  2.478E+03  3.349E-03  4.741E+00
     398      1     76      1     71      1      53     9.4411E+02  1.633E+12  9.472E-04  4.051E+01
     400      1     76      1     73      1      53     7.6146E+02  3.132E+10  1.000E-30  3.157E+00
     402      1     76      1     75      1      53     5.4666E+01  1.954E+08  1.042E-03  2.270E+01
     404      1     77      1     72      1      53     9.7713E+02  3.598E+12  3.307E-03  1.386E+01
     407      1     77      1     76      1      53     1.0411E+02  2.171E+09  4.409E-03  5.196E+00
     409      1     78      1     73      1      53     1.0763E+03  8.854E+12  9.542E-03  6.390E+00
     411      1     78      1     77      1      53     2.1071E+02  1.574E+10  6.803E-03  2.116E+00
     412      1     79      1     70      1      53     1.3871E+03  5.865E+11  7.274E-04  1.791E+01
     414      1     79      1     72      1      53     1.2978E+03  1.466E+11  1.000E-30  9.322E+00
     415      1     79      1     74      1      53     4.8154E+02  9.772E+10  3.055E-03  1.703E+01
     417      1     79      1     76      1      53     4.2478E+02  3.987E+10  1.000E-30  1.023E+01
     420      1     80      1     71      1      53     1.3753E+03  6.922E+11  1.000E-30  4.803E+01
     422      1     80      1     75      1      53     4.8588E+02  1.965E+11  1.000E-30  2.965E+01
     424      1     80      1     79      1      53     6.4349E+00  2.535E+05  1.000E-30  1.648E+01
     426      1     81      1     71      1      53     1.4208E+03  1.393E+12  2.196E-04  4.368E+01
     428      1     81      1     73      1      53     1.2382E+03  2.519E+10  1.000E-30  4.323E+00
     430      1     81      1     75      1      53     5.3137E+02  3.039E+11  1.588E-03  2.523E+01
     432      1     81      1     77      1      53     3.7259E+02  8.471E+09  1.000E-30  1.908E+00
     434      1     81      1     79      1      53     5.1923E+01  3.479E+08  3.782E-03  1.303E+01
     438      1     82      1     76      1      53     5.7966E+02  7.636E+11  6.851E-03  6.851E+00
     440      1     82      1     78      1      53     2.6484E+02  6.077E+08  1.000E-30  7.503E-01
     442      1     82      1     81      1      53     1.0296E+02  4.925E+09  1.827E-02  3.006E+00
     443      1     83      1     74      1      53     7.7070E+02  1.107E+11  1.301E-03  1.102E+01
     445      1     83      1     76      1      53     7.1393E+02  4.102E+10  1.000E-30  5.466E+00
     447      1     83      1     80      1      53     2.8272E+02  2.109E+10  5.224E-03  1.067E+01
     448      1     83      1     81      1      53     2.3723E+02  9.289E+09  1.000E-30  6.697E+00
     451      1     84      1     75      1      53     7.7945E+02  1.780E+11  1.000E-30  2.961E+01
     452      1     84      1     79      1      53     3.0001E+02  6.107E+10  1.000E-30  1.708E+01
     455      1     84      1     83      1      53     1.0851E+01  1.781E+06  1.000E-30  1.123E+01
     457      1     85      1     75      1      53     8.2063E+02  2.886E+11  3.850E-04  2.679E+01
     459      1     85      1     77      1      53     6.6185E+02  9.923E+09  1.000E-30  1.854E+00
     460      1     85      1     79      1      53     3.4119E+02  8.825E+10  3.072E-03  1.433E+01
     463      1     85      1     82      1      53     1.8630E+02  1.541E+09  1.000E-30  1.273E+00
     464      1     85      1     83      1      53     5.2031E+01  6.634E+08  1.160E-02  8.156E+00
     467      1     86      1     77      1      53     6.7729E+02  2.201E+12  1.968E-02  3.136E+00
     470      1     86      1     82      1      53     2.0174E+02  3.943E+10  3.498E-02  1.222E+00
     473      1     87      1     78      1      53     5.1236E+02  1.069E+12  3.057E-02  1.789E+00
     475      1     87      1     86      1      53     4.5782E+01  8.500E+07  9.518E-03  6.214E-01
     477      1     88      1     76      1      53     8.6948E+02  5.797E+11  1.347E-03  7.770E+00
     479      1     88      1     78      1      53     5.5466E+02  1.160E+09  1.000E-30  1.272E+00
     481      1     88      1     81      1      53     3.9278E+02  2.589E+11  1.337E-02  3.861E+00
     484      1     88      1     85      1      53     1.0351E+02  9.643E+09  5.868E-02  1.904E+00
     485      1     88      1     86      1      53     8.8076E+01  4.826E+07  1.000E-30  4.548E-01
     487      1     89      1     74      1      53     9.5869E+02  9.517E+10  8.245E-04  7.770E+00
     488      1     89      1     76      1      53     9.0192E+02  3.281E+10  1.000E-30  4.803E+00
     490      1     89      1     80      1      53     4.7071E+02  2.731E+10  2.133E-03  7.289E+00
     491      1     89      1     81      1      53     4.2522E+02  1.222E+10  1.000E-30  3.753E+00
     494      1     89      1     84      1      53     1.7714E+02  5.470E+09  8.265E-03  7.141E+00
     495      1     89      1     85      1      53     1.3596E+02  2.043E+09  1.000E-30  4.589E+00
     497      1     90      1     75      1      53     9.7022E+02  1.396E+11  1.000E-30  2.962E+01
     498      1     90      1     79      1      53     4.9078E+02  5.819E+10  1.000E-30  1.709E+01
     501      1     90      1     83      1      53     2.0163E+02  2.358E+10  1.000E-30  1.073E+01
     504      1     90      1     89      1      53     1.3639E+01  3.042E+06  1.000E-30  3.865E+00
     505      1     91      1     75      1      53     1.0099E+03  2.329E+11  1.613E-04  2.770E+01
     506      1     91      1     77      1      53     8.5110E+02  7.991E+09  1.000E-30  2.632E+00
     507      1     91      1     79      1      53     5.3043E+02  8.482E+10  7.372E-04  1.524E+01
     510      1     91      1     82      1      53     3.7555E+02  3.017E+09  1.000E-30  9.553E-01
     511      1     91      1     83      1      53     2.4127E+02  3.526E+10  5.633E-03  8.876E+00
     515      1     91      1     88      1      53     8.5729E+01  1.579E+08  1.000E-30  9.126E-01
     516      1     91      1     89      1      53     5.3287E+01  1.247E+09  3.140E-02  5.420E+00
     518      1     92      1     74      1      53     1.0879E+03  7.705E+10  5.899E-04  6.014E+00
     519      1     92      1     76      1      53     1.0312E+03  2.522E+10  1.000E-30  5.592E+00
     520      1     92      1     80      1      53     5.9995E+02  2.551E+10  1.322E-03  5.304E+00
     521      1     92      1     81      1      53     5.5446E+02  1.095E+10  1.000E-30  2.786E+00
     523      1     92      1     84      1      53     3.0638E+02  8.052E+09  3.269E-03  5.091E+00
     524      1     92      1     85      1      53     2.6520E+02  3.722E+09  1.000E-30  2.751E+00
     527      1     92      1     90      1      53     1.1560E+02  1.565E+09  1.221E-02  5.005E+00
     528      1     92      1     91      1      53     7.5952E+01  3.644E+08  1.000E-30  3.292E+00
     529      1     93      1     75      1      53     1.1014E+03  1.073E+11  1.000E-30  2.963E+01
     530      1     93      1     79      1      53     6.2192E+02  4.841E+10  1.000E-30  1.711E+01
     531      1     93      1     83      1      53     3.3276E+02  2.286E+10  1.000E-30  1.074E+01
     534      1     93      1     89      1      53     1.4478E+02  1.085E+10  1.000E-30  7.211E+00
     537      1     93      1     92      1      53     1.5538E+01  1.273E+07  1.000E-30  5.246E+00
     538      1     94      1     76      1      53     1.0597E+03  4.246E+11  5.096E-04  8.298E+00
     539      1     94      1     78      1      53     7.4491E+02  1.011E+09  1.000E-30  1.768E+00
     541      1     94      1     81      1      53     5.8303E+02  1.941E+11  2.668E-03  4.364E+00
     544      1     94      1     85      1      53     2.9377E+02  1.240E+11  2.524E-02  2.381E+00
     545      1     94      1     86      1      53     2.7833E+02  3.412E+08  1.000E-30  6.235E-01
     549      1     94      1     91      1      53     1.0453E+02  1.602E+10  1.571E-01  1.288E+00
     552      1     95      1     77      1      53     9.6122E+02  1.107E+12  2.861E-03  3.701E+00
     555      1     95      1     82      1      53     4.8567E+02  8.746E+11  3.892E-02  1.755E+00
     558      1     95      1     87      1      53     2.3815E+02  5.189E+08  1.000E-30  2.630E-01
     559      1     95      1     88      1      53     1.9586E+02  6.971E+10  1.156E-01  7.897E-01
     561      1     95      1     94      1      53     5.5996E+00  1.224E+04  1.807E-03  3.281E-01
     562      1     96      1     75      1      53     1.1409E+03  1.828E+11  8.592E-05  2.829E+01
     563      1     96      1     77      1      53     9.8211E+02  6.132E+09  1.000E-30  3.209E+00
     564      1     96      1     79      1      53     6.6145E+02  7.171E+10  3.105E-04  1.577E+01
     565      1     96      1     82      1      53     5.0657E+02  2.956E+09  1.000E-30  1.321E+00
     566      1     96      1     83      1      53     3.7229E+02  3.240E+10  1.321E-03  9.402E+00
     569      1     96      1     88      1      53     2.1675E+02  7.713E+08  1.000E-30  5.974E-01
     570      1     96      1     89      1      53     1.8430E+02  1.825E+10  9.899E-03  5.901E+00
     573      1     96      1     92      1      53     5.5065E+01  2.205E+09  7.606E-02  3.802E+00
     575      1     96      1     94      1      53     2.6491E+01  2.770E+06  1.000E-30  6.855E-01
     578      1     97      1     78      1      53     7.9354E+02  4.791E+11  2.910E-03  2.178E+00
     580      1     97      1     86      1      53     3.2696E+02  2.537E+11  5.202E-02  9.882E-01
     584      1     97      1     95      1      53     4.3029E+01  1.881E+08  4.068E-02  4.036E-01
     585      1     98      1     74      1      53     1.1808E+03  6.145E+10  4.372E-04  5.060E+00
     586      1     98      1     76      1      53     1.1240E+03  1.942E+10  1.000E-30  6.444E+00
     587      1     98      1     80      1      53     6.9278E+02  2.191E+10  9.509E-04  4.112E+00
     588      1     98      1     81      1      53     6.4729E+02  9.071E+09  1.000E-30  2.927E+00
     589      1     98      1     84      1      53     3.9921E+02  8.108E+09  1.986E-03  3.810E+00
     590      1     98      1     85      1      53     3.5803E+02  3.799E+09  1.000E-30  1.905E+00
     592      1     98      1     90      1      53     2.0843E+02  2.681E+09  4.752E-03  3.711E+00
     593      1     98      1     91      1      53     1.6878E+02  1.106E+09  1.000E-30  2.094E+00
     595      1     98      1     93      1      53     7.7294E+01  4.705E+08  1.693E-02  3.655E+00
     597      1     98      1     96      1      53     3.7767E+01  3.758E+07  1.000E-30  2.449E+00
     598      1     99      1     75      1      53     1.1956E+03  8.299E+10  1.000E-30  2.965E+01
     599      1     99      1     79      1      53     7.1611E+02  3.884E+10  1.000E-30  1.712E+01
     600      1     99      1     83      1      53     4.2696E+02  1.955E+10  1.000E-30  1.076E+01
     601      1     99      1     89      1      53     2.3897E+02  1.035E+10  1.000E-30  7.224E+00
     604      1     99      1     92      1      53     1.0973E+02  5.801E+09  1.000E-30  5.067E+00
     607      1     99      1     98      1      53     1.6897E+01  3.370E+07  1.000E-30  3.895E+00
     608      1    100      1     75      1      53     1.2357E+03  1.431E+11  5.221E-05  2.869E+01
     609      1    100      1     77      1      53     1.0769E+03  4.701E+09  1.000E-30  3.601E+00
     610      1    100      1     79      1      53     7.5626E+02  5.870E+10  1.658E-04  1.616E+01
     611      1    100      1     82      1      53     6.0138E+02  2.532E+09  1.000E-30  1.668E+00
     612      1    100      1     83      1      53     4.6710E+02  2.788E+10  5.518E-04  9.800E+00
     613      1    100      1     88      1      53     3.1156E+02  9.694E+08  1.000E-30  7.470E-01
     614      1    100      1     89      1      53     2.7912E+02  1.537E+10  2.240E-03  6.247E+00
     617      1    100      1     92      1      53     1.4988E+02  1.158E+10  1.690E-02  4.122E+00
     619      1    100      1     94      1      53     1.2130E+02  1.496E+08  1.000E-30  4.308E-01
     621      1    100      1     98      1      53     5.7044E+01  3.551E+09  1.669E-01  2.784E+00
     623      1    101      1     76      1      53     1.1918E+03  3.144E+11  2.569E-04  8.568E+00
     624      1    101      1     78      1      53     8.7698E+02  7.884E+08  1.000E-30  2.089E+00
     625      1    101      1     81      1      53     7.1510E+02  1.475E+11  1.023E-03  4.679E+00
     627      1    101      1     85      1      53     4.2583E+02  8.551E+10  4.905E-03  2.689E+00
     628      1    101      1     86      1      53     4.1039E+02  4.400E+08  1.000E-30  9.062E-01
     631      1    101      1     91      1      53     2.3659E+02  7.483E+10  4.524E-02  1.578E+00
     634      1    101      1     95      1      53     1.2646E+02  5.219E+07  1.000E-30  3.550E-01
     635      1    101      1     96      1      53     1.0557E+02  2.283E+10  3.660E-01  9.262E-01
     638      1    101      1    100      1      53     1.0760E+01  1.142E+05  2.058E-03  5.274E-01
     639      1    102      1     77      1      53     1.1469E+03  6.693E+11  9.334E-04  4.030E+00
     641      1    102      1     82      1      53     6.7131E+02  4.525E+11  6.153E-03  2.077E+00
     644      1    102      1     87      1      53     4.2378E+02  4.522E+08  1.000E-30  4.828E-01
     645      1    102      1     88      1      53     3.8149E+02  4.610E+11  7.086E-02  1.093E+00
     647      1    102      1     94      1      53     1.9123E+02  9.796E+10  3.021E-01  5.479E-01
     650      1    102      1     97      1      53     1.4260E+02  2.770E+08  1.000E-30  1.774E-01
     652      1    102      1    101      1      53     5.9168E+01  1.755E+07  2.727E-03  2.643E-01
     653      1    103      1     76      1      53     1.2875E+03  2.383E+11  1.498E-04  8.838E+00
     654      1    103      1     78      1      53     9.7272E+02  6.048E+08  1.000E-30  2.302E+00
     655      1    103      1     81      1      53     8.1083E+02  1.141E+11  5.192E-04  4.891E+00
     656      1    103      1     85      1      53     5.2157E+02  6.505E+10  1.881E-03  2.895E+00
     657      1    103      1     86      1      53     5.0613E+02  4.159E+08  1.000E-30  1.112E+00
     659      1    103      1     91      1      53     3.3233E+02  4.651E+10  8.530E-03  1.783E+00
     662      1    103      1     95      1      53     2.2220E+02  1.134E+08  1.000E-30  5.256E-01
     663      1    103      1     96      1      53     2.0131E+02  5.407E+10  7.846E-02  1.113E+00
     665      1    103      1    100      1      53     1.0650E+02  2.808E+10  7.664E-01  6.968E-01
     667      1    103      1    102      1      53     3.6571E+01  1.639E+06  1.000E-30  2.348E-01
     668      1    104      1     78      1      53     9.7661E+02  2.617E+11  7.714E-04  2.402E+00
     670      1    104      1     86      1      53     5.1003E+02  1.727E+11  7.186E-03  1.206E+00
     674      1    104      1     95      1      53     2.2610E+02  7.975E+10  8.288E-02  6.126E-01
     677      1    104      1    102      1      53     4.0464E+01  2.846E+08  1.155E-01  2.846E-01
     679      1    105      1     77      1      53     1.2750E+03  4.415E+11  4.266E-04  4.229E+00
     680      1    105      1     82      1      53     7.9944E+02  2.880E+11  2.101E-03  2.277E+00
     682      1    105      1     87      1      53     5.5191E+02  3.178E+08  1.000E-30  6.758E-01
     683      1    105      1     88      1      53     5.0962E+02  2.323E+11  1.176E-02  1.286E+00
     685      1    105      1     94      1      53     3.1936E+02  2.898E+11  1.202E-01  7.312E-01
     688      1    105      1     97      1      53     2.7073E+02  3.402E+08  1.000E-30  2.807E-01
     690      1    105      1    101      1      53     1.8730E+02  1.164E+11  6.687E-01  4.093E-01
     692      1    105      1    103      1      53     9.1560E+01  2.832E+07  1.392E-03  2.236E-01
     693      1    105      1    104      1      53     8.7667E+01  1.055E+08  1.000E-30  1.403E-01
     694      1    106      1     78      1      53     1.1024E+03  1.616E+11  3.128E-04  2.542E+00
     695      1    106      1     86      1      53     6.3583E+02  1.158E+11  2.209E-03  1.346E+00
     698      1    106      1     95      1      53     3.5190E+02  6.400E+10  1.311E-02  7.517E-01
     701      1    106      1    102      1      53     1.6626E+02  3.105E+10  1.257E-01  4.141E-01
     704      1    106      1    105      1      53     3.8133E+01  3.525E+08  2.560E-01  2.188E-01
     705      1    107      1     77      1      53     1.3672E+03  3.086E+11  2.342E-04  4.365E+00
     706      1    107      1     82      1      53     8.9170E+02  1.979E+11  9.808E-04  2.413E+00
     707      1    107      1     87      1      53     6.4417E+02  2.246E+08  1.000E-30  8.106E-01
     708      1    107      1     88      1      53     6.0188E+02  1.470E+11  4.033E-03  1.422E+00
     710      1    107      1     94      1      53     4.1162E+02  1.419E+11  2.044E-02  8.674E-01
     712      1    107      1     97      1      53     3.6299E+02  2.777E+08  1.000E-30  4.059E-01
     714      1    107      1    101      1      53     2.7956E+02  2.095E+11  1.901E-01  5.339E-01
     716      1    107      1    103      1      53     1.8382E+02  1.208E+11  1.268E+00  3.303E-01
     717      1    107      1    104      1      53     1.7993E+02  1.855E+08  1.000E-30  1.893E-01
     719      1    107      1    106      1      53     5.4126E+01  3.298E+07  1.000E-30  1.269E-01
     720      1    108      1     78      1      53     1.1926E+03  1.077E+11  1.591E-04  2.630E+00
     721      1    108      1     86      1      53     7.2599E+02  8.080E+10  9.666E-04  1.441E+00
     723      1    108      1     95      1      53     4.4206E+02  4.760E+10  4.337E-03  8.401E-01
     725      1    108      1    102      1      53     2.5642E+02  2.664E+10  2.115E-02  5.051E-01
     728      1    108      1    105      1      53     1.2829E+02  1.414E+10  1.801E-01  3.060E-01
     730      1    108      1    107      1      53     3.6034E+01  3.923E+08  4.682E-01  1.856E-01
     731      1    110      1    109      1      53     1.0325E+02  4.818E+08  1.000E-30  3.596E+02
     732      1    111      1    109      1      53     6.2828E+02  1.221E+11  9.058E-06  4.026E+02
     733      1    114      1    113      1      54     7.1415E+00  1.470E+03  1.000E-30  5.295E-04
     735      1    115      1    114      1      54     4.2027E+02  9.933E+09  1.727E-01  2.840E-02
     736      1    117      1    116      1      54     8.2284E+01  3.220E+07  1.987E+00  5.813E-03
     737      1    118      1    117      1      54     6.5579E+01  3.449E+07  2.440E-05  9.899E+01
     739      1    120      1    119      1      54     2.7707E+01  1.095E+06  4.622E+00  2.802E-03
     740      1    121      1    120      1      54     3.4184E+01  1.087E+07  1.523E-04  3.527E+01
     743      1    122      1    121      1      54     1.1729E+01  9.500E+04  6.947E-05  1.004E+01
     745      1    124      1    119      1      54     9.4819E+02  7.235E+11  1.608E-03  3.133E+01
     746      1    124      1    121      1      54     8.8629E+02  2.309E+11  1.000E-30  1.767E+01
     747      1    123      1    120      1      54     9.0352E+02  8.427E+11  1.000E-30  5.147E+01
     749      1    124      1    123      1      54     1.6956E+01  8.997E+05  1.125E+00  1.357E-02
     750      1    125      1    120      1      54     9.3511E+02  1.529E+12  8.599E-04  4.299E+01
     753      1    125      1    122      1      54     8.8920E+02  5.626E+10  1.000E-30  3.404E+00
     754      1    125      1    124      1      54     1.4632E+01  9.989E+05  2.820E-04  2.233E+01
     757      1    126      1    121      1      54     9.0719E+02  2.577E+12  2.739E-03  1.498E+01
     759      1    126      1    125      1      54     6.2624E+00  2.750E+04  2.565E-04  5.175E+00
     761      1    127      1    122      1      54     9.0472E+02  4.261E+12  7.187E-03  6.849E+00
     763      1    127      1    126      1      54     9.2648E+00  3.295E+04  1.723E-04  2.037E+00
     765      1    129      1    121      1      54     1.3816E+03  1.790E+11  1.000E-30  9.951E+00
     767      1    129      1    123      1      54     5.1224E+02  1.258E+11  3.073E-03  1.810E+01
     768      1    129      1    125      1      54     4.8065E+02  6.203E+10  1.000E-30  1.081E+01
     770      1    128      1    120      1      54     1.4063E+03  7.062E+11  1.000E-30  5.135E+01
     772      1    128      1    124      1      54     4.8585E+02  1.811E+11  1.000E-30  3.177E+01
     775      1    129      1    128      1      54     9.4325E+00  1.717E+05  1.362E+00  1.269E-02
     777      1    130      1    120      1      54     1.4246E+03  9.024E+11  1.708E-03  3.616E+00
     779      1    130      1    122      1      54     1.3787E+03  3.745E+10  1.000E-30  4.653E+00
     780      1    130      1    124      1      54     5.0408E+02  2.397E+11  1.378E-03  2.685E+01
     783      1    130      1    126      1      54     4.8319E+02  2.311E+10  1.000E-30  2.053E+00
     785      1    130      1    129      1      54     8.7978E+00  2.861E+05  6.407E-04  1.296E+01
     788      1    131      1    121      1      54     1.3942E+03  1.976E+12  5.122E-04  1.688E+01
     790      1    131      1    125      1      54     4.9329E+02  3.877E+11  5.216E-03  7.394E+00
     791      1    131      1    127      1      54     4.7777E+02  6.213E+09  1.000E-30  8.028E-01
     793      1    131      1    130      1      54     3.8408E+00  9.422E+03  6.563E-04  3.006E+00
     795      1    132      1    122      1      54     1.3904E+03  2.101E+12  8.241E-04  8.037E+00
     797      1    132      1    126      1      54     4.9497E+02  6.086E+11  1.291E-02  3.355E+00
     799      1    132      1    131      1      54     7.9348E+00  3.830E+04  5.483E-04  1.185E+00
     800      1    133      1    127      1      54     4.8686E+02  8.421E+11  2.626E-02  1.901E+00
     801      1    133      1    132      1      54     1.1594E+00  3.407E+01  2.411E-04  5.973E-01
     802      1    134      1    124      1      54     7.8763E+02  1.728E+11  1.000E-30  3.169E+01
     804      1    134      1    129      1      54     2.9235E+02  5.084E+10  1.000E-30  1.834E+01
     808      1    135      1    123      1      54     8.1021E+02  1.345E+11  1.308E-03  1.147E+01
     809      1    135      1    125      1      54     7.7862E+02  5.539E+10  1.000E-30  1.001E+01
     811      1    135      1    128      1      54     3.0740E+02  2.967E+10  5.361E-03  1.138E+01
     812      1    135      1    130      1      54     2.8917E+02  1.946E+10  1.000E-30  5.781E+00
     814      1    135      1    134      1      54     5.6221E+00  8.678E+04  9.640E-03  3.045E+00
     815      1    136      1    124      1      54     7.9909E+02  2.506E+11  3.063E-04  3.167E+01
     818      1    136      1    126      1      54     7.7820E+02  1.830E+10  1.000E-30  4.975E+00
     819      1    136      1    129      1      54     3.0380E+02  5.414E+10  2.087E-03  1.831E+01
     822      1    136      1    131      1      54     2.9116E+02  8.862E+09  1.000E-30  2.877E+00
     825      1    136      1    135      1      54     5.8334E+00  1.049E+05  1.271E-03  8.216E+00
     827      1    137      1    125      1      54     7.8707E+02  3.750E+11  9.105E-04  1.002E+01
     828      1    137      1    127      1      54     7.7154E+02  4.190E+09  1.000E-30  3.005E+00
     830      1    137      1    130      1      54     2.9761E+02  8.334E+10  6.526E-03  5.797E+00
     831      1    137      1    132      1      54     2.8584E+02  3.496E+09  1.000E-30  1.735E+00
     833      1    137      1    136      1      54     2.6080E+00  3.907E+03  1.386E-03  1.887E+00
     835      1    138      1    126      1      54     7.8806E+02  4.834E+11  1.682E-03  4.979E+00
     837      1    138      1    131      1      54     3.0103E+02  1.291E+11  1.420E-02  2.880E+00
     838      1    138      1    133      1      54     2.9194E+02  1.131E+09  1.000E-30  1.163E+00
     840      1    138      1    137      1      54     7.2571E+00  4.131E+04  1.225E-03  7.481E-01
     841      1    139      1    127      1      54     7.7953E+02  4.298E+11  1.991E-03  3.007E+00
     842      1    139      1    132      1      54     2.9383E+02  1.647E+11  2.554E-02  1.737E+00
     843      1    139      1    138      1      54     7.3047E-01  1.592E+01  7.131E-04  3.775E-01
     844      1    140      1    133      1      54     2.9317E+02  2.224E+11  4.356E-02  1.161E+00
     845      1    140      1    139      1      54     5.0455E-01  1.994E+00  3.798E-04  2.200E-01
     846      1    141      1    124      1      54     9.8280E+02  1.376E+11  1.000E-30  3.166E+01
     847      1    141      1    129      1      54     4.8751E+02  5.299E+10  1.000E-30  1.829E+01
     851      1    141      1    135      1      54     1.8954E+02  1.699E+10  1.000E-30  1.150E+01
     853      1    142      1    123      1      54     1.0032E+03  1.128E+11  8.595E-04  7.708E+00
     854      1    142      1    125      1      54     9.7165E+02  4.207E+10  1.000E-30  1.003E+01
     856      1    142      1    128      1      54     5.0043E+02  3.467E+10  2.140E-03  7.676E+00
     857      1    142      1    130      1      54     4.8220E+02  1.916E+10  1.000E-30  5.804E+00
     859      1    142      1    134      1      54     1.9865E+02  8.696E+09  8.771E-03  7.591E+00
     861      1    142      1    136      1      54     1.8719E+02  6.970E+09  1.000E-30  4.867E+00
     863      1    142      1    141      1      54     3.4847E+00  2.251E+04  1.692E-02  1.910E+00
     864      1    143      1    124      1      54     9.9046E+02  2.085E+11  1.339E-04  3.166E+01
     865      1    143      1    126      1      54     9.6956E+02  1.302E+10  1.000E-30  4.990E+00
     866      1    143      1    129      1      54     4.9517E+02  6.243E+10  5.556E-04  1.829E+01
     869      1    143      1    131      1      54     4.8253E+02  7.944E+09  1.000E-30  2.893E+00
     872      1    143      1    135      1      54     1.9720E+02  1.542E+10  4.220E-03  9.450E+00
     874      1    143      1    137      1      54     1.8876E+02  3.586E+09  1.000E-30  9.856E-01
     877      1    143      1    142      1      54     4.1712E+00  4.552E+04  2.272E-03  5.467E+00
     878      1    144      1    125      1      54     9.7774E+02  2.962E+11  3.742E-04  1.004E+01
     879      1    144      1    127      1      54     9.6221E+02  2.714E+09  1.000E-30  3.021E+00
     881      1    144      1    130      1      54     4.8829E+02  9.224E+10  1.619E-03  5.808E+00
     882      1    144      1    132      1      54     4.7651E+02  2.830E+09  1.000E-30  1.750E+00
     884      1    144      1    136      1      54     1.9328E+02  2.264E+10  1.486E-02  2.555E+00
     885      1    144      1    138      1      54     1.8342E+02  1.636E+09  1.000E-30  3.458E-01
     887      1    144      1    143      1      54     1.9160E+00  1.936E+03  2.576E-03  1.270E+00
     888      1    145      1    126      1      54     9.7835E+02  3.407E+11  6.174E-04  4.993E+00
     890      1    145      1    131      1      54     4.9132E+02  1.259E+11  3.116E-03  2.894E+00
     891      1    145      1    133      1      54     4.8223E+02  7.321E+08  1.000E-30  1.178E+00
     893      1    145      1    137      1      54     1.9755E+02  3.449E+10  3.490E-02  1.141E+00
     894      1    145      1    139      1      54     1.8956E+02  8.354E+08  1.000E-30  1.759E-01
     896      1    145      1    144      1      54     6.8766E+00  4.477E+04  2.297E-03  5.086E-01
     897      1    146      1    127      1      54     9.6958E+02  2.448E+11  5.860E-04  3.021E+00
     898      1    146      1    132      1      54     4.8388E+02  1.356E+11  4.525E-03  1.750E+00
     899      1    146      1    138      1      54     1.9078E+02  3.980E+10  6.446E-02  6.398E-01
     900      1    146      1    140      1      54     1.8955E+02  2.561E+08  1.000E-30  1.163E-01
     901      1    146      1    145      1      54     4.8959E-01  6.804E+00  1.458E-03  2.615E-01
     902      1    147      1    133      1      54     4.8306E+02  1.137E+11  4.648E-03  1.175E+00
     903      1    147      1    139      1      54     1.9039E+02  5.040E+10  1.115E-01  4.082E-01
     904      1    147      1    146      1      54     3.3818E-01  1.133E+00  1.022E-03  1.548E-01
     905      1    148      1    140      1      54     1.9013E+02  6.190E+10  1.818E-01  2.819E-01
     906      1    148      1    147      1      54     2.4746E-01  1.761E-01  5.340E-04  9.932E-02
     907      1    149      1    124      1      54     1.1162E+03  1.062E+11  1.000E-30  3.166E+01
     908      1    149      1    129      1      54     6.2092E+02  4.499E+10  1.000E-30  1.828E+01
     910      1    149      1    135      1      54     3.2295E+02  1.893E+10  1.000E-30  1.151E+01
     913      1    149      1    142      1      54     1.2992E+02  6.492E+09  1.000E-30  7.722E+00
     915      1    150      1    123      1      54     1.1354E+03  9.000E+10  6.703E-04  5.441E+00
     916      1    150      1    125      1      54     1.1038E+03  3.161E+10  1.000E-30  1.005E+01
     917      1    150      1    128      1      54     6.3256E+02  3.116E+10  1.351E-03  5.408E+00
     918      1    150      1    130      1      54     6.1433E+02  1.571E+10  1.000E-30  5.818E+00
     919      1    150      1    134      1      54     3.3078E+02  1.087E+10  3.317E-03  5.381E+00
     921      1    150      1    136      1      54     3.1933E+02  7.461E+09  1.000E-30  2.907E+00
     923      1    150      1    141      1      54     1.3562E+02  2.979E+09  1.349E-02  5.352E+00
     925      1    150      1    143      1      54     1.2796E+02  2.788E+09  1.000E-30  3.500E+00
     927      1    150      1    149      1      54     2.2069E+00  5.985E+03  2.895E-02  1.188E+00
     928      1    151      1    124      1      54     1.1216E+03  1.650E+11  7.301E-05  3.164E+01
     929      1    151      1    126      1      54     1.1007E+03  9.355E+09  1.000E-30  5.004E+00
     930      1    151      1    129      1      54     6.2630E+02  5.584E+10  2.456E-04  1.828E+01
     931      1    151      1    131      1      54     6.1366E+02  6.134E+09  1.000E-30  2.906E+00
     933      1    151      1    135      1      54     3.2833E+02  1.905E+10  1.060E-03  1.004E+01
     935      1    151      1    137      1      54     3.1989E+02  3.531E+09  1.000E-30  6.412E-01
     937      1    151      1    142      1      54     1.3530E+02  5.189E+09  6.654E-03  6.281E+00
     939      1    151      1    144      1      54     1.2921E+02  1.555E+09  1.000E-30  7.320E-01
     941      1    151      1    150      1      54     3.1681E+00  2.339E+04  3.817E-03  3.822E+00
     942      1    152      1    125      1      54     1.1084E+03  2.266E+11  1.962E-04  1.005E+01
     943      1    152      1    127      1      54     1.0929E+03  1.833E+09  1.000E-30  3.033E+00
     944      1    152      1    130      1      54     6.1900E+02  8.000E+10  6.872E-04  5.822E+00
     945      1    152      1    132      1      54     6.0722E+02  2.043E+09  1.000E-30  1.763E+00
     947      1    152      1    136      1      54     3.2399E+02  2.765E+10  3.348E-03  2.888E+00
     948      1    152      1    138      1      54     3.1413E+02  1.524E+09  1.000E-30  3.733E-01
     950      1    152      1    143      1      54     1.3263E+02  7.350E+09  2.279E-02  1.693E+00
     951      1    152      1    145      1      54     1.2383E+02  7.512E+08  1.000E-30  2.667E-01
     953      1    152      1    151      1      54     1.4980E+00  1.076E+03  4.204E-03  9.068E-01
     954      1    153      1    126      1      54     1.1088E+03  2.430E+11  3.016E-04  5.005E+00
     955      1    153      1    131      1      54     6.2180E+02  1.013E+11  1.229E-03  2.907E+00
     956      1    153      1    133      1      54     6.1271E+02  4.651E+08  1.000E-30  1.190E+00
     958      1    153      1    137      1      54     3.2803E+02  3.872E+10  6.944E-03  1.351E+00
     959      1    153      1    139      1      54     3.2004E+02  6.419E+08  1.000E-30  2.836E-01
     961      1    153      1    144      1      54     1.3736E+02  1.133E+10  5.252E-02  7.580E-01
     962      1    153      1    146      1      54     1.2999E+02  4.926E+08  1.000E-30  1.346E-01
     963      1    153      1    152      1      54     6.6466E+00  4.856E+04  3.775E-03  3.713E-01
     964      1    154      1    127      1      54     1.0999E+03  1.542E+11  2.517E-04  3.033E+00
     965      1    154      1    132      1      54     6.1421E+02  9.706E+10  1.568E-03  1.762E+00
     966      1    154      1    138      1      54     3.2112E+02  4.286E+10  1.101E-02  7.868E-01
     967      1    154      1    140      1      54     3.1988E+02  1.604E+08  1.000E-30  2.256E-01
     968      1    154      1    145      1      54     1.3082E+02  1.194E+10  9.323E-02  4.259E-01
     969      1    154      1    147      1      54     1.3000E+02  2.274E+08  1.000E-30  8.595E-02
     970      1    154      1    153      1      54     3.4390E-01  3.018E+00  2.495E-03  1.963E-01
     971      1    155      1    133      1      54     6.1329E+02  6.403E+10  1.262E-03  1.187E+00
     972      1    155      1    139      1      54     3.2062E+02  4.497E+10  1.453E-02  5.169E-01
     973      1    155      1    146      1      54     1.3057E+02  1.445E+10  1.551E-01  2.731E-01
     974      1    155      1    148      1      54     1.2999E+02  7.052E+07  1.000E-30  6.450E-02
     975      1    155      1    154      1      54     2.3759E-01  5.602E-01  1.871E-03  1.201E-01
     976      1    156      1    124      1      54     1.2114E+03  8.190E+10  1.000E-30  3.165E+01
     977      1    156      1    129      1      54     7.1613E+02  3.642E+10  1.000E-30  1.828E+01
     978      1    156      1    135      1      54     4.1816E+02  1.690E+10  1.000E-30  1.153E+01
     980      1    156      1    142      1      54     2.2513E+02  7.629E+09  1.000E-30  7.735E+00
     983      1    156      1    150      1      54     9.3002E+01  2.769E+09  1.000E-30  5.437E+00
     985      1    157      1    123      1      54     1.2298E+03  7.110E+10  5.670E-04  3.999E+00
     986      1    157      1    125      1      54     1.1982E+03  2.390E+10  1.000E-30  1.006E+01
     987      1    157      1    128      1      54     7.2695E+02  2.617E+10  1.019E-03  3.966E+00
     988      1    157      1    130      1      54     7.0872E+02  1.243E+10  1.000E-30  5.830E+00
     989      1    157      1    134      1      54     4.2517E+02  1.032E+10  2.021E-03  3.946E+00
     990      1    157      1    136      1      54     4.1371E+02  6.457E+09  1.000E-30  2.023E+00
     991      1    157      1    141      1      54     2.3000E+02  3.960E+09  4.934E-03  3.929E+00
     993      1    157      1    143      1      54     2.2235E+02  3.169E+09  1.000E-30  2.212E+00
     995      1    157      1    149      1      54     9.6594E+01  1.151E+09  1.991E-02  3.912E+00
     997      1    157      1    151      1      54     9.1219E+01  1.213E+09  1.000E-30  2.604E+00
     999      1    157      1    156      1      54     1.3856E+00  1.484E+03  4.860E-02  7.273E-01
    1000      1    158      1    124      1      54     1.2153E+03  1.294E+11  4.496E-05  3.166E+01
    1001      1    158      1    126      1      54     1.1944E+03  6.870E+09  1.000E-30  5.017E+00
    1002      1    158      1    129      1      54     7.2004E+02  4.665E+10  1.350E-04  1.828E+01
    1003      1    158      1    131      1      54     7.0740E+02  4.671E+09  1.000E-30  2.919E+00
    1004      1    158      1    135      1      54     4.2207E+02  1.801E+10  4.533E-04  1.044E+01
    1005      1    158      1    137      1      54     4.1363E+02  2.911E+09  1.000E-30  7.999E-01
    1007      1    158      1    142      1      54     2.2904E+02  6.783E+09  1.681E-03  6.646E+00
    1009      1    158      1    144      1      54     2.2296E+02  1.652E+09  1.000E-30  4.614E-01
    1011      1    158      1    150      1      54     9.6914E+01  1.996E+09  1.002E-02  4.386E+00
    1012      1    158      1    152      1      54     9.2248E+01  7.189E+08  1.000E-30  5.700E-01
    1014      1    158      1    157      1      54     2.5273E+00  1.373E+04  6.091E-03  2.784E+00
    1015      1    159      1    125      1      54     1.2019E+03  1.738E+11  1.179E-04  1.006E+01
    1016      1    159      1    127      1      54     1.1864E+03  1.291E+09  1.000E-30  3.047E+00
    1017      1    159      1    130      1      54     7.1248E+02  6.548E+10  3.678E-04  5.834E+00
    1018      1    159      1    132      1      54     7.0070E+02  1.477E+09  1.000E-30  1.776E+00
    1019      1    159      1    136      1      54     4.1747E+02  2.567E+10  1.348E-03  3.106E+00
    1020      1    159      1    138      1      54     4.0761E+02  1.197E+09  1.000E-30  5.541E-01
    1022      1    159      1    143      1      54     2.2610E+02  9.630E+09  5.228E-03  1.904E+00
    1023      1    159      1    145      1      54     2.1731E+02  7.900E+08  1.000E-30  2.412E-01
    1025      1    159      1    151      1      54     9.4977E+01  2.728E+09  3.331E-02  1.188E+00
    1026      1    159      1    153      1      54     8.6832E+01  3.491E+08  1.000E-30  2.193E-01
    1028      1    159      1    158      1      54     1.2307E+00  6.757E+02  6.386E-03  6.783E-01
    1029      1    160      1    126      1      54     1.2022E+03  1.779E+11  1.728E-04  5.017E+00
    1030      1    160      1    131      1      54     7.1513E+02  7.887E+10  6.260E-04  2.919E+00
    1031      1    160      1    133      1      54     7.0604E+02  3.124E+08  1.000E-30  1.202E+00
    1032      1    160      1    137      1      54     4.2136E+02  3.411E+10  2.595E-03  1.492E+00
    1033      1    160      1    139      1      54     4.1337E+02  4.509E+08  1.000E-30  4.141E-01
    1035      1    160      1    144      1      54     2.3069E+02  1.381E+10  1.085E-02  8.917E-01
    1036      1    160      1    146      1      54     2.2332E+02  4.249E+08  1.000E-30  1.824E-01
    1037      1    160      1    152      1      54     9.9979E+01  4.320E+09  7.544E-02  5.364E-01
    1038      1    160      1    154      1      54     9.2988E+01  2.768E+08  1.000E-30  1.166E-01
    1039      1    160      1    159      1      54     6.4994E+00  5.260E+04  5.637E-03  2.901E-01
    1040      1    161      1    127      1      54     1.1932E+03  1.040E+11  1.325E-04  3.044E+00
    1041      1    161      1    132      1      54     7.0745E+02  7.004E+10  7.352E-04  1.774E+00
    1042      1    161      1    138      1      54     4.1436E+02  3.569E+10  3.761E-03  8.818E-01
    1043      1    161      1    140      1      54     4.1312E+02  9.978E+07  1.000E-30  3.212E-01
    1044      1    161      1    145      1      54     2.2406E+02  1.503E+10  1.724E-02  5.228E-01
    1045      1    161      1    147      1      54     2.2323E+02  1.684E+08  1.000E-30  1.482E-01
    1046      1    161      1    153      1      54     9.3583E+01  4.080E+09  1.259E-01  3.067E-01
    1047      1    161      1    155      1      54     9.3001E+01  1.534E+08  1.000E-30  7.618E-02
    1048      1    161      1    160      1      54     2.5061E-01  1.401E+00  3.633E-03  1.613E-01
    1049      1    162      1    133      1      54     7.0646E+02  4.017E+10  5.127E-04  1.198E+00
    1050      1    162      1    139      1      54     4.1380E+02  3.250E+10  4.198E-03  5.913E-01
    1051      1    162      1    146      1      54     2.2375E+02  1.685E+10  2.417E-02  3.462E-01
    1052      1    162      1    148      1      54     2.2316E+02  4.258E+07  1.000E-30  1.234E-01
    1053      1    162      1    154      1      54     9.3412E+01  4.804E+09  2.014E-01  2.009E-01
    1054      1    162      1    161      1      54     1.7317E-01  2.770E-01  2.716E-03  1.046E-01
    1381      1    165      1    164      1       1     1.0199E+01  2.582E+05  8.139E-03  8.172E-02
    1384      1    167      1    164      1       1     1.0199E+01  5.124E+05  1.628E-02  8.173E-02
    1387      1    169      1    164      1       1     1.2088E+01  3.473E+04  2.385E-03  1.745E-01
    1389      1    169      1    166      1       1     1.8887E+00  7.294E+02  1.237E-03  2.331E-01
    1392      1    168      1    165      1       1     1.8887E+00  2.284E+01  1.642E-05  5.449E-01
    1394      1    168      1    167      1       1     1.8886E+00  4.568E+01  3.283E-05  5.449E-01
    1396      1    170      1    165      1       1     1.8887E+00  1.167E+03  1.284E-03  3.561E-01
    1398      1    170      1    167      1       1     1.8887E+00  2.331E+03  2.567E-03  3.561E-01
    1399      1    172      1    164      1       1     1.2749E+01  3.968E+02  5.205E-04  2.926E-01
    1401      1    172      1    166      1       1     2.5497E+00  1.127E+01  3.986E-05  1.929E+00
    1404      1    172      1    168      1       1     6.6104E-01  9.267E-01  3.276E-06  1.865E+00
    1405      1    172      1    170      1       1     6.6103E-01  1.050E-01  4.204E-07  1.677E+00
    1407      1    171      1    165      1       1     2.5497E+00  3.343E-01  1.439E-06  1.578E+00
    1409      1    171      1    167      1       1     2.5497E+00  6.685E-01  2.878E-06  1.578E+00
    1410      1    171      1    169      1       1     6.6103E-01  1.851E-01  6.409E-07  1.920E+00
    1414      1    173      1    165      1       1     2.5497E+00  1.339E+01  7.423E-05  1.224E+00
    1416      1    173      1    167      1       1     2.5497E+00  2.682E+01  1.487E-04  1.224E+00
    1417      1    173      1    169      1       1     6.6104E-01  3.551E+00  1.506E-05  1.567E+00
    1425      1    174      1    170      1       1     6.6103E-01  9.753E+00  5.735E-05  1.139E+00
    1426      1    176      1    164      1       1     1.3054E+01  9.369E+00  1.543E-04  4.796E-01
    1428      1    176      1    166      1       1     2.8557E+00  2.955E-01  9.924E-06  3.590E+00
    1430      1    176      1    168      1       1     9.6701E-01  3.311E-02  8.427E-07  3.972E+00
    1431      1    176      1    170      1       1     9.6699E-01  3.018E-03  8.129E-08  3.783E+00
    1433      1    176      1    171      1       1     3.0597E-01  4.707E-03  4.341E-08  5.004E+00
    1434      1    176      1    173      1       1     3.0596E-01  1.203E-03  1.196E-08  4.650E+00
    1437      1    175      1    165      1       1     2.8557E+00  8.503E-03  2.733E-07  3.755E+00
    1439      1    175      1    167      1       1     2.8556E+00  1.701E-02  5.467E-07  3.755E+00
    1440      1    175      1    169      1       1     9.6700E-01  6.082E-03  1.508E-07  4.098E+00
    1443      1    175      1    172      1       1     3.0596E-01  1.372E-03  1.249E-08  5.074E+00
    1447      1    177      1    165      1       1     2.8557E+00  3.130E-01  1.181E-05  3.189E+00
    1449      1    177      1    167      1       1     2.8557E+00  6.251E-01  2.359E-05  3.189E+00
    1450      1    177      1    169      1       1     9.6700E-01  1.141E-01  3.271E-06  3.531E+00
    1453      1    177      1    172      1       1     3.0597E-01  1.587E-02  1.622E-07  4.508E+00
    1456      1    177      1    174      1       1     3.0596E-01  5.387E-04  6.263E-09  3.971E+00
    1461      1    178      1    170      1       1     9.6699E-01  2.150E-01  7.542E-06  2.892E+00
    1463      1    178      1    173      1       1     3.0596E-01  3.872E-02  4.737E-07  3.758E+00
    1469      1    179      1    174      1       1     3.0596E-01  8.239E-02  1.335E-06  2.833E+00
    1470      1    181      1    164      1       1     1.3221E+01  4.096E-01  6.233E-05  6.692E-01
    1472      1    181      1    166      1       1     3.0219E+00  1.354E-02  2.621E-06  7.462E+00
    1473      1    181      1    168      1       1     1.1332E+00  1.697E-03  2.343E-07  7.844E+00
    1474      1    181      1    170      1       1     1.1332E+00  1.391E-04  1.980E-08  7.655E+00
    1476      1    181      1    171      1       1     4.7217E-01  3.301E-04  9.586E-09  8.876E+00
    1477      1    181      1    173      1       1     4.7216E-01  6.977E-05  2.113E-09  8.522E+00
    1480      1    181      1    175      1       1     1.6620E-01  6.345E-05  5.458E-10  1.105E+01
    1481      1    181      1    177      1       1     1.6620E-01  2.500E-05  2.274E-10  1.049E+01
    1484      1    180      1    165      1       1     3.0219E+00  3.868E-04  7.259E-08  7.714E+00
    1486      1    180      1    167      1       1     3.0218E+00  7.723E-04  1.449E-07  7.714E+00
    1487      1    180      1    169      1       1     1.1332E+00  2.995E-04  4.045E-08  8.056E+00
    1488      1    180      1    172      1       1     4.7217E-01  8.795E-05  2.516E-09  9.033E+00
    1491      1    180      1    176      1       1     1.6620E-01  2.326E-05  1.992E-10  1.114E+01
    1495      1    182      1    165      1       1     3.0219E+00  1.359E-02  2.837E-06  6.888E+00
    1497      1    182      1    167      1       1     3.0219E+00  2.724E-02  5.689E-06  6.888E+00
    1498      1    182      1    169      1       1     1.1332E+00  5.583E-03  8.346E-07  7.230E+00
    1499      1    182      1    172      1       1     4.7217E-01  1.070E-03  3.346E-08  8.207E+00
    1502      1    182      1    174      1       1     4.7216E-01  2.658E-05  8.913E-10  7.670E+00
    1503      1    182      1    176      1       1     1.6620E-01  1.961E-04  1.802E-09  1.031E+01
    1506      1    182      1    178      1       1     1.6620E-01  1.705E-05  1.723E-10  9.422E+00
    1509      1    183      1    170      1       1     1.1332E+00  8.987E-03  1.531E-06  6.331E+00
    1511      1    183      1    173      1       1     4.7216E-01  2.243E-03  7.962E-08  7.198E+00
    1513      1    183      1    177      1       1     1.6620E-01  4.444E-04  4.580E-09  9.162E+00
    1514      1    183      1    179      1       1     1.6620E-01  6.989E-06  8.270E-11  8.024E+00
    1517      1    184      1    174      1       1     4.7216E-01  3.096E-03  1.327E-07  5.926E+00
    1519      1    184      1    178      1       1     1.6620E-01  8.824E-04  1.081E-08  7.678E+00
    1521      1    185      1    179      1       1     1.6620E-01  1.614E-03  2.531E-08  5.971E+00
    1523      1    186      1    165      1       1     3.1221E+00  2.609E-05  2.378E-08  1.423E+01
    1524      1    186      1    167      1       1     3.1221E+00  5.217E-05  4.756E-08  1.423E+01
    1525      1    186      1    169      1       1     1.2334E+00  2.112E-05  1.321E-08  1.458E+01
    1526      1    186      1    172      1       1     5.7238E-01  6.799E-06  7.293E-10  1.555E+01
    1527      1    186      1    176      1       1     2.6642E-01  2.357E-06  4.677E-11  1.766E+01
    1530      1    186      1    181      1       1     1.0021E-01  6.925E-07  5.887E-12  2.153E+01
    1533      1    187      1    164      1       1     1.3321E+01  2.711E-02  2.829E-05  9.109E-01
    1534      1    187      1    166      1       1     3.1221E+00  9.215E-04  8.579E-07  1.388E+01
    1535      1    187      1    168      1       1     1.2334E+00  1.226E-04  7.786E-08  1.426E+01
    1536      1    187      1    170      1       1     1.2334E+00  9.417E-06  6.094E-09  1.407E+01
    1537      1    187      1    171      1       1     5.7238E-01  2.665E-05  2.894E-09  1.529E+01
    1538      1    187      1    173      1       1     5.7238E-01  5.075E-06  5.648E-10  1.494E+01
    1540      1    187      1    175      1       1     2.6642E-01  6.988E-06  1.394E-10  1.747E+01
    1541      1    187      1    177      1       1     2.6642E-01  2.322E-06  4.802E-11  1.690E+01
    1544      1    187      1    180      1       1     1.0022E-01  1.615E-06  1.371E-11  2.143E+01
    1545      1    187      1    182      1       1     1.0021E-01  8.423E-07  7.483E-12  2.060E+01
    1548      1    188      1    165      1       1     3.1221E+00  8.997E-04  8.803E-07  1.310E+01
    1549      1    188      1    167      1       1     3.1221E+00  1.799E-03  1.761E-06  1.310E+01
    1550      1    188      1    169      1       1     1.2334E+00  3.923E-04  2.628E-07  1.344E+01
    1551      1    188      1    172      1       1     5.7238E-01  8.450E-05  9.659E-09  1.442E+01
    1552      1    188      1    174      1       1     5.7238E-01  1.779E-06  2.116E-10  1.388E+01
    1553      1    188      1    176      1       1     2.6642E-01  2.141E-05  4.483E-10  1.653E+01
    1556      1    188      1    178      1       1     2.6642E-01  1.409E-06  3.135E-11  1.563E+01
    1558      1    188      1    181      1       1     1.0022E-01  4.724E-06  4.188E-11  2.040E+01
    1561      1    188      1    183      1       1     1.0021E-01  6.993E-07  6.697E-12  1.907E+01
    1564      1    189      1    170      1       1     1.2334E+00  5.828E-04  4.255E-07  1.224E+01
    1565      1    189      1    173      1       1     5.7238E-01  1.645E-04  2.048E-08  1.310E+01
    1567      1    189      1    177      1       1     2.6642E-01  4.527E-05  1.030E-09  1.507E+01
    1568      1    189      1    179      1       1     2.6642E-01  4.839E-07  1.198E-11  1.393E+01
    1570      1    189      1    182      1       1     1.0021E-01  1.018E-05  9.741E-11  1.877E+01
    1571      1    189      1    184      1       1     1.0021E-01  4.359E-07  4.656E-12  1.702E+01
    1573      1    190      1    174      1       1     5.7238E-01  1.885E-04  2.659E-08  1.142E+01
    1575      1    190      1    178      1       1     2.6642E-01  7.467E-05  1.923E-09  1.317E+01
    1577      1    190      1    183      1       1     1.0021E-01  1.926E-05  2.066E-10  1.661E+01
    1578      1    190      1    185      1       1     1.0021E-01  1.715E-07  2.128E-12  1.456E+01
    1580      1    191      1    179      1       1     2.6642E-01  8.593E-05  2.630E-09  1.096E+01
    1581      1    191      1    184      1       1     1.0021E-01  3.374E-05  4.246E-10  1.405E+01
    1583      1    192      1    185      1       1     1.0021E-01  5.644E-05  8.830E-10  1.122E+01
    1585      1    193      1    165      1       1     3.1872E+00  2.325E-06  8.937E-09  2.423E+01
    1586      1    193      1    167      1       1     3.1871E+00  4.650E-06  1.787E-08  2.423E+01
    1587      1    193      1    169      1       1     1.2985E+00  1.921E-06  4.665E-09  2.458E+01
    1588      1    193      1    172      1       1     6.3742E-01  6.474E-07  2.337E-10  2.555E+01
    1589      1    193      1    176      1       1     3.3146E-01  2.466E-07  1.239E-11  2.766E+01
    1590      1    193      1    181      1       1     1.6526E-01  9.597E-08  9.488E-13  3.153E+01
    1596      1    194      1    164      1       1     1.3386E+01  2.388E-03  7.089E-07  2.368E+01
    1597      1    194      1    166      1       1     3.1871E+00  8.281E-05  3.223E-07  2.376E+01
    1598      1    194      1    168      1       1     1.2985E+00  1.131E-05  2.769E-08  2.414E+01
    1599      1    194      1    170      1       1     1.2985E+00  8.396E-07  2.083E-09  2.395E+01
    1600      1    194      1    171      1       1     6.3743E-01  2.619E-06  9.526E-10  2.517E+01
    1601      1    194      1    173      1       1     6.3742E-01  4.662E-07  1.722E-10  2.482E+01
    1602      1    194      1    175      1       1     3.3146E-01  7.673E-07  3.866E-11  2.735E+01
    1603      1    194      1    177      1       1     3.3146E-01  2.326E-07  1.200E-11  2.678E+01
    1605      1    194      1    180      1       1     1.6526E-01  2.416E-07  2.383E-12  3.131E+01
    1606      1    194      1    182      1       1     1.6526E-01  1.088E-07  1.109E-12  3.048E+01
    1613      1    195      1    165      1       1     3.1872E+00  7.964E-05  3.194E-07  2.275E+01
    1614      1    195      1    167      1       1     3.1871E+00  1.593E-04  6.388E-07  2.275E+01
    1615      1    195      1    169      1       1     1.2985E+00  3.585E-05  9.076E-08  2.309E+01
    1616      1    195      1    172      1       1     6.3742E-01  8.212E-06  3.084E-09  2.407E+01
    1617      1    195      1    174      1       1     6.3742E-01  1.559E-07  6.000E-11  2.353E+01
    1618      1    195      1    176      1       1     3.3146E-01  2.341E-06  1.217E-10  2.617E+01
    1619      1    195      1    178      1       1     3.3146E-01  1.319E-07  7.133E-12  2.528E+01
    1620      1    195      1    181      1       1     1.6526E-01  7.134E-07  7.250E-12  3.004E+01
    1626      1    195      1    187      1       1     6.5044E-02  1.792E-07  3.288E-25  3.646E+01
    1631      1    196      1    170      1       1     1.2985E+00  5.101E-05  1.362E-07  2.153E+01
    1632      1    196      1    173      1       1     6.3742E-01  1.534E-05  6.075E-09  2.240E+01
    1633      1    196      1    177      1       1     3.3146E-01  4.761E-06  2.614E-10  2.436E+01
    1636      1    196      1    182      1       1     1.6526E-01  1.485E-06  1.592E-11  2.806E+01
    1639      1    196      1    188      1       1     6.5043E-02  3.736E-07  1.716E-24  3.427E+01
    1642      1    197      1    174      1       1     6.3742E-01  1.593E-05  6.819E-09  2.024E+01
    1643      1    197      1    178      1       1     3.3146E-01  7.132E-06  4.245E-10  2.199E+01
    1645      1    197      1    183      1       1     1.6526E-01  2.566E-06  2.979E-11  2.543E+01
    1648      1    197      1    189      1       1     6.5043E-02  6.832E-07  1.000E-30  3.134E+01
    1651      1    198      1    179      1       1     3.3146E-01  6.686E-06  4.453E-10  1.919E+01
    1652      1    198      1    184      1       1     1.6526E-01  3.680E-06  4.780E-11  2.228E+01
    1653      1    198      1    190      1       1     6.5043E-02  1.172E-06  1.000E-30  2.778E+01
    1656      1    199      1    185      1       1     1.6526E-01  3.775E-06  5.706E-11  1.874E+01
    1657      1    199      1    191      1       1     6.5043E-02  1.909E-06  1.000E-30  2.372E+01
    1659      1    200      1    192      1       1     6.5043E-02  3.016E-06  1.000E-30  1.935E+01
    1661      1    201      1    165      1       1     3.2317E+00  2.400E-07  3.796E-09  3.877E+01
    1662      1    201      1    167      1       1     3.2317E+00  4.801E-07  7.591E-09  3.877E+01
    1663      1    201      1    169      1       1     1.3431E+00  2.011E-07  1.903E-09  3.912E+01
    1673      1    202      1    164      1       1     1.3431E+01  2.453E-04  3.062E-07  3.809E+01
    1674      1    202      1    166      1       1     3.2317E+00  8.628E-06  1.370E-07  3.817E+01
    1675      1    202      1    168      1       1     1.3431E+00  1.210E-06  1.146E-08  3.855E+01
    1677      1    202      1    171      1       1     6.8202E-01  2.877E-07  3.714E-10  3.958E+01
    1679      1    202      1    175      1       1     3.7606E-01  8.941E-08  1.381E-11  4.176E+01
    1692      1    203      1    165      1       1     3.2317E+00  8.250E-06  1.327E-07  3.689E+01
    1693      1    203      1    167      1       1     3.2317E+00  1.650E-05  2.653E-07  3.689E+01
    1694      1    203      1    169      1       1     1.3431E+00  3.789E-06  3.643E-08  3.723E+01
    1695      1    203      1    172      1       1     6.8202E-01  9.002E-07  1.178E-09  3.821E+01
    1697      1    203      1    176      1       1     3.7605E-01  2.727E-07  4.273E-11  4.031E+01
    1699      1    203      1    181      1       1     2.0985E-01  9.360E-08  2.141E-12  4.418E+01
    1710      1    204      1    170      1       1     1.3430E+00  5.286E-06  5.215E-08  3.527E+01
    1711      1    204      1    173      1       1     6.8202E-01  1.648E-06  2.212E-09  3.614E+01
    1712      1    204      1    177      1       1     3.7605E-01  5.449E-07  8.770E-11  3.810E+01
    1714      1    204      1    182      1       1     2.0985E-01  1.925E-07  4.529E-12  4.180E+01
    1723      1    205      1    174      1       1     6.8201E-01  1.630E-06  2.274E-09  3.345E+01
    1724      1    205      1    178      1       1     3.7605E-01  7.768E-07  1.304E-10  3.520E+01
    1725      1    205      1    183      1       1     2.0985E-01  3.165E-07  7.788E-12  3.864E+01
    1728      1    205      1    189      1       1     1.0964E-01  1.178E-07  1.000E-30  4.454E+01
    1734      1    206      1    179      1       1     3.7605E-01  6.525E-07  1.165E-10  3.172E+01
    1735      1    206      1    184      1       1     2.0985E-01  4.071E-07  1.069E-11  3.482E+01
    1736      1    206      1    190      1       1     1.0964E-01  1.817E-07  1.000E-30  4.031E+01
    1741      1    207      1    185      1       1     2.0985E-01  3.360E-07  9.662E-12  3.047E+01
    1742      1    207      1    191      1       1     1.0964E-01  2.381E-07  1.000E-30  3.546E+01
    1743      1    207      1    198      1       1     4.4593E-02  9.064E-08  1.000E-30  4.369E+01
    1752      1    209      1    170      1       1     1.3809E+00  5.858E-07  2.273E-08  5.466E+01
    1753      1    209      1    173      1       1     7.1991E-01  1.905E-07  9.372E-10  5.553E+01
    1775      1    211      1    164      1       1     1.3469E+01  2.643E-05  1.459E-07  5.823E+01
    1776      1    211      1    166      1       1     3.2697E+00  9.370E-07  6.415E-08  5.831E+01
    1777      1    211      1    168      1       1     1.3810E+00  1.341E-07  5.233E-09  5.869E+01
    1796      1    212      1    165      1       1     3.2697E+00  8.985E-07  6.114E-08  5.673E+01
    1797      1    212      1    167      1       1     3.2697E+00  1.797E-06  1.223E-07  5.673E+01
    1798      1    212      1    169      1       1     1.3810E+00  4.232E-07  1.646E-08  5.707E+01
    1799      1    212      1    172      1       1     7.2001E-01  1.042E-07  5.144E-10  5.805E+01
    1829      1    214      1    174      1       1     7.2002E-01  1.834E-07  9.024E-10  5.224E+01
    1830      1    214      1    178      1       1     4.1406E-01  9.328E-08  4.958E-11  5.399E+01
