#  File format type:   4
#
#  SPECT3D transition powers file.
#  RUN NAME:  xe_20-200ev_1e18-1e21_4mm
#  Total number of transitions   =     1890
#  Number of written transitions =      812
#  Plasma temperature (eV)       =     1.6000E+02
#  Mass density (g/cm3)          =     1.1216E-04
#  Cell areal density (g/cm2)    =     4.4865E-05
#  Material mass fractions       =     1.0000E+00
#  DCA material number fractions =     1.3000E-02    9.8700E-01
# -----------------------------------------------------
#
#
#   Trans.  Trans  Upper  Upper  Lower  Lower   Ioniz   Energy     Line Power Line Center Line Width
#   Index   Model  Level  Model  Level  Model   Stage   (eV)       (W/cm2)    Opt. Depth      eV
# --------------------------------------------------------------------------------------------------
       1      1      3      1      2      1      52     1.1982E+02  4.339E+07  2.859E-11  1.020E-02
       2      1      4      1      2      1      52     4.9234E+02  1.119E+10  7.294E-02  4.207E-02
       4      1      6      1      5      1      52     1.0651E+02  1.651E+08  1.029E-04  7.871E+01
       6      1      7      1      6      1      52     6.8034E+01  2.165E+07  1.434E-05  9.466E+01
       7      1      9      1      8      1      52     3.8672E+01  9.619E+06  3.432E-04  2.871E+01
       9      1     10      1      9      1      52     3.4641E+01  6.194E+06  9.392E-05  3.134E+01
      11      1     11      1     10      1      52     9.4480E+00  2.154E+04  3.551E-05  8.524E+00
      13      1     12      1      9      1      52     8.3242E+02  3.564E+11  1.000E-30  4.474E+01
      14      1     13      1      8      1      52     8.9349E+02  2.832E+11  8.639E-04  2.725E+01
      16      1     13      1     10      1      52     8.2018E+02  9.431E+10  1.000E-30  1.545E+01
      17      1     13      1     12      1      52     2.2396E+01  2.728E+06  8.703E-04  1.654E+01
      19      1     14      1      9      1      52     8.6975E+02  6.051E+11  4.844E-04  3.750E+01
      21      1     14      1     11      1      52     8.2566E+02  2.250E+10  1.000E-30  2.936E+00
      23      1     14      1     13      1      52     1.4925E+01  5.806E+05  1.708E-04  2.020E+01
      25      1     15      1     10      1      52     8.3968E+02  1.022E+12  1.596E-03  1.284E+01
      28      1     15      1     14      1      52     4.5752E+00  4.247E+03  1.202E-04  4.372E+00
      30      1     16      1     11      1      52     8.3260E+02  1.661E+12  4.147E-03  5.897E+00
      32      1     16      1     15      1      52     2.3647E+00  1.770E+02  6.524E-05  1.739E+00
      34      1     17      1      9      1      52     1.3019E+03  2.991E+11  1.000E-30  4.465E+01
      36      1     17      1     13      1      52     4.4709E+02  7.580E+10  1.000E-30  2.760E+01
      38      1     18      1      8      1      52     1.3534E+03  2.680E+11  4.033E-04  1.588E+01
      40      1     18      1     10      1      52     1.2800E+03  7.306E+10  1.000E-30  8.572E+00
      41      1     18      1     12      1      52     4.8226E+02  4.883E+10  1.641E-03  1.575E+01
      43      1     18      1     14      1      52     4.4493E+02  2.531E+10  1.000E-30  9.470E+00
      45      1     18      1     17      1      52     1.2770E+01  6.088E+05  1.853E-03  9.367E+00
      47      1     19      1      9      1      52     1.3234E+03  5.435E+11  1.146E-04  4.043E+01
      49      1     19      1     11      1      52     1.2793E+03  1.487E+10  1.000E-30  4.038E+00
      51      1     19      1     13      1      52     4.6860E+02  9.456E+10  7.771E-04  2.338E+01
      53      1     19      1     15      1      52     4.4910E+02  9.244E+09  1.000E-30  1.763E+00
      56      1     19      1     18      1      52     8.7378E+00  1.509E+05  3.826E-04  1.168E+01
      58      1     20      1     10      1      52     1.2912E+03  7.842E+11  2.983E-04  1.447E+01
      61      1     20      1     14      1      52     4.5609E+02  1.538E+11  3.043E-03  6.331E+00
      63      1     20      1     16      1      52     4.4915E+02  2.603E+09  1.000E-30  6.989E-01
      65      1     20      1     19      1      52     2.4178E+00  8.087E+02  2.701E-04  2.511E+00
      67      1     21      1     11      1      52     1.2829E+03  8.240E+11  4.778E-04  6.914E+00
      69      1     21      1     15      1      52     4.5271E+02  2.335E+11  7.471E-03  2.884E+00
      72      1     21      1     20      1      52     1.2002E+00  3.914E+01  1.910E-04  1.004E+00
      75      1     22      1     16      1      52     4.5135E+02  3.407E+11  1.524E-02  1.638E+00
      77      1     22      1     21      1      52     1.0028E+00  1.029E+01  1.316E-04  5.109E-01
      79      1     23      1     13      1      52     7.2854E+02  7.267E+10  1.000E-30  2.756E+01
      81      1     23      1     18      1      52     2.6868E+02  2.129E+10  1.000E-30  1.592E+01
      83      1     24      1     12      1      52     7.5883E+02  5.245E+10  7.160E-04  9.941E+00
      85      1     24      1     14      1      52     7.2151E+02  2.256E+10  1.000E-30  5.052E+00
      86      1     24      1     17      1      52     2.8935E+02  1.156E+10  2.864E-03  9.902E+00
      88      1     24      1     19      1      52     2.6784E+02  7.962E+09  1.000E-30  6.192E+00
      90      1     24      1     23      1      52     7.9016E+00  1.667E+05  3.475E-03  5.782E+00
      92      1     25      1     13      1      52     7.4204E+02  9.921E+10  1.928E-04  2.487E+01
      94      1     25      1     15      1      52     7.2254E+02  7.290E+09  1.000E-30  1.732E+00
      96      1     25      1     18      1      52     2.8218E+02  2.127E+10  1.408E-03  1.330E+01
      98      1     25      1     20      1      52     2.7102E+02  3.569E+09  1.000E-30  1.185E+00
     101      1     25      1     24      1      52     5.5989E+00  4.842E+04  7.456E-04  7.313E+00
     103      1     26      1     14      1      52     7.2843E+02  1.484E+11  6.334E-04  7.188E+00
     105      1     26      1     16      1      52     7.2149E+02  1.713E+09  1.000E-30  1.177E+00
     107      1     26      1     19      1      52     2.7476E+02  3.276E+10  5.309E-03  3.554E+00
     109      1     26      1     21      1      52     2.7114E+02  1.520E+09  1.000E-30  4.266E-01
     112      1     26      1     25      1      52     1.3194E+00  1.577E+02  5.115E-04  1.592E+00
     114      1     27      1     15      1      52     7.2446E+02  1.859E+11  1.217E-03  3.406E+00
     117      1     27      1     20      1      52     2.7295E+02  4.694E+10  1.236E-02  1.610E+00
     119      1     27      1     22      1      52     2.7075E+02  4.491E+08  1.000E-30  2.355E-01
     121      1     27      1     26      1      52     6.0740E-01  6.860E+00  4.090E-04  6.340E-01
     123      1     28      1     16      1      52     7.2273E+02  1.718E+11  1.498E-03  2.005E+00
     125      1     28      1     21      1      52     2.7238E+02  6.595E+10  2.437E-02  9.136E-01
     128      1     28      1     27      1      52     6.3240E-01  4.830E+00  3.924E-04  3.206E-01
     129      1     29      1     13      1      52     9.1039E+02  5.779E+10  1.000E-30  2.751E+01
     131      1     29      1     18      1      52     4.5053E+02  2.213E+10  1.000E-30  1.588E+01
     134      1     29      1     24      1      52     1.7396E+02  7.048E+09  1.000E-30  1.002E+01
     136      1     30      1     12      1      52     9.3797E+02  4.415E+10  4.739E-04  6.690E+00
     137      1     30      1     14      1      52     9.0065E+02  1.715E+10  1.000E-30  4.427E+00
     138      1     30      1     17      1      52     4.6848E+02  1.347E+10  1.169E-03  6.650E+00
     140      1     30      1     19      1      52     4.4698E+02  7.838E+09  1.000E-30  3.472E+00
     142      1     30      1     23      1      52     1.8704E+02  3.400E+09  4.670E-03  6.625E+00
     144      1     30      1     25      1      52     1.7354E+02  2.849E+09  1.000E-30  4.259E+00
     146      1     30      1     29      1      52     5.1810E+00  5.273E+04  6.020E-03  3.765E+00
     147      1     31      1     13      1      52     9.1941E+02  8.273E+10  8.174E-05  2.572E+01
     148      1     31      1     15      1      52     8.9991E+02  5.176E+09  1.000E-30  2.453E+00
     150      1     31      1     18      1      52     4.5956E+02  2.470E+10  3.553E-04  1.415E+01
     152      1     31      1     20      1      52     4.4840E+02  3.180E+09  1.000E-30  8.999E-01
     155      1     31      1     24      1      52     1.8298E+02  6.028E+09  2.368E-03  8.227E+00
     157      1     31      1     26      1      52     1.7606E+02  1.457E+09  1.000E-30  8.392E-01
     160      1     31      1     30      1      52     3.8407E+00  1.863E+04  1.322E-03  4.919E+00
     161      1     32      1     14      1      52     9.0519E+02  1.175E+11  2.453E-04  7.652E+00
     162      1     32      1     16      1      52     8.9825E+02  1.105E+09  1.000E-30  1.641E+00
     164      1     32      1     19      1      52     4.5152E+02  3.641E+10  1.166E-03  4.025E+00
     166      1     32      1     21      1      52     4.4790E+02  1.185E+09  1.000E-30  5.872E-01
     169      1     32      1     25      1      52     1.7808E+02  8.889E+09  8.647E-03  2.185E+00
     171      1     32      1     27      1      52     1.7615E+02  7.480E+08  1.000E-30  2.959E-01
     174      1     32      1     31      1      52     7.0280E-01  2.761E+01  8.779E-04  1.075E+00
     175      1     33      1     15      1      52     9.0089E+02  1.323E+11  4.121E-04  3.716E+00
     177      1     33      1     20      1      52     4.4938E+02  4.763E+10  2.336E-03  1.907E+00
     179      1     33      1     22      1      52     4.4717E+02  2.905E+08  1.000E-30  4.429E-01
     181      1     33      1     26      1      52     1.7704E+02  1.233E+10  1.973E-02  9.811E-01
     183      1     33      1     28      1      52     1.7580E+02  3.331E+08  1.000E-30  1.511E-01
     185      1     33      1     32      1      52     2.7490E-01  8.100E-01  7.701E-04  4.292E-01
     186      1     34      1     16      1      52     8.9895E+02  9.770E+10  4.006E-04  2.211E+00
     188      1     34      1     21      1      52     4.4860E+02  5.407E+10  3.534E-03  1.120E+00
     191      1     34      1     27      1      52     1.7685E+02  1.642E+10  3.751E-02  5.498E-01
     194      1     34      1     33      1      52     4.2420E-01  2.076E+00  8.226E-04  2.178E-01
     195      1     35      1     13      1      52     1.0346E+03  4.458E+10  1.000E-30  2.753E+01
     196      1     35      1     18      1      52     5.7478E+02  1.879E+10  1.000E-30  1.589E+01
     198      1     35      1     24      1      52     2.9820E+02  7.894E+09  1.000E-30  9.968E+00
     201      1     35      1     30      1      52     1.1906E+02  2.695E+09  1.000E-30  6.686E+00
     203      1     36      1     12      1      52     1.0606E+03  3.527E+10  3.691E-04  4.747E+00
     204      1     36      1     14      1      52     1.0233E+03  1.287E+10  1.000E-30  5.164E+00
     205      1     36      1     17      1      52     5.9109E+02  1.215E+10  7.409E-04  4.708E+00
     206      1     36      1     19      1      52     5.6958E+02  6.403E+09  1.000E-30  2.562E+00
     207      1     36      1     23      1      52     3.0964E+02  4.244E+09  1.815E-03  4.676E+00
     209      1     36      1     25      1      52     2.9614E+02  3.048E+09  1.000E-30  2.542E+00
     211      1     36      1     29      1      52     1.2779E+02  1.168E+09  7.218E-03  4.643E+00
     213      1     36      1     31      1      52     1.1877E+02  1.145E+09  1.000E-30  3.053E+00
     215      1     36      1     35      1      52     3.5433E+00  1.852E+04  9.687E-03  2.583E+00
     216      1     37      1     13      1      52     1.0410E+03  6.566E+10  4.381E-05  2.624E+01
     217      1     37      1     15      1      52     1.0215E+03  3.718E+09  1.000E-30  2.984E+00
     218      1     37      1     18      1      52     5.8110E+02  2.209E+10  1.516E-04  1.467E+01
     219      1     37      1     20      1      52     5.6995E+02  2.450E+09  1.000E-30  1.239E+00
     221      1     37      1     24      1      52     3.0452E+02  7.510E+09  6.006E-04  8.751E+00
     223      1     37      1     26      1      52     2.9760E+02  1.422E+09  1.000E-30  5.507E-01
     226      1     37      1     30      1      52     1.2539E+02  2.029E+09  3.730E-03  5.469E+00
     228      1     37      1     32      1      52     1.2084E+02  6.389E+08  1.000E-30  6.203E-01
     231      1     37      1     36      1      52     2.7803E+00  8.310E+03  2.212E-03  3.461E+00
     232      1     38      1     14      1      52     1.0264E+03  8.991E+10  1.244E-04  7.920E+00
     233      1     38      1     16      1      52     1.0194E+03  7.438E+08  1.000E-30  1.935E+00
     234      1     38      1     19      1      52     5.7269E+02  3.165E+10  4.625E-04  4.318E+00
     235      1     38      1     21      1      52     5.6908E+02  8.407E+08  1.000E-30  8.500E-01
     237      1     38      1     25      1      52     2.9925E+02  1.091E+10  1.956E-03  2.472E+00
     239      1     38      1     27      1      52     2.9733E+02  6.576E+08  1.000E-30  3.230E-01
     242      1     38      1     31      1      52     1.2188E+02  2.872E+09  1.333E-02  1.439E+00
     244      1     38      1     33      1      52     1.2090E+02  3.665E+08  1.000E-30  2.236E-01
     247      1     38      1     37      1      52     3.3030E-01  3.334E+00  1.438E-03  7.640E-01
     248      1     39      1     15      1      52     1.0219E+03  9.455E+10  1.923E-04  3.900E+00
     249      1     39      1     20      1      52     5.7035E+02  3.869E+10  8.451E-04  2.091E+00
     250      1     39      1     22      1      52     5.6815E+02  1.845E+08  1.000E-30  6.208E-01
     252      1     39      1     26      1      52     2.9801E+02  1.432E+10  3.969E-03  1.159E+00
     254      1     39      1     28      1      52     2.9677E+02  2.541E+08  1.000E-30  2.470E-01
     256      1     39      1     32      1      52     1.2125E+02  3.832E+09  2.950E-02  6.437E-01
     258      1     39      1     34      1      52     1.2055E+02  1.958E+08  1.000E-30  1.105E-01
     260      1     39      1     38      1      52     7.3900E-02  1.885E-02  1.631E-03  2.426E-01
     261      1     40      1     16      1      52     1.0198E+03  6.157E+10  1.632E-04  2.344E+00
     262      1     40      1     21      1      52     5.6945E+02  3.874E+10  1.110E-03  1.247E+00
     264      1     40      1     27      1      52     2.9770E+02  1.719E+10  6.402E-03  6.768E-01
     267      1     40      1     33      1      52     1.2127E+02  4.986E+09  5.506E-02  3.609E-01
     270      1     40      1     39      1      52     2.9800E-01  9.170E-01  1.439E-03  1.582E-01
     271      1     41      1     13      1      52     1.1233E+03  3.441E+10  1.000E-30  2.754E+01
     272      1     41      1     18      1      52     6.6340E+02  1.525E+10  1.000E-30  1.590E+01
     273      1     41      1     24      1      52     3.8682E+02  7.027E+09  1.000E-30  9.978E+00
     275      1     41      1     30      1      52     2.0768E+02  3.158E+09  1.000E-30  6.696E+00
     278      1     41      1     36      1      52     8.5076E+01  1.137E+09  1.000E-30  4.707E+00
     280      1     42      1     12      1      52     1.1482E+03  2.783E+10  3.118E-04  3.495E+00
     281      1     42      1     14      1      52     1.1108E+03  9.752E+09  1.000E-30  5.949E+00
     282      1     42      1     17      1      52     6.7867E+02  1.022E+10  5.610E-04  3.455E+00
     283      1     42      1     19      1      52     6.5716E+02  5.061E+09  1.000E-30  2.694E+00
     284      1     42      1     23      1      52     3.9722E+02  4.020E+09  1.109E-03  3.430E+00
     285      1     42      1     25      1      52     3.8372E+02  2.636E+09  1.000E-30  1.751E+00
     286      1     42      1     29      1      52     2.1536E+02  1.546E+09  2.698E-03  3.410E+00
     288      1     42      1     31      1      52     2.0634E+02  1.299E+09  1.000E-30  1.929E+00
     290      1     42      1     35      1      52     9.1119E+01  4.549E+08  1.068E-02  3.388E+00
     292      1     42      1     37      1      52     8.4795E+01  5.042E+08  1.000E-30  2.266E+00
     294      1     42      1     41      1      52     2.4992E+00  7.049E+03  1.436E-02  1.903E+00
     295      1     43      1     13      1      52     1.1279E+03  5.154E+10  2.664E-05  2.664E+01
     296      1     43      1     15      1      52     1.1084E+03  2.732E+09  1.000E-30  3.346E+00
     297      1     43      1     18      1      52     6.6800E+02  1.849E+10  8.168E-05  1.500E+01
     298      1     43      1     20      1      52     6.5684E+02  1.859E+09  1.000E-30  1.556E+00
     299      1     43      1     24      1      52     3.9142E+02  7.101E+09  2.575E-04  9.082E+00
     300      1     43      1     26      1      52     3.8450E+02  1.167E+09  1.000E-30  6.881E-01
     302      1     43      1     30      1      52     2.1228E+02  2.655E+09  9.481E-04  5.787E+00
     304      1     43      1     32      1      52     2.0774E+02  6.680E+08  1.000E-30  3.886E-01
     307      1     43      1     36      1      52     8.9678E+01  7.745E+08  5.612E-03  3.811E+00
     309      1     43      1     38      1      52     8.6568E+01  2.996E+08  1.000E-30  4.752E-01
     312      1     43      1     42      1      52     2.1031E+00  4.163E+03  3.505E-03  2.531E+00
     313      1     44      1     15      1      52     1.1084E+03  6.958E+10  1.075E-04  4.025E+00
     314      1     44      1     20      1      52     6.5688E+02  3.031E+10  4.098E-04  2.210E+00
     315      1     44      1     22      1      52     6.5468E+02  1.236E+08  1.000E-30  7.399E-01
     316      1     44      1     26      1      52     3.8454E+02  1.273E+10  1.479E-03  1.284E+00
     317      1     44      1     28      1      52     3.8330E+02  1.791E+08  1.000E-30  3.590E-01
     319      1     44      1     32      1      52     2.0778E+02  4.926E+09  6.148E-03  7.634E-01
     321      1     44      1     34      1      52     2.0708E+02  1.688E+08  1.000E-30  1.527E-01
     323      1     44      1     38      1      52     8.6605E+01  1.373E+09  4.231E-02  4.488E-01
     325      1     44      1     40      1      52     8.6233E+01  1.099E+08  1.000E-30  8.942E-02
     327      1     45      1     14      1      52     1.1130E+03  6.907E+10  7.310E-05  8.122E+00
     328      1     45      1     16      1      52     1.1061E+03  5.208E+08  1.000E-30  2.130E+00
     329      1     45      1     19      1      52     6.5935E+02  2.594E+10  2.379E-04  4.507E+00
     330      1     45      1     21      1      52     6.5574E+02  6.079E+08  1.000E-30  1.039E+00
     331      1     45      1     25      1      52     3.8591E+02  1.012E+10  7.849E-04  2.661E+00
     332      1     45      1     27      1      52     3.8399E+02  5.044E+08  1.000E-30  4.782E-01
     334      1     45      1     31      1      52     2.0854E+02  3.777E+09  3.054E-03  1.622E+00
     336      1     45      1     33      1      52     2.0756E+02  3.537E+08  1.000E-30  2.026E-01
     339      1     45      1     37      1      52     8.6990E+01  1.058E+09  1.952E-02  1.004E+00
     341      1     45      1     39      1      52     8.6586E+01  1.855E+08  1.000E-30  1.774E-01
     344      1     45      1     43      1      52     9.2200E-02  8.228E-02  3.353E-03  3.722E-01
     345      1     45      1     44      1      52     5.4600E-02  1.143E-02  1.000E-30  1.068E-01
     346      1     46      1     16      1      52     1.1062E+03  4.145E+10  8.298E-05  2.430E+00
     347      1     46      1     21      1      52     6.5590E+02  2.796E+10  4.898E-04  1.333E+00
     348      1     46      1     27      1      52     3.8415E+02  1.424E+10  2.168E-03  7.650E-01
     350      1     46      1     33      1      52     2.0772E+02  6.049E+09  1.016E-02  4.439E-01
     353      1     46      1     39      1      52     8.6749E+01  1.736E+09  7.654E-02  2.534E-01
     355      1     46      1     44      1      52     2.1720E-01  4.266E-01  2.232E-03  1.232E-01
     357      1     48      1     47      1      52     3.1750E+02  1.272E+09  7.039E-05  1.840E+02
     358      1     49      1     48      1      52     3.6284E+02  6.896E+09  3.870E-06  2.762E+02
     359      1     51      1     50      1      52     7.7750E-01  1.808E+01  3.294E-05  1.384E+02
     360      1     52      1     51      1      52     6.6689E+02  1.070E+11  1.000E-30  4.204E+02
     361      1     54      1     53      1      52     3.0082E+01  6.410E+06  1.000E-30  1.845E+02
     362      1     55      1     53      1      52     1.0120E+02  1.322E+08  9.356E-05  8.075E+01
     363      1     56      1     54      1      52     1.0442E+02  1.483E+08  1.038E-04  7.434E+01
     364      1     56      1     55      1      52     3.3297E+01  8.632E+06  1.000E-30  1.922E+02
     365      1     57      1     55      1      52     9.2670E+01  7.386E+07  1.653E-05  1.109E+02
     367      1     58      1     56      1      52     9.3608E+01  7.653E+07  1.732E-05  1.064E+02
     368      1     58      1     57      1      52     3.4235E+01  9.369E+06  1.000E-30  1.948E+02
     369      1     61      1     60      1      53     7.7081E+01  5.129E+06  7.292E-12  6.564E-03
     370      1     62      1     60      1      53     8.3045E+01  7.715E+06  1.000E-30  7.070E-03
     373      1     63      1     61      1      53     8.0094E+00  1.337E+01  1.000E-30  7.010E-04
     375      1     64      1     60      1      53     4.6515E+02  8.905E+09  4.700E-02  3.971E-02
     378      1     65      1     60      1      53     5.0090E+02  3.623E+09  2.885E-12  4.272E-02
     380      1     65      1     63      1      53     4.1581E+02  3.840E+09  1.019E-01  3.551E-02
     381      1     67      1     66      1      53     9.2071E+01  8.870E+07  1.175E-04  5.729E+01
     383      1     68      1     67      1      53     2.1266E+02  1.162E+09  2.240E-05  3.995E+01
     385      1     69      1     67      1      53     2.3259E+02  8.956E+08  1.000E-30  2.161E+01
     386      1     71      1     70      1      53     1.8245E+01  5.892E+05  4.485E-04  1.282E+01
     388      1     72      1     71      1      53     7.1086E+01  1.051E+08  1.692E-04  3.416E+01
     390      1     73      1     72      1      53     1.1156E+02  4.041E+08  3.425E-04  1.007E+01
     392      1     74      1     71      1      53     8.8734E+02  4.241E+11  1.000E-30  4.808E+01
     393      1     75      1     70      1      53     9.0769E+02  3.031E+11  8.113E-04  2.962E+01
     395      1     75      1     72      1      53     8.1835E+02  8.862E+10  1.000E-30  1.674E+01
     396      1     75      1     74      1      53     2.1014E+00  1.241E+03  1.675E-03  4.740E+00
     398      1     76      1     71      1      53     9.4411E+02  8.173E+11  4.734E-04  4.052E+01
     400      1     76      1     73      1      53     7.6146E+02  1.566E+10  1.000E-30  3.169E+00
     402      1     76      1     75      1      53     5.4666E+01  9.776E+07  5.209E-04  2.270E+01
     404      1     77      1     72      1      53     9.7713E+02  1.802E+12  1.652E-03  1.388E+01
     407      1     77      1     76      1      53     1.0411E+02  1.088E+09  2.204E-03  5.196E+00
     409      1     78      1     73      1      53     1.0763E+03  4.468E+12  4.757E-03  6.408E+00
     411      1     78      1     77      1      53     2.1071E+02  7.920E+09  3.397E-03  2.119E+00
     412      1     79      1     70      1      53     1.3871E+03  2.935E+11  3.632E-04  1.794E+01
     414      1     79      1     72      1      53     1.2978E+03  7.331E+10  1.000E-30  9.343E+00
     415      1     79      1     74      1      53     4.8154E+02  4.893E+10  1.527E-03  1.703E+01
     417      1     79      1     76      1      53     4.2478E+02  1.993E+10  1.000E-30  1.024E+01
     420      1     80      1     71      1      53     1.3753E+03  3.461E+11  1.000E-30  4.805E+01
     422      1     80      1     75      1      53     4.8588E+02  9.825E+10  1.000E-30  2.966E+01
     424      1     80      1     79      1      53     6.4349E+00  1.267E+05  1.000E-30  1.648E+01
     426      1     81      1     71      1      53     1.4208E+03  6.964E+11  1.097E-04  4.370E+01
     428      1     81      1     73      1      53     1.2382E+03  1.260E+10  1.000E-30  4.344E+00
     430      1     81      1     75      1      53     5.3137E+02  1.521E+11  7.938E-04  2.524E+01
     432      1     81      1     77      1      53     3.7259E+02  4.235E+09  1.000E-30  1.912E+00
     434      1     81      1     79      1      53     5.1923E+01  1.743E+08  1.891E-03  1.303E+01
     438      1     82      1     76      1      53     5.7966E+02  3.843E+11  3.421E-03  6.859E+00
     440      1     82      1     78      1      53     2.6484E+02  3.039E+08  1.000E-30  7.533E-01
     442      1     82      1     81      1      53     1.0296E+02  2.495E+09  9.136E-03  3.006E+00
     443      1     83      1     74      1      53     7.7070E+02  5.537E+10  6.501E-04  1.103E+01
     445      1     83      1     76      1      53     7.1393E+02  2.051E+10  1.000E-30  5.476E+00
     447      1     83      1     80      1      53     2.8272E+02  1.060E+10  2.612E-03  1.067E+01
     448      1     83      1     81      1      53     2.3723E+02  4.644E+09  1.000E-30  6.697E+00
     451      1     84      1     75      1      53     7.7945E+02  8.899E+10  1.000E-30  2.962E+01
     452      1     84      1     79      1      53     3.0001E+02  3.054E+10  1.000E-30  1.708E+01
     455      1     84      1     83      1      53     1.0851E+01  8.903E+05  1.000E-30  1.122E+01
     457      1     85      1     75      1      53     8.2063E+02  1.443E+11  1.924E-04  2.680E+01
     459      1     85      1     77      1      53     6.6185E+02  4.962E+09  1.000E-30  1.862E+00
     460      1     85      1     79      1      53     3.4119E+02  4.419E+10  1.536E-03  1.433E+01
     463      1     85      1     82      1      53     1.8630E+02  7.704E+08  1.000E-30  1.272E+00
     464      1     85      1     83      1      53     5.2031E+01  3.345E+08  5.803E-03  8.151E+00
     467      1     86      1     77      1      53     6.7729E+02  1.116E+12  9.809E-03  3.146E+00
     470      1     86      1     82      1      53     2.0174E+02  2.020E+10  1.747E-02  1.223E+00
     473      1     87      1     78      1      53     5.1236E+02  5.461E+11  1.522E-02  1.797E+00
     475      1     87      1     86      1      53     4.5782E+01  4.289E+07  4.769E-03  6.203E-01
     477      1     88      1     76      1      53     8.6948E+02  2.900E+11  6.725E-04  7.782E+00
     479      1     88      1     78      1      53     5.5466E+02  5.802E+08  1.000E-30  1.279E+00
     481      1     88      1     81      1      53     3.9278E+02  1.307E+11  6.681E-03  3.864E+00
     484      1     88      1     85      1      53     1.0351E+02  5.013E+09  2.939E-02  1.901E+00
     485      1     88      1     86      1      53     8.8076E+01  2.413E+07  1.000E-30  4.527E-01
     487      1     89      1     74      1      53     9.5869E+02  4.763E+10  4.116E-04  7.781E+00
     488      1     89      1     76      1      53     9.0192E+02  1.640E+10  1.000E-30  4.813E+00
     490      1     89      1     80      1      53     4.7071E+02  1.367E+10  1.066E-03  7.291E+00
     491      1     89      1     81      1      53     4.2522E+02  6.109E+09  1.000E-30  3.754E+00
     494      1     89      1     84      1      53     1.7714E+02  2.757E+09  4.135E-03  7.137E+00
     495      1     89      1     85      1      53     1.3596E+02  1.022E+09  1.000E-30  4.584E+00
     497      1     90      1     75      1      53     9.7022E+02  6.980E+10  1.000E-30  2.963E+01
     498      1     90      1     79      1      53     4.9078E+02  2.910E+10  1.000E-30  1.710E+01
     501      1     90      1     83      1      53     2.0163E+02  1.179E+10  1.000E-30  1.073E+01
     504      1     90      1     89      1      53     1.3639E+01  1.521E+06  1.000E-30  3.856E+00
     505      1     91      1     75      1      53     1.0099E+03  1.165E+11  8.060E-05  2.771E+01
     506      1     91      1     77      1      53     8.5110E+02  3.995E+09  1.000E-30  2.642E+00
     507      1     91      1     79      1      53     5.3043E+02  4.244E+10  3.685E-04  1.524E+01
     510      1     91      1     82      1      53     3.7555E+02  1.509E+09  1.000E-30  9.559E-01
     511      1     91      1     83      1      53     2.4127E+02  1.773E+10  2.817E-03  8.873E+00
     515      1     91      1     88      1      53     8.5729E+01  7.897E+07  1.000E-30  9.068E-01
     516      1     91      1     89      1      53     5.3287E+01  6.371E+08  1.573E-02  5.411E+00
     518      1     92      1     74      1      53     1.0879E+03  3.855E+10  2.944E-04  6.025E+00
     519      1     92      1     76      1      53     1.0312E+03  1.261E+10  1.000E-30  5.601E+00
     520      1     92      1     80      1      53     5.9995E+02  1.276E+10  6.606E-04  5.305E+00
     521      1     92      1     81      1      53     5.5446E+02  5.473E+09  1.000E-30  2.786E+00
     523      1     92      1     84      1      53     3.0638E+02  4.032E+09  1.636E-03  5.086E+00
     524      1     92      1     85      1      53     2.6520E+02  1.861E+09  1.000E-30  2.745E+00
     527      1     92      1     90      1      53     1.1560E+02  7.894E+08  6.118E-03  4.994E+00
     528      1     92      1     91      1      53     7.5952E+01  1.822E+08  1.000E-30  3.281E+00
     529      1     93      1     75      1      53     1.1014E+03  5.366E+10  1.000E-30  2.965E+01
     530      1     93      1     79      1      53     6.2192E+02  2.420E+10  1.000E-30  1.711E+01
     531      1     93      1     83      1      53     3.3276E+02  1.143E+10  1.000E-30  1.074E+01
     534      1     93      1     89      1      53     1.4478E+02  5.425E+09  1.000E-30  7.201E+00
     537      1     93      1     92      1      53     1.5538E+01  6.364E+06  1.000E-30  5.231E+00
     538      1     94      1     76      1      53     1.0597E+03  2.123E+11  2.544E-04  8.312E+00
     539      1     94      1     78      1      53     7.4491E+02  5.053E+08  1.000E-30  1.776E+00
     541      1     94      1     81      1      53     5.8303E+02  9.719E+10  1.332E-03  4.368E+00
     544      1     94      1     85      1      53     2.9377E+02  6.309E+10  1.263E-02  2.379E+00
     545      1     94      1     86      1      53     2.7833E+02  1.706E+08  1.000E-30  6.229E-01
     549      1     94      1     91      1      53     1.0453E+02  8.763E+09  7.899E-02  1.281E+00
     552      1     95      1     77      1      53     9.6122E+02  5.545E+11  1.425E-03  3.715E+00
     555      1     95      1     82      1      53     4.8567E+02  4.492E+11  1.940E-02  1.760E+00
     558      1     95      1     87      1      53     2.3815E+02  2.595E+08  1.000E-30  2.641E-01
     559      1     95      1     88      1      53     1.9586E+02  3.739E+10  5.792E-02  7.884E-01
     561      1     95      1     94      1      53     5.5996E+00  6.127E+03  9.166E-04  3.214E-01
     562      1     96      1     75      1      53     1.1409E+03  9.138E+10  4.294E-05  2.830E+01
     563      1     96      1     77      1      53     9.8211E+02  3.066E+09  1.000E-30  3.218E+00
     564      1     96      1     79      1      53     6.6145E+02  3.586E+10  1.552E-04  1.577E+01
     565      1     96      1     82      1      53     5.0657E+02  1.478E+09  1.000E-30  1.321E+00
     566      1     96      1     83      1      53     3.7229E+02  1.621E+10  6.606E-04  9.398E+00
     569      1     96      1     88      1      53     2.1675E+02  3.857E+08  1.000E-30  5.908E-01
     570      1     96      1     89      1      53     1.8430E+02  9.211E+09  4.957E-03  5.891E+00
     573      1     96      1     92      1      53     5.5065E+01  1.158E+09  3.818E-02  3.787E+00
     575      1     96      1     94      1      53     2.6491E+01  1.385E+06  1.000E-30  6.736E-01
     578      1     97      1     78      1      53     7.9354E+02  2.399E+11  1.447E-03  2.189E+00
     580      1     97      1     86      1      53     3.2696E+02  1.314E+11  2.594E-02  9.910E-01
     584      1     97      1     95      1      53     4.3029E+01  9.667E+07  2.054E-02  4.002E-01
     585      1     98      1     74      1      53     1.1808E+03  3.072E+10  2.182E-04  5.068E+00
     586      1     98      1     76      1      53     1.1240E+03  9.709E+09  1.000E-30  6.451E+00
     587      1     98      1     80      1      53     6.9278E+02  1.097E+10  4.756E-04  4.110E+00
     588      1     98      1     81      1      53     6.4729E+02  4.536E+09  1.000E-30  2.925E+00
     589      1     98      1     84      1      53     3.9921E+02  4.058E+09  9.952E-04  3.802E+00
     590      1     98      1     85      1      53     3.5803E+02  1.900E+09  1.000E-30  1.896E+00
     592      1     98      1     90      1      53     2.0843E+02  1.344E+09  2.384E-03  3.697E+00
     593      1     98      1     91      1      53     1.6878E+02  5.531E+08  1.000E-30  2.080E+00
     595      1     98      1     93      1      53     7.7294E+01  2.381E+08  8.508E-03  3.636E+00
     597      1     98      1     96      1      53     3.7767E+01  1.879E+07  1.000E-30  2.429E+00
     598      1     99      1     75      1      53     1.1956E+03  4.149E+10  1.000E-30  2.966E+01
     599      1     99      1     79      1      53     7.1611E+02  1.942E+10  1.000E-30  1.712E+01
     600      1     99      1     83      1      53     4.2696E+02  9.773E+09  1.000E-30  1.075E+01
     601      1     99      1     89      1      53     2.3897E+02  5.175E+09  1.000E-30  7.211E+00
     604      1     99      1     92      1      53     1.0973E+02  2.900E+09  1.000E-30  5.049E+00
     607      1     99      1     98      1      53     1.6897E+01  1.685E+07  1.000E-30  3.871E+00
     608      1    100      1     75      1      53     1.2357E+03  7.155E+10  2.610E-05  2.870E+01
     609      1    100      1     77      1      53     1.0769E+03  2.351E+09  1.000E-30  3.607E+00
     610      1    100      1     79      1      53     7.5626E+02  2.935E+10  8.292E-05  1.616E+01
     611      1    100      1     82      1      53     6.0138E+02  1.266E+09  1.000E-30  1.665E+00
     612      1    100      1     83      1      53     4.6710E+02  1.395E+10  2.761E-04  9.793E+00
     613      1    100      1     88      1      53     3.1156E+02  4.847E+08  1.000E-30  7.379E-01
     614      1    100      1     89      1      53     2.7912E+02  7.694E+09  1.122E-03  6.235E+00
     617      1    100      1     92      1      53     1.4988E+02  5.862E+09  8.484E-03  4.105E+00
     619      1    100      1     94      1      53     1.2130E+02  7.481E+07  1.000E-30  4.164E-01
     621      1    100      1     98      1      53     5.7044E+01  1.950E+09  8.416E-02  2.760E+00
     623      1    101      1     76      1      53     1.1918E+03  1.572E+11  1.283E-04  8.581E+00
     624      1    101      1     78      1      53     8.7698E+02  3.942E+08  1.000E-30  2.097E+00
     625      1    101      1     81      1      53     7.1510E+02  7.381E+10  5.112E-04  4.682E+00
     627      1    101      1     85      1      53     4.2583E+02  4.286E+10  2.455E-03  2.687E+00
     628      1    101      1     86      1      53     4.1039E+02  2.200E+08  1.000E-30  9.050E-01
     631      1    101      1     91      1      53     2.3659E+02  3.858E+10  2.274E-02  1.569E+00
     634      1    101      1     95      1      53     1.2646E+02  2.609E+07  1.000E-30  3.475E-01
     635      1    101      1     96      1      53     1.0557E+02  1.342E+10  1.857E-01  9.128E-01
     638      1    101      1    100      1      53     1.0760E+01  5.717E+04  1.072E-03  5.081E-01
     639      1    102      1     77      1      53     1.1469E+03  3.350E+11  4.649E-04  4.045E+00
     641      1    102      1     82      1      53     6.7131E+02  2.276E+11  3.067E-03  2.084E+00
     644      1    102      1     87      1      53     4.2378E+02  2.261E+08  1.000E-30  4.853E-01
     645      1    102      1     88      1      53     3.8149E+02  2.414E+11  3.543E-02  1.093E+00
     647      1    102      1     94      1      53     1.9123E+02  5.653E+10  1.527E-01  5.426E-01
     650      1    102      1     97      1      53     1.4260E+02  1.385E+08  1.000E-30  1.738E-01
     652      1    102      1    101      1      53     5.9168E+01  8.785E+06  1.418E-03  2.538E-01
     653      1    103      1     76      1      53     1.2875E+03  1.192E+11  7.479E-05  8.848E+00
     654      1    103      1     78      1      53     9.7272E+02  3.024E+08  1.000E-30  2.307E+00
     655      1    103      1     81      1      53     8.1083E+02  5.710E+10  2.595E-04  4.892E+00
     656      1    103      1     85      1      53     5.2157E+02  3.256E+10  9.420E-04  2.890E+00
     657      1    103      1     86      1      53     5.0613E+02  2.079E+08  1.000E-30  1.108E+00
     659      1    103      1     91      1      53     3.3233E+02  2.345E+10  4.290E-03  1.773E+00
     662      1    103      1     95      1      53     2.2220E+02  5.669E+07  1.000E-30  5.157E-01
     663      1    103      1     96      1      53     2.0131E+02  2.841E+10  3.981E-02  1.097E+00
     665      1    103      1    100      1      53     1.0650E+02  1.807E+10  3.965E-01  6.750E-01
     667      1    103      1    102      1      53     3.6571E+01  8.193E+05  1.000E-30  2.197E-01
     668      1    104      1     78      1      53     9.7661E+02  1.310E+11  3.836E-04  2.415E+00
     670      1    104      1     86      1      53     5.1003E+02  8.695E+10  3.580E-03  1.210E+00
     674      1    104      1     95      1      53     2.2610E+02  4.204E+10  4.159E-02  6.107E-01
     677      1    104      1    102      1      53     4.0464E+01  1.524E+08  5.889E-02  2.775E-01
     679      1    105      1     77      1      53     1.2750E+03  2.207E+11  2.125E-04  4.244E+00
     680      1    105      1     82      1      53     7.9944E+02  1.441E+11  1.048E-03  2.283E+00
     682      1    105      1     87      1      53     5.5191E+02  1.589E+08  1.000E-30  6.777E-01
     683      1    105      1     88      1      53     5.0962E+02  1.171E+11  5.883E-03  1.285E+00
     685      1    105      1     94      1      53     3.1936E+02  1.557E+11  6.067E-02  7.254E-01
     688      1    105      1     97      1      53     2.7073E+02  1.701E+08  1.000E-30  2.766E-01
     690      1    105      1    101      1      53     1.8730E+02  7.340E+10  3.424E-01  3.981E-01
     692      1    105      1    103      1      53     9.1560E+01  1.417E+07  7.571E-04  2.066E-01
     693      1    105      1    104      1      53     8.7667E+01  5.273E+07  1.000E-30  1.312E-01
     694      1    106      1     78      1      53     1.1024E+03  8.082E+10  1.556E-04  2.555E+00
     695      1    106      1     86      1      53     6.3583E+02  5.794E+10  1.102E-03  1.350E+00
     698      1    106      1     95      1      53     3.5190E+02  3.230E+10  6.581E-03  7.493E-01
     701      1    106      1    102      1      53     1.6626E+02  1.671E+10  6.422E-02  4.065E-01
     704      1    106      1    105      1      53     3.8133E+01  1.988E+08  1.364E-01  2.062E-01
     705      1    107      1     77      1      53     1.3672E+03  1.543E+11  1.168E-04  4.378E+00
     706      1    107      1     82      1      53     8.9170E+02  9.905E+10  4.896E-04  2.417E+00
     707      1    107      1     87      1      53     6.4417E+02  1.123E+08  1.000E-30  8.102E-01
     708      1    107      1     88      1      53     6.0188E+02  7.365E+10  2.021E-03  1.419E+00
     710      1    107      1     94      1      53     4.1162E+02  7.199E+10  1.033E-02  8.592E-01
     712      1    107      1     97      1      53     3.6299E+02  1.389E+08  1.000E-30  3.994E-01
     714      1    107      1    101      1      53     2.7956E+02  1.159E+11  9.806E-02  5.204E-01
     716      1    107      1    103      1      53     1.8382E+02  8.409E+10  6.755E-01  3.109E-01
     717      1    107      1    104      1      53     1.7993E+02  9.275E+07  1.000E-30  1.778E-01
     719      1    107      1    106      1      53     5.4126E+01  1.649E+07  1.000E-30  1.105E-01
     720      1    108      1     78      1      53     1.1926E+03  5.385E+10  7.922E-05  2.641E+00
     721      1    108      1     86      1      53     7.2599E+02  4.044E+10  4.828E-04  1.442E+00
     723      1    108      1     95      1      53     4.4206E+02  2.385E+10  2.182E-03  8.355E-01
     725      1    108      1    102      1      53     2.5642E+02  1.351E+10  1.082E-02  4.952E-01
     728      1    108      1    105      1      53     1.2829E+02  7.774E+09  9.464E-02  2.911E-01
     730      1    108      1    107      1      53     3.6034E+01  2.305E+08  2.656E-01  1.650E-01
     731      1    110      1    109      1      53     1.0325E+02  2.409E+08  1.000E-30  3.596E+02
     732      1    111      1    109      1      53     6.2828E+02  6.104E+10  4.529E-06  4.026E+02
     733      1    114      1    113      1      54     7.1415E+00  7.350E+02  1.000E-30  6.261E-04
     735      1    115      1    114      1      54     4.2027E+02  5.596E+09  6.841E-02  3.584E-02
     736      1    117      1    116      1      54     8.2284E+01  2.715E+07  8.134E-01  7.104E-03
     737      1    118      1    117      1      54     6.5579E+01  1.724E+07  1.220E-05  9.900E+01
     739      1    120      1    119      1      54     2.7707E+01  6.153E+05  2.414E+00  2.725E-03
     740      1    121      1    120      1      54     3.4184E+01  5.434E+06  7.617E-05  3.528E+01
     743      1    122      1    121      1      54     1.1729E+01  4.750E+04  3.474E-05  1.004E+01
     745      1    124      1    119      1      54     9.4819E+02  3.620E+11  8.035E-04  3.134E+01
     746      1    124      1    121      1      54     8.8629E+02  1.154E+11  1.000E-30  1.768E+01
     747      1    123      1    120      1      54     9.0352E+02  4.214E+11  1.000E-30  5.148E+01
     749      1    124      1    123      1      54     1.6956E+01  5.505E+05  6.227E-01  1.245E-02
     750      1    125      1    120      1      54     9.3511E+02  7.652E+11  4.298E-04  4.301E+01
     753      1    125      1    122      1      54     8.8920E+02  2.813E+10  1.000E-30  3.419E+00
     754      1    125      1    124      1      54     1.4632E+01  4.994E+05  1.410E-04  2.233E+01
     757      1    126      1    121      1      54     9.0719E+02  1.290E+12  1.368E-03  1.499E+01
     759      1    126      1    125      1      54     6.2624E+00  1.375E+04  1.283E-04  5.173E+00
     761      1    127      1    122      1      54     9.0472E+02  2.145E+12  3.585E-03  6.865E+00
     763      1    127      1    126      1      54     9.2648E+00  1.648E+04  8.618E-05  2.037E+00
     765      1    129      1    121      1      54     1.3816E+03  8.952E+10  1.000E-30  9.974E+00
     767      1    129      1    123      1      54     5.1224E+02  6.299E+10  1.536E-03  1.811E+01
     768      1    129      1    125      1      54     4.8065E+02  3.102E+10  1.000E-30  1.082E+01
     770      1    128      1    120      1      54     1.4063E+03  3.531E+11  1.000E-30  5.137E+01
     772      1    128      1    124      1      54     4.8585E+02  9.054E+10  1.000E-30  3.177E+01
     775      1    129      1    128      1      54     9.4325E+00  9.942E+04  9.140E-01  9.862E-03
     777      1    130      1    120      1      54     1.4246E+03  4.516E+11  8.483E-04  3.640E+00
     779      1    130      1    122      1      54     1.3787E+03  1.872E+10  1.000E-30  4.676E+00
     780      1    130      1    124      1      54     5.0408E+02  1.199E+11  6.888E-04  2.686E+01
     783      1    130      1    126      1      54     4.8319E+02  1.155E+10  1.000E-30  2.060E+00
     785      1    130      1    129      1      54     8.7978E+00  1.432E+05  3.204E-04  1.296E+01
     788      1    131      1    121      1      54     1.3942E+03  9.886E+11  2.557E-04  1.690E+01
     790      1    131      1    125      1      54     4.9329E+02  1.948E+11  2.606E-03  7.401E+00
     791      1    131      1    127      1      54     4.7777E+02  3.107E+09  1.000E-30  8.096E-01
     793      1    131      1    130      1      54     3.8408E+00  4.714E+03  3.284E-04  3.003E+00
     795      1    132      1    122      1      54     1.3904E+03  1.052E+12  4.108E-04  8.060E+00
     797      1    132      1    126      1      54     4.9497E+02  3.071E+11  6.440E-03  3.362E+00
     799      1    132      1    131      1      54     7.9348E+00  1.916E+04  2.747E-04  1.183E+00
     800      1    133      1    127      1      54     4.8686E+02  4.289E+11  1.308E-02  1.909E+00
     801      1    133      1    132      1      54     1.1594E+00  1.703E+01  1.209E-04  5.954E-01
     802      1    134      1    124      1      54     7.8763E+02  8.641E+10  1.000E-30  3.170E+01
     804      1    134      1    129      1      54     2.9235E+02  2.542E+10  1.000E-30  1.834E+01
     808      1    135      1    123      1      54     8.1021E+02  6.728E+10  6.531E-04  1.148E+01
     809      1    135      1    125      1      54     7.7862E+02  2.770E+10  1.000E-30  1.002E+01
     811      1    135      1    128      1      54     3.0740E+02  1.491E+10  2.680E-03  1.138E+01
     812      1    135      1    130      1      54     2.8917E+02  9.730E+09  1.000E-30  5.782E+00
     814      1    135      1    134      1      54     5.6221E+00  4.379E+04  4.828E-03  3.039E+00
     815      1    136      1    124      1      54     7.9909E+02  1.253E+11  1.531E-04  3.168E+01
     818      1    136      1    126      1      54     7.7820E+02  9.152E+09  1.000E-30  4.986E+00
     819      1    136      1    129      1      54     3.0380E+02  2.710E+10  1.044E-03  1.831E+01
     822      1    136      1    131      1      54     2.9116E+02  4.431E+09  1.000E-30  2.878E+00
     825      1    136      1    135      1      54     5.8334E+00  5.246E+04  6.361E-04  8.211E+00
     827      1    137      1    125      1      54     7.8707E+02  1.877E+11  4.548E-04  1.003E+01
     828      1    137      1    127      1      54     7.7154E+02  2.095E+09  1.000E-30  3.016E+00
     830      1    137      1    130      1      54     2.9761E+02  4.193E+10  3.262E-03  5.798E+00
     831      1    137      1    132      1      54     2.8584E+02  1.748E+09  1.000E-30  1.737E+00
     833      1    137      1    136      1      54     2.6080E+00  1.955E+03  6.948E-04  1.881E+00
     835      1    138      1    126      1      54     7.8806E+02  2.419E+11  8.393E-04  4.990E+00
     837      1    138      1    131      1      54     3.0103E+02  6.519E+10  7.095E-03  2.882E+00
     838      1    138      1    133      1      54     2.9194E+02  5.656E+08  1.000E-30  1.165E+00
     840      1    138      1    137      1      54     7.2571E+00  2.067E+04  6.164E-04  7.436E-01
     841      1    139      1    127      1      54     7.7953E+02  2.151E+11  9.918E-04  3.019E+00
     842      1    139      1    132      1      54     2.9383E+02  8.384E+10  1.275E-02  1.739E+00
     843      1    139      1    138      1      54     7.3047E-01  7.965E+00  3.605E-04  3.735E-01
     844      1    140      1    133      1      54     2.9317E+02  1.146E+11  2.172E-02  1.164E+00
     845      1    140      1    139      1      54     5.0455E-01  9.971E-01  1.931E-04  2.166E-01
     846      1    141      1    124      1      54     9.8280E+02  6.881E+10  1.000E-30  3.168E+01
     847      1    141      1    129      1      54     4.8751E+02  2.650E+10  1.000E-30  1.829E+01
     851      1    141      1    135      1      54     1.8954E+02  8.494E+09  1.000E-30  1.149E+01
     853      1    142      1    123      1      54     1.0032E+03  5.644E+10  4.290E-04  7.721E+00
     854      1    142      1    125      1      54     9.7165E+02  2.104E+10  1.000E-30  1.004E+01
     856      1    142      1    128      1      54     5.0043E+02  1.735E+10  1.070E-03  7.678E+00
     857      1    142      1    130      1      54     4.8220E+02  9.582E+09  1.000E-30  5.806E+00
     859      1    142      1    134      1      54     1.9865E+02  4.385E+09  4.388E-03  7.587E+00
     861      1    142      1    136      1      54     1.8719E+02  3.485E+09  1.000E-30  4.863E+00
     863      1    142      1    141      1      54     3.4847E+00  1.139E+04  8.500E-03  1.900E+00
     864      1    143      1    124      1      54     9.9046E+02  1.042E+11  6.690E-05  3.167E+01
     865      1    143      1    126      1      54     9.6956E+02  6.508E+09  1.000E-30  5.002E+00
     866      1    143      1    129      1      54     4.9517E+02  3.123E+10  2.778E-04  1.829E+01
     869      1    143      1    131      1      54     4.8253E+02  3.972E+09  1.000E-30  2.896E+00
     872      1    143      1    135      1      54     1.9720E+02  7.726E+09  2.111E-03  9.446E+00
     874      1    143      1    137      1      54     1.8876E+02  1.793E+09  1.000E-30  9.818E-01
     877      1    143      1    142      1      54     4.1712E+00  2.279E+04  1.138E-03  5.457E+00
     878      1    144      1    125      1      54     9.7774E+02  1.481E+11  1.869E-04  1.005E+01
     879      1    144      1    127      1      54     9.6221E+02  1.357E+09  1.000E-30  3.033E+00
     881      1    144      1    130      1      54     4.8829E+02  4.616E+10  8.093E-04  5.811E+00
     882      1    144      1    132      1      54     4.7651E+02  1.415E+09  1.000E-30  1.753E+00
     884      1    144      1    136      1      54     1.9328E+02  1.144E+10  7.440E-03  2.552E+00
     885      1    144      1    138      1      54     1.8342E+02  8.180E+08  1.000E-30  3.425E-01
     887      1    144      1    143      1      54     1.9160E+00  9.694E+02  1.297E-03  1.261E+00
     888      1    145      1    126      1      54     9.7835E+02  1.705E+11  3.079E-04  5.006E+00
     890      1    145      1    131      1      54     4.9132E+02  6.306E+10  1.556E-03  2.898E+00
     891      1    145      1    133      1      54     4.8223E+02  3.660E+08  1.000E-30  1.182E+00
     893      1    145      1    137      1      54     1.9755E+02  1.767E+10  1.749E-02  1.138E+00
     894      1    145      1    139      1      54     1.8956E+02  4.177E+08  1.000E-30  1.734E-01
     896      1    145      1    144      1      54     6.8766E+00  2.241E+04  1.168E-03  5.004E-01
     897      1    146      1    127      1      54     9.6958E+02  1.225E+11  2.917E-04  3.034E+00
     898      1    146      1    132      1      54     4.8388E+02  6.794E+10  2.257E-03  1.754E+00
     899      1    146      1    138      1      54     1.9078E+02  2.076E+10  3.235E-02  6.374E-01
     900      1    146      1    140      1      54     1.8955E+02  1.281E+08  1.000E-30  1.146E-01
     901      1    146      1    145      1      54     4.8959E-01  3.404E+00  7.528E-04  2.539E-01
     902      1    147      1    133      1      54     4.8306E+02  5.697E+10  2.315E-03  1.180E+00
     903      1    147      1    139      1      54     1.9039E+02  2.697E+10  5.596E-02  4.067E-01
     904      1    147      1    146      1      54     3.3818E-01  5.667E-01  5.319E-04  1.482E-01
     905      1    148      1    140      1      54     1.9013E+02  3.423E+10  9.115E-02  2.813E-01
     906      1    148      1    147      1      54     2.4746E-01  8.810E-02  2.815E-04  9.376E-02
     907      1    149      1    124      1      54     1.1162E+03  5.308E+10  1.000E-30  3.167E+01
     908      1    149      1    129      1      54     6.2092E+02  2.249E+10  1.000E-30  1.829E+01
     910      1    149      1    135      1      54     3.2295E+02  9.467E+09  1.000E-30  1.151E+01
     913      1    149      1    142      1      54     1.2992E+02  3.246E+09  1.000E-30  7.712E+00
     915      1    150      1    123      1      54     1.1354E+03  4.503E+10  3.344E-04  5.452E+00
     916      1    150      1    125      1      54     1.1038E+03  1.580E+10  1.000E-30  1.006E+01
     917      1    150      1    128      1      54     6.3256E+02  1.559E+10  6.751E-04  5.410E+00
     918      1    150      1    130      1      54     6.1433E+02  7.855E+09  1.000E-30  5.820E+00
     919      1    150      1    134      1      54     3.3078E+02  5.442E+09  1.660E-03  5.376E+00
     921      1    150      1    136      1      54     3.1933E+02  3.731E+09  1.000E-30  2.902E+00
     923      1    150      1    141      1      54     1.3562E+02  1.504E+09  6.755E-03  5.341E+00
     925      1    150      1    143      1      54     1.2796E+02  1.394E+09  1.000E-30  3.489E+00
     927      1    150      1    149      1      54     2.2069E+00  3.053E+03  1.466E-02  1.173E+00
     928      1    151      1    124      1      54     1.1216E+03  8.252E+10  3.649E-05  3.166E+01
     929      1    151      1    126      1      54     1.1007E+03  4.677E+09  1.000E-30  5.016E+00
     930      1    151      1    129      1      54     6.2630E+02  2.792E+10  1.228E-04  1.828E+01
     931      1    151      1    131      1      54     6.1366E+02  3.067E+09  1.000E-30  2.908E+00
     933      1    151      1    135      1      54     3.2833E+02  9.531E+09  5.303E-04  1.003E+01
     935      1    151      1    137      1      54     3.1989E+02  1.766E+09  1.000E-30  6.368E-01
     937      1    151      1    142      1      54     1.3530E+02  2.611E+09  3.332E-03  6.271E+00
     939      1    151      1    144      1      54     1.2921E+02  7.777E+08  1.000E-30  7.224E-01
     941      1    151      1    150      1      54     3.1681E+00  1.172E+04  1.916E-03  3.807E+00
     942      1    152      1    125      1      54     1.1084E+03  1.133E+11  9.799E-05  1.006E+01
     943      1    152      1    127      1      54     1.0929E+03  9.165E+08  1.000E-30  3.045E+00
     944      1    152      1    130      1      54     6.1900E+02  4.003E+10  3.434E-04  5.824E+00
     945      1    152      1    132      1      54     6.0722E+02  1.021E+09  1.000E-30  1.766E+00
     947      1    152      1    136      1      54     3.2399E+02  1.385E+10  1.676E-03  2.884E+00
     948      1    152      1    138      1      54     3.1413E+02  7.622E+08  1.000E-30  3.695E-01
     950      1    152      1    143      1      54     1.3263E+02  3.734E+09  1.146E-02  1.684E+00
     951      1    152      1    145      1      54     1.2383E+02  3.756E+08  1.000E-30  2.577E-01
     953      1    152      1    151      1      54     1.4980E+00  5.393E+02  2.137E-03  8.921E-01
     954      1    153      1    126      1      54     1.1088E+03  1.215E+11  1.504E-04  5.017E+00
     955      1    153      1    131      1      54     6.2180E+02  5.067E+10  6.136E-04  2.910E+00
     956      1    153      1    133      1      54     6.1271E+02  2.326E+08  1.000E-30  1.193E+00
     958      1    153      1    137      1      54     3.2803E+02  1.949E+10  3.480E-03  1.348E+00
     959      1    153      1    139      1      54     3.2004E+02  3.210E+08  1.000E-30  2.807E-01
     961      1    153      1    144      1      54     1.3736E+02  5.864E+09  2.656E-02  7.493E-01
     962      1    153      1    146      1      54     1.2999E+02  2.463E+08  1.000E-30  1.266E-01
     963      1    153      1    152      1      54     6.6466E+00  2.432E+04  1.966E-03  3.575E-01
     964      1    154      1    127      1      54     1.0999E+03  7.709E+10  1.253E-04  3.046E+00
     965      1    154      1    132      1      54     6.1421E+02  4.857E+10  7.824E-04  1.766E+00
     966      1    154      1    138      1      54     3.2112E+02  2.160E+10  5.525E-03  7.842E-01
     967      1    154      1    140      1      54     3.1988E+02  8.020E+07  1.000E-30  2.236E-01
     968      1    154      1    145      1      54     1.3082E+02  6.321E+09  4.754E-02  4.180E-01
     969      1    154      1    147      1      54     1.3000E+02  1.137E+08  1.000E-30  7.907E-02
     970      1    154      1    153      1      54     3.4390E-01  1.511E+00  1.332E-03  1.835E-01
     971      1    155      1    133      1      54     6.1329E+02  3.203E+10  6.285E-04  1.192E+00
     972      1    155      1    139      1      54     3.2062E+02  2.272E+10  7.288E-03  5.153E-01
     973      1    155      1    146      1      54     1.3057E+02  7.880E+09  7.971E-02  2.664E-01
     974      1    155      1    148      1      54     1.2999E+02  3.526E+07  1.000E-30  5.882E-02
     975      1    155      1    154      1      54     2.3759E-01  2.803E-01  1.040E-03  1.085E-01
     976      1    156      1    124      1      54     1.2114E+03  4.095E+10  1.000E-30  3.166E+01
     977      1    156      1    129      1      54     7.1613E+02  1.821E+10  1.000E-30  1.828E+01
     978      1    156      1    135      1      54     4.1816E+02  8.452E+09  1.000E-30  1.152E+01
     980      1    156      1    142      1      54     2.2513E+02  3.814E+09  1.000E-30  7.722E+00
     983      1    156      1    150      1      54     9.3002E+01  1.385E+09  1.000E-30  5.419E+00
     985      1    157      1    123      1      54     1.2298E+03  3.557E+10  2.828E-04  4.008E+00
     986      1    157      1    125      1      54     1.1982E+03  1.195E+10  1.000E-30  1.007E+01
     987      1    157      1    128      1      54     7.2695E+02  1.310E+10  5.095E-04  3.966E+00
     988      1    157      1    130      1      54     7.0872E+02  6.216E+09  1.000E-30  5.829E+00
     989      1    157      1    134      1      54     4.2517E+02  5.165E+09  1.012E-03  3.938E+00
     990      1    157      1    136      1      54     4.1371E+02  3.229E+09  1.000E-30  2.016E+00
     991      1    157      1    141      1      54     2.3000E+02  1.985E+09  2.475E-03  3.916E+00
     993      1    157      1    143      1      54     2.2235E+02  1.584E+09  1.000E-30  2.199E+00
     995      1    157      1    149      1      54     9.6594E+01  5.835E+08  9.998E-03  3.894E+00
     997      1    157      1    151      1      54     9.1219E+01  6.066E+08  1.000E-30  2.587E+00
     999      1    157      1    156      1      54     1.3856E+00  7.659E+02  2.515E-02  7.036E-01
    1000      1    158      1    124      1      54     1.2153E+03  6.468E+10  2.248E-05  3.167E+01
    1001      1    158      1    126      1      54     1.1944E+03  3.435E+09  1.000E-30  5.026E+00
    1002      1    158      1    129      1      54     7.2004E+02  2.332E+10  6.750E-05  1.828E+01
    1003      1    158      1    131      1      54     7.0740E+02  2.335E+09  1.000E-30  2.919E+00
    1004      1    158      1    135      1      54     4.2207E+02  9.004E+09  2.268E-04  1.043E+01
    1005      1    158      1    137      1      54     4.1363E+02  1.456E+09  1.000E-30  7.932E-01
    1007      1    158      1    142      1      54     2.2904E+02  3.395E+09  8.419E-04  6.634E+00
    1009      1    158      1    144      1      54     2.2296E+02  8.258E+08  1.000E-30  4.494E-01
    1011      1    158      1    150      1      54     9.6914E+01  1.008E+09  5.031E-03  4.368E+00
    1012      1    158      1    152      1      54     9.2248E+01  3.595E+08  1.000E-30  5.529E-01
    1014      1    158      1    157      1      54     2.5273E+00  6.906E+03  3.070E-03  2.761E+00
    1015      1    159      1    125      1      54     1.2019E+03  8.691E+10  5.889E-05  1.007E+01
    1016      1    159      1    127      1      54     1.1864E+03  6.454E+08  1.000E-30  3.056E+00
    1017      1    159      1    130      1      54     7.1248E+02  3.274E+10  1.839E-04  5.834E+00
    1018      1    159      1    132      1      54     7.0070E+02  7.386E+08  1.000E-30  1.776E+00
    1019      1    159      1    136      1      54     4.1747E+02  1.284E+10  6.754E-04  3.099E+00
    1020      1    159      1    138      1      54     4.0761E+02  5.985E+08  1.000E-30  5.480E-01
    1022      1    159      1    143      1      54     2.2610E+02  4.839E+09  2.630E-03  1.892E+00
    1023      1    159      1    145      1      54     2.1731E+02  3.950E+08  1.000E-30  2.299E-01
    1025      1    159      1    151      1      54     9.4977E+01  1.396E+09  1.690E-02  1.171E+00
    1026      1    159      1    153      1      54     8.6832E+01  1.745E+08  1.000E-30  2.029E-01
    1028      1    159      1    158      1      54     1.2307E+00  3.399E+02  3.309E-03  6.555E-01
    1029      1    160      1    126      1      54     1.2022E+03  8.893E+10  8.621E-05  5.027E+00
    1030      1    160      1    131      1      54     7.1513E+02  3.946E+10  3.129E-04  2.920E+00
    1031      1    160      1    133      1      54     7.0604E+02  1.562E+08  1.000E-30  1.203E+00
    1032      1    160      1    137      1      54     4.2136E+02  1.707E+10  1.302E-03  1.486E+00
    1033      1    160      1    139      1      54     4.1337E+02  2.254E+08  1.000E-30  4.090E-01
    1035      1    160      1    144      1      54     2.3069E+02  6.958E+09  5.494E-03  8.808E-01
    1036      1    160      1    146      1      54     2.2332E+02  2.124E+08  1.000E-30  1.722E-01
    1037      1    160      1    152      1      54     9.9979E+01  2.264E+09  3.895E-02  5.203E-01
    1038      1    160      1    154      1      54     9.2988E+01  1.384E+08  1.000E-30  1.015E-01
    1039      1    160      1    159      1      54     6.4994E+00  2.644E+04  3.041E-03  2.684E-01
    1040      1    161      1    127      1      54     1.1932E+03  5.200E+10  6.602E-05  3.055E+00
    1041      1    161      1    132      1      54     7.0745E+02  3.505E+10  3.672E-04  1.776E+00
    1042      1    161      1    138      1      54     4.1436E+02  1.788E+10  1.891E-03  8.771E-01
    1043      1    161      1    140      1      54     4.1312E+02  4.989E+07  1.000E-30  3.172E-01
    1044      1    161      1    145      1      54     2.2406E+02  7.606E+09  8.798E-03  5.129E-01
    1045      1    161      1    147      1      54     2.2323E+02  8.418E+07  1.000E-30  1.392E-01
    1046      1    161      1    153      1      54     9.3583E+01  2.191E+09  6.600E-02  2.917E-01
    1047      1    161      1    155      1      54     9.3001E+01  7.668E+07  1.000E-30  6.249E-02
    1048      1    161      1    160      1      54     2.5061E-01  7.018E-01  2.089E-03  1.408E-01
    1049      1    162      1    133      1      54     7.0646E+02  2.010E+10  2.557E-04  1.201E+00
    1050      1    162      1    139      1      54     4.1380E+02  1.629E+10  2.112E-03  5.878E-01
    1051      1    162      1    146      1      54     2.2375E+02  8.566E+09  1.243E-02  3.376E-01
    1052      1    162      1    148      1      54     2.2316E+02  2.129E+07  1.000E-30  1.159E-01
    1053      1    162      1    154      1      54     9.3412E+01  2.657E+09  1.076E-01  1.874E-01
    1054      1    162      1    161      1      54     1.7317E-01  1.386E-01  1.678E-03  8.568E-02
    1381      1    165      1    164      1       1     1.0199E+01  3.362E+04  1.197E-03  4.896E-02
    1384      1    167      1    164      1       1     1.0199E+01  6.717E+04  2.394E-03  4.896E-02
    1387      1    169      1    164      1       1     1.2088E+01  1.146E+04  3.578E-04  9.911E-02
    1389      1    169      1    166      1       1     1.8887E+00  2.404E+02  1.608E-04  1.478E-01
    1392      1    168      1    165      1       1     1.8887E+00  7.519E+00  3.406E-06  2.166E-01
    1394      1    168      1    167      1       1     1.8886E+00  1.504E+01  6.811E-06  2.166E-01
    1396      1    170      1    165      1       1     1.8887E+00  3.847E+02  2.656E-04  1.420E-01
    1398      1    170      1    167      1       1     1.8887E+00  7.686E+02  5.310E-04  1.420E-01
    1399      1    172      1    164      1       1     1.2749E+01  1.880E+02  8.121E-05  1.619E-01
    1401      1    172      1    166      1       1     2.5497E+00  5.337E+00  6.139E-06  1.216E+00
    1404      1    172      1    168      1       1     6.6104E-01  4.388E-01  4.387E-06  7.379E-01
    1405      1    172      1    170      1       1     6.6103E-01  4.974E-02  5.622E-07  6.632E-01
    1407      1    171      1    165      1       1     2.5497E+00  1.583E-01  3.533E-07  6.254E-01
    1409      1    171      1    167      1       1     2.5497E+00  3.167E-01  7.066E-07  6.254E-01
    1410      1    171      1    169      1       1     6.6103E-01  8.766E-02  8.590E-07  7.596E-01
    1414      1    173      1    165      1       1     2.5497E+00  6.335E+00  1.820E-05  4.855E-01
    1416      1    173      1    167      1       1     2.5497E+00  1.269E+01  3.646E-05  4.855E-01
    1417      1    173      1    169      1       1     6.6104E-01  1.680E+00  2.008E-05  6.197E-01
    1425      1    174      1    170      1       1     6.6103E-01  4.611E+00  7.612E-05  4.507E-01
    1426      1    176      1    164      1       1     1.3054E+01  4.640E+00  2.298E-05  2.609E-01
    1428      1    176      1    166      1       1     2.8557E+00  1.463E-01  1.856E-06  1.421E+00
    1430      1    176      1    168      1       1     9.6701E-01  1.640E-02  2.493E-07  1.571E+00
    1431      1    176      1    170      1       1     9.6699E-01  1.495E-03  2.465E-08  1.496E+00
    1433      1    176      1    171      1       1     3.0597E-01  2.331E-03  1.000E-30  1.978E+00
    1434      1    176      1    173      1       1     3.0596E-01  5.960E-04  1.000E-30  1.838E+00
    1437      1    175      1    165      1       1     2.8557E+00  4.216E-03  5.112E-08  1.486E+00
    1439      1    175      1    167      1       1     2.8556E+00  8.431E-03  1.022E-07  1.486E+00
    1440      1    175      1    169      1       1     9.6700E-01  3.015E-03  4.511E-08  1.620E+00
    1443      1    175      1    172      1       1     3.0596E-01  6.800E-04  1.000E-30  2.006E+00
    1447      1    177      1    165      1       1     2.8557E+00  1.547E-01  2.209E-06  1.262E+00
    1449      1    177      1    167      1       1     2.8557E+00  3.091E-01  4.412E-06  1.262E+00
    1450      1    177      1    169      1       1     9.6700E-01  5.640E-02  9.789E-07  1.397E+00
    1453      1    177      1    172      1       1     3.0597E-01  7.845E-03  1.000E-30  1.782E+00
    1456      1    177      1    174      1       1     3.0596E-01  2.663E-04  1.000E-30  1.570E+00
    1461      1    178      1    170      1       1     9.6699E-01  1.060E-01  2.287E-06  1.144E+00
    1463      1    178      1    173      1       1     3.0596E-01  1.910E-02  1.000E-30  1.486E+00
    1469      1    179      1    174      1       1     3.0596E-01  4.053E-02  1.000E-30  1.120E+00
    1470      1    181      1    164      1       1     1.3221E+01  2.086E-01  9.282E-06  3.613E-01
    1472      1    181      1    166      1       1     3.0219E+00  6.895E-03  4.933E-07  2.952E+00
    1473      1    181      1    168      1       1     1.1332E+00  8.644E-04  8.140E-08  3.102E+00
    1474      1    181      1    170      1       1     1.1332E+00  7.085E-05  6.985E-09  3.027E+00
    1476      1    181      1    171      1       1     4.7217E-01  1.681E-04  1.000E-30  3.509E+00
    1477      1    181      1    173      1       1     4.7216E-01  3.553E-05  1.000E-30  3.369E+00
    1480      1    181      1    175      1       1     1.6620E-01  3.231E-05  4.280E-10  4.369E+00
    1481      1    181      1    177      1       1     1.6620E-01  1.273E-05  1.778E-10  4.145E+00
    1484      1    180      1    165      1       1     3.0219E+00  1.973E-04  1.366E-08  3.051E+00
    1486      1    180      1    167      1       1     3.0218E+00  3.940E-04  2.728E-08  3.051E+00
    1487      1    180      1    169      1       1     1.1332E+00  1.528E-04  1.415E-08  3.186E+00
    1488      1    180      1    172      1       1     4.7217E-01  4.487E-05  1.000E-30  3.571E+00
    1491      1    180      1    176      1       1     1.6620E-01  1.187E-05  1.561E-10  4.404E+00
    1495      1    182      1    165      1       1     3.0219E+00  6.892E-03  5.340E-07  2.725E+00
    1497      1    182      1    167      1       1     3.0219E+00  1.382E-02  1.071E-06  2.725E+00
    1498      1    182      1    169      1       1     1.1332E+00  2.832E-03  2.920E-07  2.859E+00
    1499      1    182      1    172      1       1     4.7217E-01  5.426E-04  1.000E-30  3.245E+00
    1502      1    182      1    174      1       1     4.7216E-01  1.348E-05  1.000E-30  3.032E+00
    1503      1    182      1    176      1       1     1.6620E-01  9.948E-05  1.412E-09  4.077E+00
    1506      1    182      1    178      1       1     1.6620E-01  8.650E-06  1.344E-10  3.725E+00
    1509      1    183      1    170      1       1     1.1332E+00  4.536E-03  5.401E-07  2.503E+00
    1511      1    183      1    173      1       1     4.7216E-01  1.132E-03  1.000E-30  2.846E+00
    1513      1    183      1    177      1       1     1.6620E-01  2.243E-04  3.581E-09  3.622E+00
    1514      1    183      1    179      1       1     1.6620E-01  3.528E-06  6.435E-11  3.172E+00
    1517      1    184      1    174      1       1     4.7216E-01  1.554E-03  1.000E-30  2.343E+00
    1519      1    184      1    178      1       1     1.6620E-01  4.427E-04  8.430E-09  3.035E+00
    1521      1    185      1    179      1       1     1.6620E-01  8.047E-04  1.969E-08  2.361E+00
    1523      1    186      1    165      1       1     3.1221E+00  1.407E-05  4.497E-09  5.628E+00
    1524      1    186      1    167      1       1     3.1221E+00  2.815E-05  8.994E-09  5.628E+00
    1525      1    186      1    169      1       1     1.2334E+00  1.139E-05  4.912E-09  5.763E+00
    1526      1    186      1    172      1       1     5.7238E-01  3.668E-06  1.000E-30  6.148E+00
    1527      1    186      1    176      1       1     2.6642E-01  1.272E-06  3.701E-11  6.981E+00
    1530      1    186      1    181      1       1     1.0021E-01  3.736E-07  4.870E-12  8.511E+00
    1533      1    187      1    164      1       1     1.3321E+01  1.457E-02  4.213E-06  4.891E-01
    1534      1    187      1    166      1       1     3.1221E+00  4.954E-04  1.622E-07  5.488E+00
    1535      1    187      1    168      1       1     1.2334E+00  6.590E-05  2.879E-08  5.638E+00
    1536      1    187      1    170      1       1     1.2334E+00  5.063E-06  2.282E-09  5.564E+00
    1537      1    187      1    171      1       1     5.7238E-01  1.433E-05  1.000E-30  6.046E+00
    1538      1    187      1    173      1       1     5.7238E-01  2.728E-06  1.000E-30  5.906E+00
    1540      1    187      1    175      1       1     2.6642E-01  3.757E-06  1.104E-10  6.906E+00
    1541      1    187      1    177      1       1     2.6642E-01  1.248E-06  3.794E-11  6.682E+00
    1544      1    187      1    180      1       1     1.0022E-01  8.682E-07  1.136E-11  8.471E+00
    1545      1    187      1    182      1       1     1.0021E-01  4.528E-07  6.168E-12  8.144E+00
    1548      1    188      1    165      1       1     3.1221E+00  4.803E-04  1.665E-07  5.181E+00
    1549      1    188      1    167      1       1     3.1221E+00  9.605E-04  3.329E-07  5.181E+00
    1550      1    188      1    169      1       1     1.2334E+00  2.095E-04  9.775E-08  5.315E+00
    1551      1    188      1    172      1       1     5.7238E-01  4.511E-05  1.000E-30  5.701E+00
    1552      1    188      1    174      1       1     5.7238E-01  9.499E-07  1.000E-30  5.488E+00
    1553      1    188      1    176      1       1     2.6642E-01  1.143E-05  3.548E-10  6.533E+00
    1556      1    188      1    178      1       1     2.6642E-01  7.523E-07  2.470E-11  6.180E+00
    1558      1    188      1    181      1       1     1.0022E-01  2.522E-06  3.464E-11  8.063E+00
    1561      1    188      1    183      1       1     1.0021E-01  3.733E-07  5.491E-12  7.540E+00
    1564      1    189      1    170      1       1     1.2334E+00  3.081E-04  1.593E-07  4.838E+00
    1565      1    189      1    173      1       1     5.7238E-01  8.698E-05  1.000E-30  5.180E+00
    1567      1    189      1    177      1       1     2.6642E-01  2.393E-05  8.139E-10  5.957E+00
    1568      1    189      1    179      1       1     2.6642E-01  2.558E-07  9.419E-12  5.507E+00
    1570      1    189      1    182      1       1     1.0021E-01  5.382E-06  8.029E-11  7.419E+00
    1571      1    189      1    184      1       1     1.0021E-01  2.304E-07  3.796E-12  6.729E+00
    1573      1    190      1    174      1       1     5.7238E-01  9.849E-05  1.000E-30  4.516E+00
    1575      1    190      1    178      1       1     2.6642E-01  3.901E-05  1.515E-09  5.208E+00
    1577      1    190      1    183      1       1     1.0021E-01  1.006E-05  1.694E-10  6.568E+00
    1578      1    190      1    185      1       1     1.0021E-01  8.962E-08  1.724E-12  5.756E+00
    1580      1    191      1    179      1       1     2.6642E-01  4.432E-05  2.067E-09  4.331E+00
    1581      1    191      1    184      1       1     1.0021E-01  1.740E-05  3.461E-10  5.554E+00
    1583      1    192      1    185      1       1     1.0021E-01  2.874E-05  7.154E-10  4.433E+00
    1585      1    193      1    165      1       1     3.1872E+00  1.401E-06  1.734E-09  9.581E+00
    1586      1    193      1    167      1       1     3.1871E+00  2.801E-06  3.467E-09  9.581E+00
    1587      1    193      1    169      1       1     1.2985E+00  1.157E-06  1.926E-09  9.716E+00
    1588      1    193      1    172      1       1     6.3742E-01  3.900E-07  1.000E-30  1.010E+01
    1589      1    193      1    176      1       1     3.3146E-01  1.485E-07  1.219E-11  1.093E+01
    1590      1    193      1    181      1       1     1.6526E-01  5.781E-08  1.294E-12  1.246E+01
    1596      1    194      1    164      1       1     1.3386E+01  1.430E-03  1.418E-07  9.370E+00
    1597      1    194      1    166      1       1     3.1871E+00  4.958E-05  6.253E-08  9.395E+00
    1598      1    194      1    168      1       1     1.2985E+00  6.771E-06  1.138E-08  9.545E+00
    1599      1    194      1    170      1       1     1.2985E+00  5.027E-07  8.650E-10  9.470E+00
    1600      1    194      1    171      1       1     6.3743E-01  1.568E-06  1.000E-30  9.952E+00
    1601      1    194      1    173      1       1     6.3742E-01  2.791E-07  1.000E-30  9.812E+00
    1602      1    194      1    175      1       1     3.3146E-01  4.594E-07  3.809E-11  1.081E+01
    1603      1    194      1    177      1       1     3.3146E-01  1.392E-07  1.180E-11  1.059E+01
    1605      1    194      1    180      1       1     1.6526E-01  1.447E-07  3.257E-12  1.238E+01
    1606      1    194      1    182      1       1     1.6526E-01  6.514E-08  1.508E-12  1.205E+01
    1613      1    195      1    165      1       1     3.1872E+00  4.711E-05  6.196E-08  8.994E+00
    1614      1    195      1    167      1       1     3.1871E+00  9.422E-05  1.239E-07  8.994E+00
    1615      1    195      1    169      1       1     1.2985E+00  2.121E-05  3.747E-08  9.128E+00
    1616      1    195      1    172      1       1     6.3742E-01  4.858E-06  1.000E-30  9.514E+00
    1617      1    195      1    174      1       1     6.3742E-01  9.225E-08  1.000E-30  9.301E+00
    1618      1    195      1    176      1       1     3.3146E-01  1.385E-06  1.198E-10  1.035E+01
    1619      1    195      1    178      1       1     3.3146E-01  7.801E-08  6.993E-12  9.994E+00
    1620      1    195      1    181      1       1     1.6526E-01  4.220E-07  9.888E-12  1.188E+01
    1623      1    195      1    183      1       1     1.6526E-01  4.864E-08  1.194E-12  1.135E+01
    1626      1    195      1    187      1       1     6.5044E-02  1.060E-07  1.466E-12  1.441E+01
    1631      1    196      1    170      1       1     1.2985E+00  2.967E-05  5.657E-08  8.511E+00
    1632      1    196      1    173      1       1     6.3742E-01  8.920E-06  1.000E-30  8.853E+00
    1633      1    196      1    177      1       1     3.3146E-01  2.769E-06  2.569E-10  9.630E+00
    1636      1    196      1    182      1       1     1.6526E-01  8.639E-07  2.163E-11  1.109E+01
    1639      1    196      1    188      1       1     6.5043E-02  2.173E-07  3.192E-12  1.355E+01
    1642      1    197      1    174      1       1     6.3742E-01  9.069E-06  1.000E-30  8.002E+00
    1643      1    197      1    178      1       1     3.3146E-01  4.061E-06  4.162E-10  8.695E+00
    1645      1    197      1    183      1       1     1.6526E-01  1.461E-06  4.028E-11  1.005E+01
    1648      1    197      1    189      1       1     6.5043E-02  3.891E-07  6.241E-12  1.239E+01
    1651      1    198      1    179      1       1     3.3146E-01  3.719E-06  4.355E-10  7.585E+00
    1652      1    198      1    184      1       1     1.6526E-01  2.047E-06  6.424E-11  8.807E+00
    1653      1    198      1    190      1       1     6.5043E-02  6.520E-07  1.178E-11  1.098E+01
    1656      1    199      1    185      1       1     1.6526E-01  2.048E-06  7.622E-11  7.407E+00
    1657      1    199      1    191      1       1     6.5043E-02  1.036E-06  2.187E-11  9.378E+00
    1659      1    200      1    192      1       1     6.5043E-02  1.597E-06  4.127E-11  7.650E+00
    1661      1    201      1    165      1       1     3.2317E+00  1.773E-07  7.490E-10  1.533E+01
    1662      1    201      1    167      1       1     3.2317E+00  3.546E-07  1.498E-09  1.533E+01
    1663      1    201      1    169      1       1     1.3431E+00  1.486E-07  8.389E-10  1.546E+01
    1664      1    201      1    172      1       1     6.8202E-01  5.159E-08  4.245E-12  1.585E+01
    1673      1    202      1    164      1       1     1.3431E+01  1.794E-04  6.146E-08  1.507E+01
    1674      1    202      1    166      1       1     3.2317E+00  6.311E-06  2.704E-08  1.509E+01
    1675      1    202      1    168      1       1     1.3431E+00  8.849E-07  5.028E-09  1.524E+01
    1676      1    202      1    170      1       1     1.3430E+00  6.332E-08  3.670E-10  1.517E+01
    1677      1    202      1    171      1       1     6.8202E-01  2.105E-07  1.692E-11  1.565E+01
    1679      1    202      1    175      1       1     3.7606E-01  6.540E-08  1.543E-11  1.651E+01
    1692      1    203      1    165      1       1     3.2317E+00  5.920E-06  2.618E-08  1.458E+01
    1693      1    203      1    167      1       1     3.2317E+00  1.184E-05  5.235E-08  1.458E+01
    1694      1    203      1    169      1       1     1.3431E+00  2.719E-06  1.606E-08  1.472E+01
    1695      1    203      1    172      1       1     6.8202E-01  6.460E-07  5.555E-11  1.510E+01
    1697      1    203      1    176      1       1     3.7605E-01  1.957E-07  4.771E-11  1.594E+01
    1699      1    203      1    181      1       1     2.0985E-01  6.717E-08  3.708E-12  1.747E+01
    1710      1    204      1    170      1       1     1.3430E+00  3.690E-06  2.311E-08  1.394E+01
    1711      1    204      1    173      1       1     6.8202E-01  1.150E-06  1.106E-10  1.429E+01
    1712      1    204      1    177      1       1     3.7605E-01  3.803E-07  9.776E-11  1.506E+01
    1714      1    204      1    182      1       1     2.0985E-01  1.344E-07  7.814E-12  1.652E+01
    1717      1    204      1    188      1       1     1.0964E-01  4.668E-08  9.611E-13  1.898E+01
    1723      1    205      1    174      1       1     6.8201E-01  1.099E-06  1.221E-10  1.322E+01
    1724      1    205      1    178      1       1     3.7605E-01  5.237E-07  1.450E-10  1.391E+01
    1725      1    205      1    183      1       1     2.0985E-01  2.134E-07  1.337E-11  1.527E+01
    1728      1    205      1    189      1       1     1.0964E-01  7.943E-08  1.757E-12  1.761E+01
    1734      1    206      1    179      1       1     3.7605E-01  4.226E-07  1.292E-10  1.254E+01
    1735      1    206      1    184      1       1     2.0985E-01  2.637E-07  1.825E-11  1.376E+01
    1736      1    206      1    190      1       1     1.0964E-01  1.177E-07  2.864E-12  1.594E+01
    1741      1    207      1    185      1       1     2.0985E-01  2.084E-07  1.639E-11  1.205E+01
    1742      1    207      1    191      1       1     1.0964E-01  1.477E-07  4.069E-12  1.402E+01
    1743      1    207      1    198      1       1     4.4593E-02  5.622E-08  1.117E-12  1.727E+01
    1752      1    209      1    170      1       1     1.3809E+00  5.649E-07  1.023E-08  2.161E+01
    1753      1    209      1    173      1       1     7.1991E-01  1.837E-07  6.027E-11  2.195E+01
    1754      1    209      1    177      1       1     4.1395E-01  6.461E-08  4.071E-11  2.273E+01
    1767      1    210      1    179      1       1     4.1400E-01  6.369E-08  4.561E-11  1.967E+01
    1775      1    211      1    164      1       1     1.3469E+01  2.738E-05  2.931E-08  2.303E+01
    1776      1    211      1    166      1       1     3.2697E+00  9.710E-07  1.271E-08  2.305E+01
    1777      1    211      1    168      1       1     1.3810E+00  1.390E-07  2.333E-09  2.320E+01
    1796      1    212      1    165      1       1     3.2697E+00  9.042E-07  1.211E-08  2.243E+01
    1797      1    212      1    167      1       1     3.2697E+00  1.808E-06  2.423E-08  2.243E+01
    1798      1    212      1    169      1       1     1.3810E+00  4.259E-07  7.368E-09  2.256E+01
    1799      1    212      1    172      1       1     7.2001E-01  1.049E-07  3.161E-11  2.295E+01
    1816      1    213      1    167      1       1     3.2697E+00  5.440E-08  7.044E-10  2.335E+01
    1829      1    214      1    174      1       1     7.2002E-01  1.676E-07  6.135E-11  2.065E+01
    1830      1    214      1    178      1       1     4.1406E-01  8.523E-08  5.673E-11  2.134E+01
