#  File format type:   4
#
#  SPECT3D transition powers file.
#  RUN NAME:  xe_20-200ev_1e18-1e21_4mm
#  Total number of transitions   =     1890
#  Number of written transitions =      721
#  Plasma temperature (eV)       =     1.0000E+02
#  Mass density (g/cm3)          =     1.1216E-03
#  Cell areal density (g/cm2)    =     4.4865E-04
#  Material mass fractions       =     1.0000E+00
#  DCA material number fractions =     1.3000E-02    9.8700E-01
# -----------------------------------------------------
#
#
#   Trans.  Trans  Upper  Upper  Lower  Lower   Ioniz   Energy     Line Power Line Center Line Width
#   Index   Model  Level  Model  Level  Model   Stage   (eV)       (W/cm2)    Opt. Depth      eV
# --------------------------------------------------------------------------------------------------
       1      1      3      1      2      1      52     1.1982E+02  4.339E+08  3.508E-09  8.310E-03
       2      1      4      1      2      1      52     4.9234E+02  5.819E+10  9.144E-01  3.356E-02
       4      1      6      1      5      1      52     1.0651E+02  1.650E+09  1.029E-03  7.871E+01
       6      1      7      1      6      1      52     6.8034E+01  2.165E+08  1.434E-04  9.466E+01
       7      1      9      1      8      1      52     3.8672E+01  9.586E+07  3.432E-03  2.871E+01
       9      1     10      1      9      1      52     3.4641E+01  6.189E+07  9.391E-04  3.134E+01
      11      1     11      1     10      1      52     9.4480E+00  2.154E+05  3.550E-04  8.527E+00
      13      1     12      1      9      1      52     8.3242E+02  3.564E+12  1.000E-30  4.473E+01
      14      1     13      1      8      1      52     8.9349E+02  2.799E+12  8.642E-03  2.724E+01
      16      1     13      1     10      1      52     8.2018E+02  9.431E+11  1.000E-30  1.545E+01
      17      1     13      1     12      1      52     2.2396E+01  2.696E+07  8.698E-03  1.656E+01
      19      1     14      1      9      1      52     8.6975E+02  6.022E+12  4.845E-03  3.750E+01
      21      1     14      1     11      1      52     8.2566E+02  2.250E+11  1.000E-30  2.928E+00
      23      1     14      1     13      1      52     1.4925E+01  5.796E+06  1.707E-03  2.021E+01
      25      1     15      1     10      1      52     8.3968E+02  1.000E+13  1.597E-02  1.283E+01
      28      1     15      1     14      1      52     4.5752E+00  4.242E+04  1.200E-03  4.382E+00
      30      1     16      1     11      1      52     8.3260E+02  1.573E+13  4.155E-02  5.887E+00
      32      1     16      1     15      1      52     2.3647E+00  1.769E+03  6.495E-04  1.746E+00
      34      1     17      1      9      1      52     1.3019E+03  2.991E+12  1.000E-30  4.464E+01
      36      1     17      1     13      1      52     4.4709E+02  7.580E+11  1.000E-30  2.761E+01
      38      1     18      1      8      1      52     1.3534E+03  2.669E+12  4.035E-03  1.587E+01
      40      1     18      1     10      1      52     1.2800E+03  7.306E+11  1.000E-30  8.564E+00
      41      1     18      1     12      1      52     4.8226E+02  4.777E+11  1.640E-02  1.576E+01
      43      1     18      1     14      1      52     4.4493E+02  2.531E+11  1.000E-30  9.480E+00
      45      1     18      1     17      1      52     1.2770E+01  5.939E+06  1.848E-02  9.391E+00
      47      1     19      1      9      1      52     1.3234E+03  5.429E+12  1.146E-03  4.042E+01
      49      1     19      1     11      1      52     1.2793E+03  1.487E+11  1.000E-30  4.028E+00
      51      1     19      1     13      1      52     4.6860E+02  9.357E+11  7.768E-03  2.339E+01
      53      1     19      1     15      1      52     4.4910E+02  9.244E+10  1.000E-30  1.771E+00
      56      1     19      1     18      1      52     8.7378E+00  1.503E+06  3.819E-03  1.170E+01
      58      1     20      1     10      1      52     1.2912E+03  7.819E+12  2.985E-03  1.446E+01
      61      1     20      1     14      1      52     4.5609E+02  1.477E+12  3.040E-02  6.338E+00
      63      1     20      1     16      1      52     4.4915E+02  2.603E+10  1.000E-30  7.045E-01
      65      1     20      1     19      1      52     2.4178E+00  8.066E+03  2.679E-03  2.533E+00
      67      1     21      1     11      1      52     1.2829E+03  8.201E+12  4.787E-03  6.901E+00
      69      1     21      1     15      1      52     4.5271E+02  2.134E+12  7.459E-02  2.888E+00
      72      1     21      1     20      1      52     1.2002E+00  3.906E+02  1.875E-03  1.023E+00
      75      1     22      1     16      1      52     4.5135E+02  2.878E+12  1.522E-01  1.640E+00
      77      1     22      1     21      1      52     1.0028E+00  1.028E+02  1.275E-03  5.262E-01
      79      1     23      1     13      1      52     7.2854E+02  7.267E+11  1.000E-30  2.758E+01
      81      1     23      1     18      1      52     2.6868E+02  2.129E+11  1.000E-30  1.595E+01
      83      1     24      1     12      1      52     7.5883E+02  5.194E+11  7.149E-03  9.956E+00
      85      1     24      1     14      1      52     7.2151E+02  2.256E+11  1.000E-30  5.067E+00
      86      1     24      1     17      1      52     2.8935E+02  1.113E+11  2.856E-02  9.932E+00
      88      1     24      1     19      1      52     2.6784E+02  7.962E+10  1.000E-30  6.222E+00
      90      1     24      1     23      1      52     7.9016E+00  1.593E+06  3.449E-02  5.827E+00
      92      1     25      1     13      1      52     7.4204E+02  9.902E+11  1.927E-03  2.489E+01
      94      1     25      1     15      1      52     7.2254E+02  7.290E+10  1.000E-30  1.745E+00
      96      1     25      1     18      1      52     2.8218E+02  2.087E+11  1.405E-02  1.333E+01
      98      1     25      1     20      1      52     2.7102E+02  3.569E+10  1.000E-30  1.212E+00
     101      1     25      1     24      1      52     5.5989E+00  4.793E+05  7.413E-03  7.358E+00
     103      1     26      1     14      1      52     7.2843E+02  1.471E+12  6.323E-03  7.200E+00
     105      1     26      1     16      1      52     7.2149E+02  1.713E+10  1.000E-30  1.187E+00
     107      1     26      1     19      1      52     2.7476E+02  3.070E+11  5.271E-02  3.581E+00
     109      1     26      1     21      1      52     2.7114E+02  1.520E+10  1.000E-30  4.506E-01
     112      1     26      1     25      1      52     1.3194E+00  1.570E+03  4.984E-03  1.634E+00
     114      1     27      1     15      1      52     7.2446E+02  1.828E+12  1.213E-02  3.416E+00
     117      1     27      1     20      1      52     2.7295E+02  4.084E+11  1.219E-01  1.633E+00
     119      1     27      1     22      1      52     2.7075E+02  4.491E+09  1.000E-30  2.554E-01
     121      1     27      1     26      1      52     6.0740E-01  6.834E+01  3.847E-03  6.721E-01
     123      1     28      1     16      1      52     7.2273E+02  1.684E+12  1.494E-02  2.010E+00
     125      1     28      1     21      1      52     2.7238E+02  5.173E+11  2.386E-01  9.326E-01
     128      1     28      1     27      1      52     6.3240E-01  4.813E+01  3.554E-03  3.537E-01
     129      1     29      1     13      1      52     9.1039E+02  5.779E+11  1.000E-30  2.754E+01
     131      1     29      1     18      1      52     4.5053E+02  2.213E+11  1.000E-30  1.592E+01
     134      1     29      1     24      1      52     1.7396E+02  7.048E+10  1.000E-30  1.008E+01
     136      1     30      1     12      1      52     9.3797E+02  4.394E+11  4.720E-03  6.718E+00
     137      1     30      1     14      1      52     9.0065E+02  1.715E+11  1.000E-30  4.456E+00
     138      1     30      1     17      1      52     4.6848E+02  1.327E+11  1.162E-02  6.693E+00
     140      1     30      1     19      1      52     4.4698E+02  7.838E+10  1.000E-30  3.515E+00
     142      1     30      1     23      1      52     1.8704E+02  3.202E+10  4.630E-02  6.684E+00
     144      1     30      1     25      1      52     1.7354E+02  2.849E+10  1.000E-30  4.318E+00
     146      1     30      1     29      1      52     5.1810E+00  4.906E+05  5.900E-02  3.844E+00
     147      1     31      1     13      1      52     9.1941E+02  8.266E+11  8.166E-04  2.575E+01
     148      1     31      1     15      1      52     8.9991E+02  5.176E+10  1.000E-30  2.479E+00
     150      1     31      1     18      1      52     4.5956E+02  2.461E+11  3.543E-03  1.419E+01
     152      1     31      1     20      1      52     4.4840E+02  3.180E+10  1.000E-30  9.403E-01
     155      1     31      1     24      1      52     1.8298E+02  5.842E+10  2.352E-02  8.284E+00
     157      1     31      1     26      1      52     1.7606E+02  1.457E+10  1.000E-30  8.944E-01
     160      1     31      1     30      1      52     3.8407E+00  1.831E+05  1.302E-02  4.996E+00
     161      1     32      1     14      1      52     9.0519E+02  1.172E+12  2.446E-03  7.677E+00
     162      1     32      1     16      1      52     8.9825E+02  1.105E+10  1.000E-30  1.664E+00
     164      1     32      1     19      1      52     4.5152E+02  3.585E+11  1.155E-02  4.064E+00
     166      1     32      1     21      1      52     4.4790E+02  1.185E+10  1.000E-30  6.237E-01
     169      1     32      1     25      1      52     1.7808E+02  8.040E+10  8.439E-02  2.239E+00
     171      1     32      1     27      1      52     1.7615E+02  7.480E+09  1.000E-30  3.466E-01
     174      1     32      1     31      1      52     7.0280E-01  2.730E+02  8.190E-03  1.149E+00
     175      1     33      1     15      1      52     9.0089E+02  1.317E+12  4.099E-03  3.737E+00
     177      1     33      1     20      1      52     4.4938E+02  4.620E+11  2.294E-02  1.942E+00
     179      1     33      1     22      1      52     4.4717E+02  2.905E+09  1.000E-30  4.746E-01
     181      1     33      1     26      1      52     1.7704E+02  1.010E+11  1.874E-01  1.031E+00
     183      1     33      1     28      1      52     1.7580E+02  3.331E+09  1.000E-30  1.961E-01
     185      1     33      1     32      1      52     2.7490E-01  8.028E+00  6.642E-03  4.980E-01
     186      1     34      1     16      1      52     8.9895E+02  9.732E+11  3.977E-03  2.228E+00
     188      1     34      1     21      1      52     4.4860E+02  5.168E+11  3.440E-02  1.150E+00
     191      1     34      1     27      1      52     1.7685E+02  1.195E+11  3.448E-01  5.937E-01
     194      1     34      1     33      1      52     4.2420E-01  2.058E+01  6.346E-03  2.798E-01
     195      1     35      1     13      1      52     1.0346E+03  4.458E+11  1.000E-30  2.758E+01
     196      1     35      1     18      1      52     5.7478E+02  1.879E+11  1.000E-30  1.595E+01
     198      1     35      1     24      1      52     2.9820E+02  7.894E+10  1.000E-30  1.005E+01
     201      1     35      1     30      1      52     1.1906E+02  2.695E+10  1.000E-30  6.787E+00
     203      1     36      1     12      1      52     1.0606E+03  3.515E+11  3.653E-03  4.798E+00
     204      1     36      1     14      1      52     1.0233E+03  1.287E+11  1.000E-30  5.214E+00
     205      1     36      1     17      1      52     5.9109E+02  1.203E+11  7.310E-03  4.773E+00
     206      1     36      1     19      1      52     5.6958E+02  6.403E+10  1.000E-30  2.627E+00
     207      1     36      1     23      1      52     3.0964E+02  4.144E+10  1.785E-02  4.757E+00
     209      1     36      1     25      1      52     2.9614E+02  3.048E+10  1.000E-30  2.622E+00
     211      1     36      1     29      1      52     1.2779E+02  1.072E+10  7.068E-02  4.743E+00
     213      1     36      1     31      1      52     1.1877E+02  1.145E+10  1.000E-30  3.153E+00
     215      1     36      1     35      1      52     3.5433E+00  1.662E+05  9.229E-02  2.710E+00
     216      1     37      1     13      1      52     1.0410E+03  6.566E+11  4.373E-04  2.629E+01
     217      1     37      1     15      1      52     1.0215E+03  3.718E+10  1.000E-30  3.032E+00
     218      1     37      1     18      1      52     5.8110E+02  2.206E+11  1.509E-03  1.474E+01
     219      1     37      1     20      1      52     5.6995E+02  2.450E+10  1.000E-30  1.301E+00
     221      1     37      1     24      1      52     3.0452E+02  7.450E+10  5.954E-03  8.831E+00
     223      1     37      1     26      1      52     2.9760E+02  1.422E+10  1.000E-30  6.276E-01
     226      1     37      1     30      1      52     1.2539E+02  1.934E+10  3.665E-02  5.568E+00
     228      1     37      1     32      1      52     1.2084E+02  6.389E+09  1.000E-30  7.161E-01
     231      1     37      1     36      1      52     2.7803E+00  8.077E+04  2.135E-02  3.587E+00
     232      1     38      1     14      1      52     1.0264E+03  8.980E+11  1.237E-03  7.966E+00
     233      1     38      1     16      1      52     1.0194E+03  7.438E+09  1.000E-30  1.979E+00
     234      1     38      1     19      1      52     5.7269E+02  3.151E+11  4.562E-03  4.379E+00
     235      1     38      1     21      1      52     5.6908E+02  8.407E+09  1.000E-30  9.077E-01
     237      1     38      1     25      1      52     2.9925E+02  1.064E+11  1.898E-02  2.548E+00
     239      1     38      1     27      1      52     2.9733E+02  6.576E+09  1.000E-30  3.948E-01
     242      1     38      1     31      1      52     1.2188E+02  2.495E+10  1.247E-01  1.534E+00
     244      1     38      1     33      1      52     1.2090E+02  3.665E+09  1.000E-30  3.135E-01
     247      1     38      1     37      1      52     3.3030E-01  3.279E+01  1.242E-02  8.852E-01
     248      1     39      1     15      1      52     1.0219E+03  9.437E+11  1.904E-03  3.942E+00
     249      1     39      1     20      1      52     5.7035E+02  3.826E+11  8.232E-03  2.147E+00
     250      1     39      1     22      1      52     5.6815E+02  1.845E+09  1.000E-30  6.727E-01
     252      1     39      1     26      1      52     2.9801E+02  1.364E+11  3.733E-02  1.229E+00
     254      1     39      1     28      1      52     2.9677E+02  2.541E+09  1.000E-30  3.122E-01
     256      1     39      1     32      1      52     1.2125E+02  2.971E+10  2.591E-01  7.326E-01
     258      1     39      1     34      1      52     1.2055E+02  1.958E+09  1.000E-30  1.928E-01
     260      1     39      1     38      1      52     7.3900E-02  1.859E-01  1.086E-02  3.570E-01
     261      1     40      1     16      1      52     1.0198E+03  6.148E+11  1.607E-03  2.380E+00
     262      1     40      1     21      1      52     5.6945E+02  3.818E+11  1.066E-02  1.296E+00
     264      1     40      1     27      1      52     2.9770E+02  1.601E+11  5.859E-02  7.399E-01
     267      1     40      1     33      1      52     1.2127E+02  3.432E+10  4.477E-01  4.421E-01
     270      1     40      1     39      1      52     2.9800E-01  9.108E+00  8.318E-03  2.639E-01
     271      1     41      1     13      1      52     1.1233E+03  3.441E+11  1.000E-30  2.762E+01
     272      1     41      1     18      1      52     6.6340E+02  1.525E+11  1.000E-30  1.600E+01
     273      1     41      1     24      1      52     3.8682E+02  7.027E+10  1.000E-30  1.009E+01
     275      1     41      1     30      1      52     2.0768E+02  3.158E+10  1.000E-30  6.829E+00
     278      1     41      1     36      1      52     8.5076E+01  1.137E+10  1.000E-30  4.866E+00
     280      1     42      1     12      1      52     1.1482E+03  2.775E+11  3.046E-03  3.578E+00
     281      1     42      1     14      1      52     1.1108E+03  9.752E+10  1.000E-30  6.032E+00
     282      1     42      1     17      1      52     6.7867E+02  1.014E+11  5.457E-03  3.553E+00
     283      1     42      1     19      1      52     6.5716E+02  5.061E+10  1.000E-30  2.791E+00
     284      1     42      1     23      1      52     3.9722E+02  3.962E+10  1.074E-02  3.543E+00
     285      1     42      1     25      1      52     3.8372E+02  2.636E+10  1.000E-30  1.863E+00
     286      1     42      1     29      1      52     2.1536E+02  1.494E+10  2.597E-02  3.542E+00
     288      1     42      1     31      1      52     2.0634E+02  1.299E+10  1.000E-30  2.061E+00
     290      1     42      1     35      1      52     9.1119E+01  4.041E+09  1.020E-01  3.547E+00
     292      1     42      1     37      1      52     8.4795E+01  5.042E+09  1.000E-30  2.424E+00
     294      1     42      1     41      1      52     2.4992E+00  6.099E+04  1.294E-01  2.097E+00
     295      1     43      1     13      1      52     1.1279E+03  5.154E+11  2.656E-04  2.672E+01
     296      1     43      1     15      1      52     1.1084E+03  2.732E+10  1.000E-30  3.426E+00
     297      1     43      1     18      1      52     6.6800E+02  1.848E+11  8.117E-04  1.510E+01
     298      1     43      1     20      1      52     6.5684E+02  1.859E+10  1.000E-30  1.650E+00
     299      1     43      1     24      1      52     3.9142E+02  7.084E+10  2.545E-03  9.193E+00
     300      1     43      1     26      1      52     3.8450E+02  1.167E+10  1.000E-30  7.970E-01
     302      1     43      1     30      1      52     2.1228E+02  2.621E+10  9.274E-03  5.918E+00
     304      1     43      1     32      1      52     2.0774E+02  6.680E+09  1.000E-30  5.163E-01
     307      1     43      1     36      1      52     8.9678E+01  7.248E+09  5.389E-02  3.968E+00
     309      1     43      1     38      1      52     8.6568E+01  2.996E+09  1.000E-30  6.284E-01
     312      1     43      1     42      1      52     2.1031E+00  3.989E+04  3.247E-02  2.724E+00
     313      1     44      1     15      1      52     1.1084E+03  6.950E+11  1.056E-03  4.097E+00
     314      1     44      1     20      1      52     6.5688E+02  3.019E+11  3.942E-03  2.295E+00
     315      1     44      1     22      1      52     6.5468E+02  1.236E+09  1.000E-30  8.221E-01
     316      1     44      1     26      1      52     3.8454E+02  1.250E+11  1.365E-02  1.384E+00
     317      1     44      1     28      1      52     3.8330E+02  1.791E+09  1.000E-30  4.545E-01
     319      1     44      1     32      1      52     2.0778E+02  4.617E+10  5.324E-02  8.826E-01
     321      1     44      1     34      1      52     2.0708E+02  1.688E+09  1.000E-30  2.653E-01
     323      1     44      1     38      1      52     8.6605E+01  1.029E+10  3.165E-01  5.936E-01
     325      1     44      1     40      1      52     8.6233E+01  1.099E+09  1.000E-30  2.255E-01
     327      1     45      1     14      1      52     1.1130E+03  6.902E+11  7.242E-04  8.199E+00
     328      1     45      1     16      1      52     1.1061E+03  5.208E+09  1.000E-30  2.206E+00
     329      1     45      1     19      1      52     6.5935E+02  2.588E+11  2.332E-03  4.599E+00
     330      1     45      1     21      1      52     6.5574E+02  6.079E+09  1.000E-30  1.128E+00
     331      1     45      1     25      1      52     3.8591E+02  1.002E+11  7.543E-03  2.768E+00
     332      1     45      1     27      1      52     3.8399E+02  5.044E+09  1.000E-30  5.813E-01
     334      1     45      1     31      1      52     2.0854E+02  3.640E+10  2.821E-02  1.748E+00
     336      1     45      1     33      1      52     2.0756E+02  3.537E+09  1.000E-30  3.238E-01
     339      1     45      1     37      1      52     8.6990E+01  8.830E+09  1.695E-01  1.157E+00
     341      1     45      1     39      1      52     8.6586E+01  1.855E+09  1.000E-30  3.231E-01
     344      1     45      1     43      1      52     9.2200E-02  8.084E-01  2.179E-02  5.597E-01
     345      1     45      1     44      1      52     5.4600E-02  1.143E-01  1.000E-30  2.859E-01
     346      1     46      1     16      1      52     1.1062E+03  4.142E+11  8.078E-04  2.495E+00
     347      1     46      1     21      1      52     6.5590E+02  2.784E+11  4.610E-03  1.411E+00
     348      1     46      1     27      1      52     3.8415E+02  1.388E+11  1.933E-02  8.572E-01
     350      1     46      1     33      1      52     2.0772E+02  5.505E+10  8.109E-02  5.542E-01
     353      1     46      1     39      1      52     8.6749E+01  1.352E+10  4.865E-01  3.882E-01
     355      1     46      1     44      1      52     2.1720E-01  4.241E+00  8.434E-03  2.914E-01
     357      1     48      1     47      1      52     3.1750E+02  1.271E+10  7.039E-04  1.840E+02
     358      1     49      1     48      1      52     3.6284E+02  6.896E+10  3.871E-05  2.762E+02
     359      1     51      1     50      1      52     7.7750E-01  1.808E+02  3.294E-04  1.384E+02
     360      1     52      1     51      1      52     6.6689E+02  1.070E+12  1.000E-30  4.204E+02
     361      1     54      1     53      1      52     3.0082E+01  6.410E+07  1.000E-30  1.845E+02
     362      1     55      1     53      1      52     1.0120E+02  1.320E+09  9.356E-04  8.075E+01
     363      1     56      1     54      1      52     1.0442E+02  1.482E+09  1.038E-03  7.434E+01
     364      1     56      1     55      1      52     3.3297E+01  8.632E+07  1.000E-30  1.922E+02
     365      1     57      1     55      1      52     9.2670E+01  7.386E+08  1.653E-04  1.109E+02
     367      1     58      1     56      1      52     9.3608E+01  7.653E+08  1.732E-04  1.064E+02
     368      1     58      1     57      1      52     3.4235E+01  9.369E+07  1.000E-30  1.948E+02
     369      1     61      1     60      1      53     7.7081E+01  5.129E+07  8.810E-10  5.432E-03
     370      1     62      1     60      1      53     8.3045E+01  7.715E+07  1.000E-30  5.832E-03
     373      1     63      1     61      1      53     8.0094E+00  1.337E+02  1.000E-30  7.970E-04
     375      1     64      1     60      1      53     4.6515E+02  5.502E+10  5.892E-01  3.168E-02
     378      1     65      1     60      1      53     5.0090E+02  3.623E+10  3.620E-10  3.405E-02
     380      1     65      1     63      1      53     4.1581E+02  1.715E+10  1.277E+00  2.836E-02
     381      1     67      1     66      1      53     9.2071E+01  8.860E+08  1.175E-03  5.729E+01
     383      1     68      1     67      1      53     2.1266E+02  1.162E+10  2.241E-04  3.995E+01
     385      1     69      1     67      1      53     2.3259E+02  8.956E+09  1.000E-30  2.161E+01
     386      1     71      1     70      1      53     1.8245E+01  5.866E+06  4.483E-03  1.282E+01
     388      1     72      1     71      1      53     7.1086E+01  1.050E+09  1.692E-03  3.416E+01
     390      1     73      1     72      1      53     1.1156E+02  4.027E+09  3.425E-03  1.007E+01
     392      1     74      1     71      1      53     8.8734E+02  4.241E+12  1.000E-30  4.807E+01
     393      1     75      1     70      1      53     9.0769E+02  2.998E+12  8.116E-03  2.961E+01
     395      1     75      1     72      1      53     8.1835E+02  8.862E+11  1.000E-30  1.673E+01
     396      1     75      1     74      1      53     2.1014E+00  1.214E+04  1.671E-02  4.751E+00
     398      1     76      1     71      1      53     9.4411E+02  8.135E+12  4.735E-03  4.051E+01
     400      1     76      1     73      1      53     7.6146E+02  1.566E+11  1.000E-30  3.162E+00
     402      1     76      1     75      1      53     5.4666E+01  9.707E+08  5.207E-03  2.271E+01
     404      1     77      1     72      1      53     9.7713E+02  1.762E+13  1.653E-02  1.387E+01
     407      1     77      1     76      1      53     1.0411E+02  1.056E+10  2.201E-02  5.204E+00
     409      1     78      1     73      1      53     1.0763E+03  4.201E+13  4.768E-02  6.394E+00
     411      1     78      1     77      1      53     2.1071E+02  7.575E+10  3.391E-02  2.122E+00
     412      1     79      1     70      1      53     1.3871E+03  2.924E+12  3.634E-03  1.793E+01
     414      1     79      1     72      1      53     1.2978E+03  7.331E+11  1.000E-30  9.333E+00
     415      1     79      1     74      1      53     4.8154E+02  4.794E+11  1.526E-02  1.704E+01
     417      1     79      1     76      1      53     4.2478E+02  1.993E+11  1.000E-30  1.025E+01
     420      1     80      1     71      1      53     1.3753E+03  3.461E+12  1.000E-30  4.804E+01
     422      1     80      1     75      1      53     4.8588E+02  9.825E+11  1.000E-30  2.967E+01
     424      1     80      1     79      1      53     6.4349E+00  1.267E+06  1.000E-30  1.650E+01
     426      1     81      1     71      1      53     1.4208E+03  6.957E+12  1.098E-03  4.369E+01
     428      1     81      1     73      1      53     1.2382E+03  1.260E+11  1.000E-30  4.334E+00
     430      1     81      1     75      1      53     5.3137E+02  1.505E+12  7.936E-03  2.525E+01
     432      1     81      1     77      1      53     3.7259E+02  4.235E+10  1.000E-30  1.921E+00
     434      1     81      1     79      1      53     5.1923E+01  1.699E+09  1.888E-02  1.305E+01
     438      1     82      1     76      1      53     5.7966E+02  3.674E+12  3.419E-02  6.864E+00
     440      1     82      1     78      1      53     2.6484E+02  3.039E+09  1.000E-30  7.616E-01
     442      1     82      1     81      1      53     1.0296E+02  2.241E+10  9.081E-02  3.025E+00
     443      1     83      1     74      1      53     7.7070E+02  5.489E+11  6.494E-03  1.105E+01
     445      1     83      1     76      1      53     7.1393E+02  2.051E+11  1.000E-30  5.490E+00
     447      1     83      1     80      1      53     2.8272E+02  1.024E+11  2.605E-02  1.070E+01
     448      1     83      1     81      1      53     2.3723E+02  4.644E+10  1.000E-30  6.726E+00
     451      1     84      1     75      1      53     7.7945E+02  8.899E+11  1.000E-30  2.963E+01
     452      1     84      1     79      1      53     3.0001E+02  3.054E+11  1.000E-30  1.711E+01
     455      1     84      1     83      1      53     1.0851E+01  8.903E+06  1.000E-30  1.127E+01
     457      1     85      1     75      1      53     8.2063E+02  1.440E+12  1.924E-03  2.681E+01
     459      1     85      1     77      1      53     6.6185E+02  4.962E+10  1.000E-30  1.876E+00
     460      1     85      1     79      1      53     3.4119E+02  4.329E+11  1.533E-02  1.436E+01
     463      1     85      1     82      1      53     1.8630E+02  7.704E+09  1.000E-30  1.300E+00
     464      1     85      1     83      1      53     5.2031E+01  3.116E+09  5.775E-02  8.193E+00
     467      1     86      1     77      1      53     6.7729E+02  9.946E+12  9.808E-02  3.147E+00
     470      1     86      1     82      1      53     2.0174E+02  1.675E+11  1.726E-01  1.238E+00
     473      1     87      1     78      1      53     5.1236E+02  4.614E+12  1.521E-01  1.798E+00
     475      1     87      1     86      1      53     4.5782E+01  4.039E+08  4.655E-02  6.343E-01
     477      1     88      1     76      1      53     8.6948E+02  2.874E+12  6.718E-03  7.791E+00
     479      1     88      1     78      1      53     5.5466E+02  5.802E+09  1.000E-30  1.292E+00
     481      1     88      1     81      1      53     3.9278E+02  1.205E+12  6.642E-02  3.888E+00
     484      1     88      1     85      1      53     1.0351E+02  3.786E+10  2.881E-01  1.939E+00
     485      1     88      1     86      1      53     8.8076E+01  2.413E+08  1.000E-30  4.788E-01
     487      1     89      1     74      1      53     9.5869E+02  4.743E+11  4.103E-03  7.807E+00
     488      1     89      1     76      1      53     9.0192E+02  1.640E+11  1.000E-30  4.840E+00
     490      1     89      1     80      1      53     4.7071E+02  1.347E+11  1.061E-02  7.333E+00
     491      1     89      1     81      1      53     4.2522E+02  6.109E+10  1.000E-30  3.795E+00
     494      1     89      1     84      1      53     1.7714E+02  2.613E+10  4.104E-02  7.193E+00
     495      1     89      1     85      1      53     1.3596E+02  1.022E+10  1.000E-30  4.640E+00
     497      1     90      1     75      1      53     9.7022E+02  6.980E+11  1.000E-30  2.966E+01
     498      1     90      1     79      1      53     4.9078E+02  2.910E+11  1.000E-30  1.714E+01
     501      1     90      1     83      1      53     2.0163E+02  1.179E+11  1.000E-30  1.078E+01
     504      1     90      1     89      1      53     1.3639E+01  1.521E+07  1.000E-30  3.931E+00
     505      1     91      1     75      1      53     1.0099E+03  1.164E+12  8.053E-04  2.774E+01
     506      1     91      1     77      1      53     8.5110E+02  3.995E+10  1.000E-30  2.668E+00
     507      1     91      1     79      1      53     5.3043E+02  4.229E+11  3.676E-03  1.528E+01
     510      1     91      1     82      1      53     3.7555E+02  1.509E+10  1.000E-30  9.957E-01
     511      1     91      1     83      1      53     2.4127E+02  1.708E+11  2.801E-02  8.927E+00
     515      1     91      1     88      1      53     8.5729E+01  7.897E+08  1.000E-30  9.614E-01
     516      1     91      1     89      1      53     5.3287E+01  5.369E+09  1.552E-01  5.484E+00
     518      1     92      1     74      1      53     1.0879E+03  3.844E+11  2.922E-03  6.072E+00
     519      1     92      1     76      1      53     1.0312E+03  1.261E+11  1.000E-30  5.649E+00
     520      1     92      1     80      1      53     5.9995E+02  1.265E+11  6.532E-03  5.367E+00
     521      1     92      1     81      1      53     5.5446E+02  5.473E+10  1.000E-30  2.848E+00
     523      1     92      1     84      1      53     3.0638E+02  3.946E+10  1.612E-02  5.164E+00
     524      1     92      1     85      1      53     2.6520E+02  1.861E+10  1.000E-30  2.822E+00
     527      1     92      1     90      1      53     1.1560E+02  7.335E+09  6.004E-02  5.091E+00
     528      1     92      1     91      1      53     7.5952E+01  1.822E+09  1.000E-30  3.377E+00
     529      1     93      1     75      1      53     1.1014E+03  5.366E+11  1.000E-30  2.969E+01
     530      1     93      1     79      1      53     6.2192E+02  2.420E+11  1.000E-30  1.717E+01
     531      1     93      1     83      1      53     3.3276E+02  1.143E+11  1.000E-30  1.082E+01
     534      1     93      1     89      1      53     1.4478E+02  5.425E+10  1.000E-30  7.297E+00
     537      1     93      1     92      1      53     1.5538E+01  6.364E+07  1.000E-30  5.353E+00
     538      1     94      1     76      1      53     1.0597E+03  2.118E+12  2.538E-03  8.332E+00
     539      1     94      1     78      1      53     7.4491E+02  5.053E+09  1.000E-30  1.801E+00
     541      1     94      1     81      1      53     5.8303E+02  9.547E+11  1.322E-02  4.404E+00
     544      1     94      1     85      1      53     2.9377E+02  5.480E+11  1.237E-01  2.429E+00
     545      1     94      1     86      1      53     2.7833E+02  1.706E+09  1.000E-30  6.608E-01
     549      1     94      1     91      1      53     1.0453E+02  5.077E+10  7.479E-01  1.350E+00
     552      1     95      1     77      1      53     9.6122E+02  5.440E+12  1.424E-02  3.720E+00
     555      1     95      1     82      1      53     4.8567E+02  3.662E+12  1.920E-01  1.779E+00
     558      1     95      1     87      1      53     2.3815E+02  2.595E+09  1.000E-30  2.836E-01
     559      1     95      1     88      1      53     1.9586E+02  2.401E+11  5.539E-01  8.216E-01
     561      1     95      1     94      1      53     5.5996E+00  6.062E+04  7.905E-03  3.731E-01
     562      1     96      1     75      1      53     1.1409E+03  9.138E+11  4.288E-04  2.835E+01
     563      1     96      1     77      1      53     9.8211E+02  3.066E+10  1.000E-30  3.265E+00
     564      1     96      1     79      1      53     6.6145E+02  3.580E+11  1.546E-03  1.583E+01
     565      1     96      1     82      1      53     5.0657E+02  1.478E+10  1.000E-30  1.382E+00
     566      1     96      1     83      1      53     3.7229E+02  1.607E+11  6.556E-03  9.473E+00
     569      1     96      1     88      1      53     2.1675E+02  3.857E+09  1.000E-30  6.661E-01
     570      1     96      1     89      1      53     1.8430E+02  8.649E+10  4.881E-02  5.986E+00
     573      1     96      1     92      1      53     5.5065E+01  8.266E+09  3.701E-01  3.906E+00
     575      1     96      1     94      1      53     2.6491E+01  1.385E+07  1.000E-30  7.674E-01
     578      1     97      1     78      1      53     7.9354E+02  2.353E+12  1.444E-02  2.193E+00
     580      1     97      1     86      1      53     3.2696E+02  1.018E+12  2.548E-01  1.008E+00
     584      1     97      1     95      1      53     4.3029E+01  7.902E+08  1.909E-01  4.313E-01
     585      1     98      1     74      1      53     1.1808E+03  3.066E+11  2.150E-03  5.146E+00
     586      1     98      1     76      1      53     1.1240E+03  9.709E+10  1.000E-30  6.530E+00
     587      1     98      1     80      1      53     6.9278E+02  1.092E+11  4.652E-03  4.204E+00
     588      1     98      1     81      1      53     6.4729E+02  4.536E+10  1.000E-30  3.018E+00
     589      1     98      1     84      1      53     3.9921E+02  4.005E+10  9.678E-03  3.911E+00
     590      1     98      1     85      1      53     3.5803E+02  1.900E+10  1.000E-30  2.005E+00
     592      1     98      1     90      1      53     2.0843E+02  1.303E+10  2.305E-02  3.825E+00
     593      1     98      1     91      1      53     1.6878E+02  5.531E+09  1.000E-30  2.207E+00
     595      1     98      1     93      1      53     7.7294E+01  2.161E+09  8.162E-02  3.790E+00
     597      1     98      1     96      1      53     3.7767E+01  1.879E+08  1.000E-30  2.582E+00
     598      1     99      1     75      1      53     1.1956E+03  4.149E+11  1.000E-30  2.973E+01
     599      1     99      1     79      1      53     7.1611E+02  1.942E+11  1.000E-30  1.721E+01
     600      1     99      1     83      1      53     4.2696E+02  9.773E+10  1.000E-30  1.086E+01
     601      1     99      1     89      1      53     2.3897E+02  5.175E+10  1.000E-30  7.338E+00
     604      1     99      1     92      1      53     1.0973E+02  2.900E+10  1.000E-30  5.202E+00
     607      1     99      1     98      1      53     1.6897E+01  1.685E+08  1.000E-30  4.058E+00
     608      1    100      1     75      1      53     1.2357E+03  7.155E+11  2.603E-04  2.877E+01
     609      1    100      1     77      1      53     1.0769E+03  2.351E+10  1.000E-30  3.684E+00
     610      1    100      1     79      1      53     7.5626E+02  2.933E+11  8.247E-04  1.625E+01
     611      1    100      1     82      1      53     6.0138E+02  1.266E+10  1.000E-30  1.756E+00
     612      1    100      1     83      1      53     4.6710E+02  1.391E+11  2.732E-03  9.899E+00
     613      1    100      1     88      1      53     3.1156E+02  4.847E+09  1.000E-30  8.438E-01
     614      1    100      1     89      1      53     2.7912E+02  7.581E+10  1.101E-02  6.360E+00
     617      1    100      1     92      1      53     1.4988E+02  5.318E+10  8.185E-02  4.255E+00
     619      1    100      1     94      1      53     1.2130E+02  7.481E+08  1.000E-30  5.407E-01
     621      1    100      1     98      1      53     5.7044E+01  1.109E+10  7.871E-01  2.945E+00
     623      1    101      1     76      1      53     1.1918E+03  1.570E+12  1.277E-03  8.622E+00
     624      1    101      1     78      1      53     8.7698E+02  3.942E+09  1.000E-30  2.142E+00
     625      1    101      1     81      1      53     7.1510E+02  7.348E+11  5.054E-03  4.738E+00
     627      1    101      1     85      1      53     4.2583E+02  4.152E+11  2.392E-02  2.757E+00
     628      1    101      1     86      1      53     4.1039E+02  2.200E+09  1.000E-30  9.629E-01
     631      1    101      1     91      1      53     2.3659E+02  3.089E+11  2.146E-01  1.659E+00
     634      1    101      1     95      1      53     1.2646E+02  2.609E+08  1.000E-30  4.194E-01
     635      1    101      1     96      1      53     1.0557E+02  5.622E+10  1.648E+00  1.028E+00
     638      1    101      1    100      1      53     1.0760E+01  5.655E+05  8.219E-03  6.568E-01
     639      1    102      1     77      1      53     1.1469E+03  3.334E+12  4.632E-03  4.061E+00
     641      1    102      1     82      1      53     6.7131E+02  2.187E+12  3.024E-02  2.113E+00
     644      1    102      1     87      1      53     4.2378E+02  2.261E+09  1.000E-30  5.159E-01
     645      1    102      1     88      1      53     3.8149E+02  1.759E+12  3.397E-01  1.137E+00
     647      1    102      1     94      1      53     1.9123E+02  2.561E+11  1.372E+00  6.053E-01
     650      1    102      1     97      1      53     1.4260E+02  1.385E+09  1.000E-30  2.175E-01
     652      1    102      1    101      1      53     5.9168E+01  8.666E+07  1.034E-02  3.413E-01
     653      1    103      1     76      1      53     1.2875E+03  1.191E+12  7.421E-04  8.919E+00
     654      1    103      1     78      1      53     9.7272E+02  3.024E+09  1.000E-30  2.381E+00
     655      1    103      1     81      1      53     8.1083E+02  5.696E+11  2.551E-03  4.977E+00
     656      1    103      1     85      1      53     5.2157E+02  3.216E+11  9.102E-03  2.990E+00
     657      1    103      1     86      1      53     5.0613E+02  2.079E+09  1.000E-30  1.196E+00
     659      1    103      1     91      1      53     3.3233E+02  2.226E+11  4.006E-02  1.892E+00
     662      1    103      1     95      1      53     2.2220E+02  5.669E+08  1.000E-30  6.175E-01
     663      1    103      1     96      1      53     2.0131E+02  2.063E+11  3.514E-01  1.242E+00
     665      1    103      1    100      1      53     1.0650E+02  6.606E+10  3.118E+00  8.536E-01
     667      1    103      1    102      1      53     3.6571E+01  8.193E+06  1.000E-30  3.392E-01
     668      1    104      1     78      1      53     9.7661E+02  1.305E+12  3.813E-03  2.429E+00
     670      1    104      1     86      1      53     5.1003E+02  8.305E+11  3.498E-02  1.238E+00
     674      1    104      1     95      1      53     2.2610E+02  2.968E+11  3.899E-01  6.520E-01
     677      1    104      1    102      1      53     4.0464E+01  1.027E+09  4.846E-01  3.365E-01
     679      1    105      1     77      1      53     1.2750E+03  2.203E+12  2.108E-03  4.279E+00
     680      1    105      1     82      1      53     7.9944E+02  1.422E+12  1.026E-02  2.332E+00
     682      1    105      1     87      1      53     5.5191E+02  1.589E+09  1.000E-30  7.276E-01
     683      1    105      1     88      1      53     5.0962E+02  1.094E+12  5.587E-02  1.349E+00
     685      1    105      1     94      1      53     3.1936E+02  1.009E+12  5.453E-01  8.075E-01
     688      1    105      1     97      1      53     2.7073E+02  1.701E+09  1.000E-30  3.396E-01
     690      1    105      1    101      1      53     1.8730E+02  2.940E+11  2.679E+00  5.049E-01
     692      1    105      1    103      1      53     9.1560E+01  1.412E+08  4.261E-03  3.467E-01
     693      1    105      1    104      1      53     8.7667E+01  5.273E+08  1.000E-30  2.109E-01
     694      1    106      1     78      1      53     1.1024E+03  8.070E+11  1.536E-03  2.587E+00
     695      1    106      1     86      1      53     6.3583E+02  5.712E+11  1.064E-02  1.395E+00
     698      1    106      1     95      1      53     3.5190E+02  3.000E+11  6.096E-02  8.088E-01
     701      1    106      1    102      1      53     1.6626E+02  1.093E+11  5.388E-01  4.837E-01
     704      1    106      1    105      1      53     3.8133E+01  1.377E+09  8.846E-01  3.072E-01
     705      1    107      1     77      1      53     1.3672E+03  1.541E+12  1.151E-03  4.442E+00
     706      1    107      1     82      1      53     8.9170E+02  9.859E+11  4.740E-03  2.494E+00
     707      1    107      1     87      1      53     6.4417E+02  1.123E+09  1.000E-30  8.891E-01
     708      1    107      1     88      1      53     6.0188E+02  7.182E+11  1.886E-02  1.512E+00
     710      1    107      1     94      1      53     4.1162E+02  6.470E+11  9.162E-02  9.702E-01
     712      1    107      1     97      1      53     3.6299E+02  1.389E+09  1.000E-30  4.914E-01
     714      1    107      1    101      1      53     2.7956E+02  6.770E+11  7.714E-01  6.562E-01
     716      1    107      1    103      1      53     1.8382E+02  4.785E+11  4.214E+00  4.800E-01
     717      1    107      1    104      1      53     1.7993E+02  9.275E+08  1.000E-30  2.865E-01
     719      1    107      1    106      1      53     5.4126E+01  1.649E+08  1.000E-30  2.419E-01
     720      1    108      1     78      1      53     1.1926E+03  5.381E+11  7.739E-04  2.701E+00
     721      1    108      1     86      1      53     7.2599E+02  4.026E+11  4.579E-03  1.516E+00
     723      1    108      1     95      1      53     4.4206E+02  2.323E+11  1.973E-02  9.229E-01
     725      1    108      1    102      1      53     2.5642E+02  1.219E+11  8.904E-02  6.004E-01
     728      1    108      1    105      1      53     1.2829E+02  5.719E+10  6.373E-01  4.200E-01
     730      1    108      1    107      1      53     3.6034E+01  1.612E+09  1.229E+00  3.263E-01
     731      1    110      1    109      1      53     1.0325E+02  2.409E+09  1.000E-30  3.596E+02
     732      1    111      1    109      1      53     6.2828E+02  6.104E+11  4.529E-05  4.026E+02
     733      1    114      1    113      1      54     7.1415E+00  7.350E+03  1.000E-30  7.308E-04
     735      1    115      1    114      1      54     4.2027E+02  2.991E+10  8.575E-01  2.860E-02
     736      1    117      1    116      1      54     8.2284E+01  7.349E+07  8.277E+00  6.952E-03
     737      1    118      1    117      1      54     6.5579E+01  1.724E+08  1.220E-04  9.900E+01
     739      1    120      1    119      1      54     2.7707E+01  5.314E+06  8.632E+00  6.570E-03
     740      1    121      1    120      1      54     3.4184E+01  5.430E+07  7.617E-04  3.528E+01
     743      1    122      1    121      1      54     1.1729E+01  4.750E+05  3.473E-04  1.005E+01
     745      1    124      1    119      1      54     9.4819E+02  3.581E+12  8.038E-03  3.133E+01
     746      1    124      1    121      1      54     8.8629E+02  1.154E+12  1.000E-30  1.767E+01
     747      1    123      1    120      1      54     9.0352E+02  4.214E+12  1.000E-30  5.148E+01
     749      1    124      1    123      1      54     1.6956E+01  2.971E+06  3.148E+00  2.299E-02
     750      1    125      1    120      1      54     9.3511E+02  7.620E+12  4.299E-03  4.300E+01
     753      1    125      1    122      1      54     8.8920E+02  2.813E+11  1.000E-30  3.410E+00
     754      1    125      1    124      1      54     1.4632E+01  4.987E+06  1.410E-03  2.234E+01
     757      1    126      1    121      1      54     9.0719E+02  1.267E+13  1.369E-02  1.498E+01
     759      1    126      1    125      1      54     6.2624E+00  1.373E+05  1.281E-03  5.182E+00
     761      1    127      1    122      1      54     9.0472E+02  2.046E+13  3.591E-02  6.853E+00
     763      1    127      1    126      1      54     9.2648E+00  1.646E+05  8.588E-04  2.044E+00
     765      1    129      1    121      1      54     1.3816E+03  8.952E+11  1.000E-30  9.963E+00
     767      1    129      1    123      1      54     5.1224E+02  6.170E+11  1.535E-02  1.811E+01
     768      1    129      1    125      1      54     4.8065E+02  3.102E+11  1.000E-30  1.083E+01
     770      1    128      1    120      1      54     1.4063E+03  3.531E+12  1.000E-30  5.136E+01
     772      1    128      1    124      1      54     4.8585E+02  9.054E+11  1.000E-30  3.178E+01
     775      1    129      1    128      1      54     9.4325E+00  6.651E+05  2.561E+00  3.251E-02
     777      1    130      1    120      1      54     1.4246E+03  4.464E+12  8.514E-03  3.627E+00
     779      1    130      1    122      1      54     1.3787E+03  1.872E+11  1.000E-30  4.664E+00
     780      1    130      1    124      1      54     5.0408E+02  1.188E+12  6.887E-03  2.687E+01
     783      1    130      1    126      1      54     4.8319E+02  1.155E+11  1.000E-30  2.066E+00
     785      1    130      1    129      1      54     8.7978E+00  1.427E+06  3.199E-03  1.298E+01
     788      1    131      1    121      1      54     1.3942E+03  9.861E+12  2.559E-03  1.689E+01
     790      1    131      1    125      1      54     4.9329E+02  1.882E+12  2.604E-02  7.407E+00
     791      1    131      1    127      1      54     4.7777E+02  3.107E+10  1.000E-30  8.137E-01
     793      1    131      1    130      1      54     3.8408E+00  4.699E+04  3.263E-03  3.023E+00
     795      1    132      1    122      1      54     1.3904E+03  1.047E+13  4.117E-03  8.045E+00
     797      1    132      1    126      1      54     4.9497E+02  2.839E+12  6.435E-02  3.365E+00
     799      1    132      1    131      1      54     7.9348E+00  1.911E+05  2.706E-03  1.200E+00
     800      1    133      1    127      1      54     4.8686E+02  3.699E+12  1.307E-01  1.909E+00
     801      1    133      1    132      1      54     1.1594E+00  1.701E+02  1.179E-03  6.096E-01
     802      1    134      1    124      1      54     7.8763E+02  8.641E+11  1.000E-30  3.171E+01
     804      1    134      1    129      1      54     2.9235E+02  2.542E+11  1.000E-30  1.837E+01
     808      1    135      1    123      1      54     8.1021E+02  6.669E+11  6.525E-03  1.150E+01
     809      1    135      1    125      1      54     7.7862E+02  2.770E+11  1.000E-30  1.004E+01
     811      1    135      1    128      1      54     3.0740E+02  1.439E+11  2.674E-02  1.140E+01
     812      1    135      1    130      1      54     2.8917E+02  9.730E+10  1.000E-30  5.809E+00
     814      1    135      1    134      1      54     5.6221E+00  4.118E+05  4.763E-02  3.082E+00
     815      1    136      1    124      1      54     7.9909E+02  1.251E+12  1.531E-03  3.169E+01
     818      1    136      1    126      1      54     7.7820E+02  9.152E+10  1.000E-30  4.996E+00
     819      1    136      1    129      1      54     3.0380E+02  2.672E+11  1.042E-02  1.834E+01
     822      1    136      1    131      1      54     2.9116E+02  4.431E+10  1.000E-30  2.903E+00
     825      1    136      1    135      1      54     5.8334E+00  5.201E+05  6.330E-03  8.252E+00
     827      1    137      1    125      1      54     7.8707E+02  1.868E+12  4.544E-03  1.004E+01
     828      1    137      1    127      1      54     7.7154E+02  2.095E+10  1.000E-30  3.024E+00
     830      1    137      1    130      1      54     2.9761E+02  4.018E+11  3.249E-02  5.822E+00
     831      1    137      1    132      1      54     2.8584E+02  1.748E+10  1.000E-30  1.758E+00
     833      1    137      1    136      1      54     2.6080E+00  1.937E+04  6.809E-03  1.920E+00
     835      1    138      1    126      1      54     7.8806E+02  2.391E+12  8.383E-03  4.996E+00
     837      1    138      1    131      1      54     3.0103E+02  5.986E+11  7.046E-02  2.903E+00
     838      1    138      1    133      1      54     2.9194E+02  5.656E+09  1.000E-30  1.183E+00
     840      1    138      1    137      1      54     7.2571E+00  2.051E+05  5.877E-03  7.788E-01
     841      1    139      1    127      1      54     7.7953E+02  2.123E+12  9.909E-03  3.022E+00
     842      1    139      1    132      1      54     2.9383E+02  7.262E+11  1.263E-01  1.756E+00
     843      1    139      1    138      1      54     7.3047E-01  7.938E+01  3.334E-03  4.042E-01
     844      1    140      1    133      1      54     2.9317E+02  9.160E+11  2.150E-01  1.176E+00
     845      1    140      1    139      1      54     5.0455E-01  9.954E+00  1.731E-03  2.421E-01
     846      1    141      1    124      1      54     9.8280E+02  6.881E+11  1.000E-30  3.170E+01
     847      1    141      1    129      1      54     4.8751E+02  2.650E+11  1.000E-30  1.833E+01
     851      1    141      1    135      1      54     1.8954E+02  8.494E+10  1.000E-30  1.155E+01
     853      1    142      1    123      1      54     1.0032E+03  5.621E+11  4.278E-03  7.745E+00
     854      1    142      1    125      1      54     9.7165E+02  2.104E+11  1.000E-30  1.007E+01
     856      1    142      1    128      1      54     5.0043E+02  1.710E+11  1.064E-02  7.717E+00
     857      1    142      1    130      1      54     4.8220E+02  9.582E+10  1.000E-30  5.845E+00
     859      1    142      1    134      1      54     1.9865E+02  4.144E+10  4.357E-02  7.641E+00
     861      1    142      1    136      1      54     1.8719E+02  3.485E+10  1.000E-30  4.917E+00
     863      1    142      1    141      1      54     3.4847E+00  1.033E+05  8.185E-02  1.974E+00
     864      1    143      1    124      1      54     9.9046E+02  1.042E+12  6.686E-04  3.169E+01
     865      1    143      1    126      1      54     9.6956E+02  6.508E+10  1.000E-30  5.024E+00
     866      1    143      1    129      1      54     4.9517E+02  3.115E+11  2.772E-03  1.833E+01
     869      1    143      1    131      1      54     4.8253E+02  3.972E+10  1.000E-30  2.932E+00
     872      1    143      1    135      1      54     1.9720E+02  7.512E+10  2.100E-02  9.499E+00
     874      1    143      1    137      1      54     1.8876E+02  1.793E+10  1.000E-30  1.033E+00
     877      1    143      1    142      1      54     4.1712E+00  2.244E+05  1.123E-02  5.529E+00
     878      1    144      1    125      1      54     9.7774E+02  1.479E+12  1.865E-03  1.007E+01
     879      1    144      1    127      1      54     9.6221E+02  1.357E+10  1.000E-30  3.052E+00
     881      1    144      1    130      1      54     4.8829E+02  4.565E+11  8.046E-03  5.846E+00
     882      1    144      1    132      1      54     4.7651E+02  1.415E+10  1.000E-30  1.786E+00
     884      1    144      1    136      1      54     1.9328E+02  1.048E+11  7.299E-02  2.602E+00
     885      1    144      1    138      1      54     1.8342E+02  8.180E+09  1.000E-30  3.891E-01
     887      1    144      1    143      1      54     1.9160E+00  9.535E+03  1.229E-02  1.330E+00
     888      1    145      1    126      1      54     9.7835E+02  1.699E+12  3.069E-03  5.023E+00
     890      1    145      1    131      1      54     4.9132E+02  6.177E+11  1.540E-02  2.929E+00
     891      1    145      1    133      1      54     4.8223E+02  3.660E+09  1.000E-30  1.210E+00
     893      1    145      1    137      1      54     1.9755E+02  1.472E+11  1.681E-01  1.183E+00
     894      1    145      1    139      1      54     1.8956E+02  4.177E+09  1.000E-30  2.146E-01
     896      1    145      1    144      1      54     6.8766E+00  2.210E+05  1.035E-02  5.640E-01
     897      1    146      1    127      1      54     9.6958E+02  1.221E+12  2.905E-03  3.047E+00
     898      1    146      1    132      1      54     4.8388E+02  6.596E+11  2.224E-02  1.781E+00
     899      1    146      1    138      1      54     1.9078E+02  1.554E+11  3.030E-01  6.777E-01
     900      1    146      1    140      1      54     1.8955E+02  1.281E+09  1.000E-30  1.497E-01
     901      1    146      1    145      1      54     4.8959E-01  3.376E+01  6.122E-03  3.114E-01
     902      1    147      1    133      1      54     4.8306E+02  5.528E+11  2.274E-02  1.201E+00
     903      1    147      1    139      1      54     1.9039E+02  1.772E+11  5.167E-01  4.406E-01
     904      1    147      1    146      1      54     3.3818E-01  5.648E+00  3.934E-03  1.985E-01
     905      1    148      1    140      1      54     1.9013E+02  1.912E+11  8.306E-01  3.084E-01
     906      1    148      1    147      1      54     2.4746E-01  8.793E-01  1.902E-03  1.361E-01
     907      1    149      1    124      1      54     1.1162E+03  5.308E+11  1.000E-30  3.172E+01
     908      1    149      1    129      1      54     6.2092E+02  2.249E+11  1.000E-30  1.835E+01
     910      1    149      1    135      1      54     3.2295E+02  9.467E+10  1.000E-30  1.158E+01
     913      1    149      1    142      1      54     1.2992E+02  3.246E+10  1.000E-30  7.805E+00
     915      1    150      1    123      1      54     1.1354E+03  4.488E+11  3.318E-03  5.497E+00
     916      1    150      1    125      1      54     1.1038E+03  1.580E+11  1.000E-30  1.010E+01
     917      1    150      1    128      1      54     6.3256E+02  1.545E+11  6.680E-03  5.469E+00
     918      1    150      1    130      1      54     6.1433E+02  7.855E+10  1.000E-30  5.878E+00
     919      1    150      1    134      1      54     3.3078E+02  5.324E+10  1.638E-02  5.451E+00
     921      1    150      1    136      1      54     3.1933E+02  3.731E+10  1.000E-30  2.976E+00
     923      1    150      1    141      1      54     1.3562E+02  1.387E+10  6.642E-02  5.435E+00
     925      1    150      1    143      1      54     1.2796E+02  1.394E+10  1.000E-30  3.581E+00
     927      1    150      1    149      1      54     2.2069E+00  2.634E+04  1.322E-01  1.291E+00
     928      1    151      1    124      1      54     1.1216E+03  8.252E+11  3.645E-04  3.170E+01
     929      1    151      1    126      1      54     1.1007E+03  4.677E+10  1.000E-30  5.058E+00
     930      1    151      1    129      1      54     6.2630E+02  2.789E+11  1.224E-03  1.834E+01
     931      1    151      1    131      1      54     6.1366E+02  3.067E+10  1.000E-30  2.964E+00
     933      1    151      1    135      1      54     3.2833E+02  9.463E+10  5.266E-03  1.011E+01
     935      1    151      1    137      1      54     3.1989E+02  1.766E+10  1.000E-30  7.073E-01
     937      1    151      1    142      1      54     1.3530E+02  2.501E+10  3.285E-02  6.363E+00
     939      1    151      1    144      1      54     1.2921E+02  7.777E+09  1.000E-30  8.108E-01
     941      1    151      1    150      1      54     3.1681E+00  1.143E+05  1.860E-02  3.923E+00
     942      1    152      1    125      1      54     1.1084E+03  1.132E+12  9.762E-04  1.010E+01
     943      1    152      1    127      1      54     1.0929E+03  9.165E+09  1.000E-30  3.084E+00
     944      1    152      1    130      1      54     6.1900E+02  3.989E+11  3.404E-03  5.878E+00
     945      1    152      1    132      1      54     6.0722E+02  1.021E+10  1.000E-30  1.818E+00
     947      1    152      1    136      1      54     3.2399E+02  1.355E+11  1.637E-02  2.954E+00
     948      1    152      1    138      1      54     3.1413E+02  7.622E+09  1.000E-30  4.353E-01
     950      1    152      1    143      1      54     1.3263E+02  3.294E+10  1.088E-01  1.771E+00
     951      1    152      1    145      1      54     1.2383E+02  3.756E+09  1.000E-30  3.408E-01
     953      1    152      1    151      1      54     1.4980E+00  5.259E+03  1.896E-02  1.004E+00
     954      1    153      1    126      1      54     1.1088E+03  1.213E+12  1.494E-03  5.053E+00
     955      1    153      1    131      1      54     6.2180E+02  5.026E+11  6.035E-03  2.960E+00
     956      1    153      1    133      1      54     6.1271E+02  2.326E+09  1.000E-30  1.240E+00
     958      1    153      1    137      1      54     3.2803E+02  1.866E+11  3.318E-02  1.412E+00
     959      1    153      1    139      1      54     3.2004E+02  3.210E+09  1.000E-30  3.403E-01
     961      1    153      1    144      1      54     1.3736E+02  4.611E+10  2.393E-01  8.314E-01
     962      1    153      1    146      1      54     1.2999E+02  2.463E+09  1.000E-30  2.026E-01
     963      1    153      1    152      1      54     6.6466E+00  2.385E+05  1.503E-02  4.634E-01
     964      1    154      1    127      1      54     1.0999E+03  7.700E+11  1.241E-03  3.076E+00
     965      1    154      1    132      1      54     6.1421E+02  4.807E+11  7.633E-03  1.810E+00
     966      1    154      1    138      1      54     3.2112E+02  2.029E+11  5.118E-02  8.419E-01
     967      1    154      1    140      1      54     3.1988E+02  8.020E+08  1.000E-30  2.761E-01
     968      1    154      1    145      1      54     1.3082E+02  4.458E+10  4.019E-01  4.929E-01
     969      1    154      1    147      1      54     1.3000E+02  1.137E+09  1.000E-30  1.467E-01
     970      1    154      1    153      1      54     3.4390E-01  1.500E+01  8.457E-03  2.814E-01
     971      1    155      1    133      1      54     6.1329E+02  3.177E+11  6.091E-03  1.229E+00
     972      1    155      1    139      1      54     3.2062E+02  2.097E+11  6.637E-02  5.654E-01
     973      1    155      1    146      1      54     1.3057E+02  4.923E+10  6.345E-01  3.328E-01
     974      1    155      1    148      1      54     1.2999E+02  3.526E+08  1.000E-30  1.173E-01
     975      1    155      1    154      1      54     2.3759E-01  2.791E+00  5.407E-03  1.969E-01
     976      1    156      1    124      1      54     1.2114E+03  4.095E+11  1.000E-30  3.173E+01
     977      1    156      1    129      1      54     7.1613E+02  1.821E+11  1.000E-30  1.837E+01
     978      1    156      1    135      1      54     4.1816E+02  8.452E+10  1.000E-30  1.162E+01
     980      1    156      1    142      1      54     2.2513E+02  3.814E+10  1.000E-30  7.845E+00
     983      1    156      1    150      1      54     9.3002E+01  1.385E+10  1.000E-30  5.566E+00
     985      1    157      1    123      1      54     1.2298E+03  3.547E+11  2.778E-03  4.082E+00
     986      1    157      1    125      1      54     1.1982E+03  1.195E+11  1.000E-30  1.014E+01
     987      1    157      1    128      1      54     7.2695E+02  1.303E+11  4.985E-03  4.054E+00
     988      1    157      1    130      1      54     7.0872E+02  6.216E+10  1.000E-30  5.918E+00
     989      1    157      1    134      1      54     4.2517E+02  5.096E+10  9.864E-03  4.043E+00
     990      1    157      1    136      1      54     4.1371E+02  3.229E+10  1.000E-30  2.119E+00
     991      1    157      1    141      1      54     2.3000E+02  1.923E+10  2.400E-02  4.039E+00
     993      1    157      1    143      1      54     2.2235E+02  1.584E+10  1.000E-30  2.321E+00
     995      1    157      1    149      1      54     9.6594E+01  5.213E+09  9.633E-02  4.042E+00
     997      1    157      1    151      1      54     9.1219E+01  6.066E+09  1.000E-30  2.733E+00
     999      1    157      1    156      1      54     1.3856E+00  6.248E+03  1.994E-01  8.842E-01
    1000      1    158      1    124      1      54     1.2153E+03  6.468E+11  2.243E-04  3.174E+01
    1001      1    158      1    126      1      54     1.1944E+03  3.435E+10  1.000E-30  5.097E+00
    1002      1    158      1    129      1      54     7.2004E+02  2.331E+11  6.719E-04  1.837E+01
    1003      1    158      1    131      1      54     7.0740E+02  2.335E+10  1.000E-30  3.004E+00
    1004      1    158      1    135      1      54     4.2207E+02  8.984E+10  2.246E-03  1.053E+01
    1005      1    158      1    137      1      54     4.1363E+02  1.456E+10  1.000E-30  8.931E-01
    1007      1    158      1    142      1      54     2.2904E+02  3.357E+10  8.271E-03  6.755E+00
    1009      1    158      1    144      1      54     2.2296E+02  8.258E+09  1.000E-30  5.672E-01
    1011      1    158      1    150      1      54     9.6914E+01  9.465E+09  4.870E-02  4.514E+00
    1012      1    158      1    152      1      54     9.2248E+01  3.595E+09  1.000E-30  6.946E-01
    1014      1    158      1    157      1      54     2.5273E+00  6.649E+04  2.878E-02  2.940E+00
    1015      1    159      1    125      1      54     1.2019E+03  8.686E+11  5.851E-04  1.014E+01
    1016      1    159      1    127      1      54     1.1864E+03  6.454E+09  1.000E-30  3.124E+00
    1017      1    159      1    130      1      54     7.1248E+02  3.268E+11  1.814E-03  5.917E+00
    1018      1    159      1    132      1      54     7.0070E+02  7.386E+09  1.000E-30  1.857E+00
    1019      1    159      1    136      1      54     4.1747E+02  1.273E+11  6.547E-03  3.198E+00
    1020      1    159      1    138      1      54     4.0761E+02  5.985E+09  1.000E-30  6.427E-01
    1022      1    159      1    143      1      54     2.2610E+02  4.684E+10  2.472E-02  2.009E+00
    1023      1    159      1    145      1      54     2.1731E+02  3.950E+09  1.000E-30  3.418E-01
    1025      1    159      1    151      1      54     9.4977E+01  1.184E+10  1.507E-01  1.312E+00
    1026      1    159      1    153      1      54     8.6832E+01  1.745E+09  1.000E-30  3.379E-01
    1028      1    159      1    158      1      54     1.2307E+00  3.286E+03  2.606E-02  8.293E-01
    1029      1    160      1    126      1      54     1.2022E+03  8.886E+11  8.515E-04  5.091E+00
    1030      1    160      1    131      1      54     7.1513E+02  3.934E+11  3.048E-03  2.997E+00
    1031      1    160      1    133      1      54     7.0604E+02  1.562E+09  1.000E-30  1.277E+00
    1032      1    160      1    137      1      54     4.2136E+02  1.680E+11  1.223E-02  1.578E+00
    1033      1    160      1    139      1      54     4.1337E+02  2.254E+09  1.000E-30  4.964E-01
    1035      1    160      1    144      1      54     2.3069E+02  6.554E+10  4.879E-02  9.907E-01
    1036      1    160      1    146      1      54     2.2332E+02  2.124E+09  1.000E-30  2.761E-01
    1037      1    160      1    152      1      54     9.9979E+01  1.702E+10  3.087E-01  6.541E-01
    1038      1    160      1    154      1      54     9.2988E+01  1.384E+09  1.000E-30  2.273E-01
    1039      1    160      1    159      1      54     6.4994E+00  2.605E+05  1.822E-02  4.343E-01
    1040      1    161      1    127      1      54     1.1932E+03  5.197E+11  6.480E-04  3.112E+00
    1041      1    161      1    132      1      54     7.0745E+02  3.492E+11  3.527E-03  1.846E+00
    1042      1    161      1    138      1      54     4.1436E+02  1.747E+11  1.725E-02  9.615E-01
    1043      1    161      1    140      1      54     4.1312E+02  4.989E+08  1.000E-30  3.963E-01
    1044      1    161      1    145      1      54     2.2406E+02  6.978E+10  7.313E-02  6.145E-01
    1045      1    161      1    147      1      54     2.2323E+02  8.418E+08  1.000E-30  2.336E-01
    1046      1    161      1    153      1      54     9.3583E+01  1.522E+10  4.546E-01  4.165E-01
    1047      1    161      1    155      1      54     9.3001E+01  7.668E+08  1.000E-30  1.777E-01
    1048      1    161      1    160      1      54     2.5061E-01  6.970E+00  9.134E-03  2.967E-01
    1049      1    162      1    133      1      54     7.0646E+02  2.005E+11  2.424E-03  1.264E+00
    1050      1    162      1    139      1      54     4.1380E+02  1.589E+11  1.872E-02  6.632E-01
    1051      1    162      1    146      1      54     2.2375E+02  7.674E+10  9.695E-02  4.293E-01
    1052      1    162      1    148      1      54     2.2316E+02  2.129E+08  1.000E-30  1.997E-01
    1053      1    162      1    154      1      54     9.3412E+01  1.974E+10  6.490E-01  3.011E-01
    1054      1    162      1    161      1      54     1.7317E-01  1.381E+00  5.482E-03  2.295E-01
    1381      1    165      1    164      1       1     1.0199E+01  2.781E+06  5.805E-02  2.549E-01
    1384      1    167      1    164      1       1     1.0199E+01  5.292E+06  1.161E-01  2.549E-01
    1387      1    169      1    164      1       1     1.2088E+01  4.512E+04  1.680E-02  5.618E-01
    1389      1    169      1    166      1       1     1.8887E+00  9.586E+02  3.742E-03  6.786E-01
    1392      1    168      1    165      1       1     1.8887E+00  2.999E+01  2.904E-05  2.718E+00
    1394      1    168      1    167      1       1     1.8886E+00  5.998E+01  5.808E-05  2.718E+00
    1396      1    170      1    165      1       1     1.8887E+00  1.545E+03  2.277E-03  1.774E+00
    1398      1    170      1    167      1       1     1.8887E+00  3.082E+03  4.552E-03  1.774E+00
    1399      1    172      1    164      1       1     1.2749E+01  3.796E+02  3.785E-03  9.554E-01
    1401      1    172      1    166      1       1     2.5497E+00  1.082E+01  1.531E-04  5.636E+00
    1404      1    172      1    168      1       1     6.6104E-01  8.892E-01  2.218E-06  9.324E+00
    1405      1    172      1    170      1       1     6.6103E-01  1.008E-01  2.823E-07  8.380E+00
    1407      1    171      1    165      1       1     2.5497E+00  3.173E-01  3.235E-06  7.880E+00
    1409      1    171      1    167      1       1     2.5497E+00  6.346E-01  6.470E-06  7.880E+00
    1410      1    171      1    169      1       1     6.6103E-01  1.757E-01  4.316E-07  9.599E+00
    1414      1    173      1    165      1       1     2.5497E+00  1.309E+01  1.669E-04  6.110E+00
    1416      1    173      1    167      1       1     2.5497E+00  2.622E+01  3.343E-04  6.110E+00
    1417      1    173      1    169      1       1     6.6104E-01  3.472E+00  1.014E-05  7.829E+00
    1425      1    174      1    170      1       1     6.6103E-01  9.755E+00  3.851E-05  5.693E+00
    1426      1    176      1    164      1       1     1.3054E+01  7.021E+00  1.117E-03  1.580E+00
    1428      1    176      1    166      1       1     2.8557E+00  2.217E-01  2.167E-05  1.794E+01
    1430      1    176      1    168      1       1     9.6701E-01  2.484E-02  3.523E-07  1.985E+01
    1431      1    176      1    170      1       1     9.6699E-01  2.264E-03  3.403E-08  1.891E+01
    1433      1    176      1    171      1       1     3.0597E-01  3.531E-03  6.333E-09  2.501E+01
    1434      1    176      1    173      1       1     3.0596E-01  9.028E-04  1.797E-09  2.324E+01
    1437      1    175      1    165      1       1     2.8557E+00  6.220E-03  5.973E-07  1.876E+01
    1439      1    175      1    167      1       1     2.8556E+00  1.244E-02  1.194E-06  1.876E+01
    1440      1    175      1    169      1       1     9.6700E-01  4.449E-03  6.300E-08  2.048E+01
    1443      1    175      1    172      1       1     3.0596E-01  1.003E-03  1.842E-09  2.537E+01
    1447      1    177      1    165      1       1     2.8557E+00  2.461E-01  2.581E-05  1.593E+01
    1449      1    177      1    167      1       1     2.8557E+00  4.914E-01  5.155E-05  1.593E+01
    1450      1    177      1    169      1       1     9.6700E-01  8.969E-02  1.367E-06  1.765E+01
    1453      1    177      1    172      1       1     3.0597E-01  1.247E-02  2.391E-08  2.254E+01
    1456      1    177      1    174      1       1     3.0596E-01  4.235E-04  9.626E-10  1.985E+01
    1461      1    178      1    170      1       1     9.6699E-01  1.796E-01  3.157E-06  1.445E+01
    1463      1    178      1    173      1       1     3.0596E-01  3.235E-02  7.118E-08  1.879E+01
    1469      1    179      1    174      1       1     3.0596E-01  7.351E-02  2.052E-07  1.416E+01
    1470      1    181      1    164      1       1     1.3221E+01  1.670E-01  4.458E-04  2.214E+00
    1472      1    181      1    166      1       1     3.0219E+00  5.522E-03  5.364E-06  3.730E+01
    1473      1    181      1    168      1       1     1.1332E+00  6.923E-04  7.566E-08  3.921E+01
    1474      1    181      1    170      1       1     1.1332E+00  5.674E-05  6.412E-09  3.827E+01
    1476      1    181      1    171      1       1     4.7217E-01  1.346E-04  9.070E-10  4.437E+01
    1477      1    181      1    173      1       1     4.7216E-01  2.845E-05  2.059E-10  4.260E+01
    1480      1    181      1    175      1       1     1.6620E-01  2.588E-05  1.000E-30  5.525E+01
    1481      1    181      1    177      1       1     1.6620E-01  1.020E-05  1.000E-30  5.242E+01
    1484      1    180      1    165      1       1     3.0219E+00  1.498E-04  1.487E-07  3.855E+01
    1486      1    180      1    167      1       1     3.0218E+00  2.991E-04  2.969E-07  3.855E+01
    1487      1    180      1    169      1       1     1.1332E+00  1.160E-04  1.307E-08  4.027E+01
    1488      1    180      1    172      1       1     4.7217E-01  3.406E-05  2.406E-10  4.516E+01
    1491      1    180      1    176      1       1     1.6620E-01  9.010E-06  1.000E-30  5.569E+01
    1495      1    182      1    165      1       1     3.0219E+00  6.109E-03  5.811E-06  3.442E+01
    1497      1    182      1    167      1       1     3.0219E+00  1.225E-02  1.165E-05  3.442E+01
    1498      1    182      1    169      1       1     1.1332E+00  2.511E-03  2.696E-07  3.614E+01
    1499      1    182      1    172      1       1     4.7217E-01  4.810E-04  3.199E-09  4.103E+01
    1502      1    182      1    174      1       1     4.7216E-01  1.195E-05  8.884E-11  3.834E+01
    1503      1    182      1    176      1       1     1.6620E-01  8.818E-05  1.000E-30  5.156E+01
    1506      1    182      1    178      1       1     1.6620E-01  7.668E-06  1.000E-30  4.710E+01
    1509      1    183      1    170      1       1     1.1332E+00  4.618E-03  4.958E-07  3.165E+01
    1511      1    183      1    173      1       1     4.7216E-01  1.153E-03  7.759E-09  3.598E+01
    1513      1    183      1    177      1       1     1.6620E-01  2.284E-04  1.000E-30  4.580E+01
    1514      1    183      1    179      1       1     1.6620E-01  3.591E-06  1.000E-30  4.011E+01
    1517      1    184      1    174      1       1     4.7216E-01  1.856E-03  1.323E-08  2.962E+01
    1519      1    184      1    178      1       1     1.6620E-01  5.290E-04  1.738E-22  3.838E+01
    1521      1    185      1    179      1       1     1.6620E-01  1.133E-03  1.000E-30  2.985E+01
    1523      1    186      1    165      1       1     3.1221E+00  2.424E-06  4.699E-08  7.114E+01
    1524      1    186      1    167      1       1     3.1221E+00  4.848E-06  9.398E-08  7.114E+01
    1525      1    186      1    169      1       1     1.2334E+00  1.963E-06  3.766E-09  7.286E+01
    1526      1    186      1    172      1       1     5.7238E-01  6.318E-07  5.783E-11  7.775E+01
    1533      1    187      1    164      1       1     1.3321E+01  2.770E-03  2.009E-04  3.021E+00
    1534      1    187      1    166      1       1     3.1221E+00  9.415E-05  1.694E-06  6.937E+01
    1535      1    187      1    168      1       1     1.2334E+00  1.252E-05  2.218E-08  7.129E+01
    1536      1    187      1    170      1       1     1.2334E+00  9.621E-07  1.743E-09  7.035E+01
    1537      1    187      1    171      1       1     5.7238E-01  2.723E-06  2.270E-10  7.645E+01
    1538      1    187      1    173      1       1     5.7238E-01  5.185E-07  4.564E-11  7.468E+01
    1540      1    187      1    175      1       1     2.6642E-01  7.140E-07  1.000E-30  8.733E+01
    1548      1    188      1    165      1       1     3.1221E+00  1.103E-04  1.740E-06  6.548E+01
    1549      1    188      1    167      1       1     3.1221E+00  2.205E-04  3.479E-06  6.548E+01
    1550      1    188      1    169      1       1     1.2334E+00  4.809E-05  7.494E-08  6.720E+01
    1551      1    188      1    172      1       1     5.7238E-01  1.036E-05  7.659E-10  7.209E+01
    1553      1    188      1    176      1       1     2.6642E-01  2.623E-06  1.000E-30  8.261E+01
    1558      1    188      1    181      1       1     1.0022E-01  5.790E-07  1.000E-30  1.020E+02
    1564      1    189      1    170      1       1     1.2334E+00  9.214E-05  1.217E-07  6.117E+01
    1565      1    189      1    173      1       1     5.7238E-01  2.601E-05  1.655E-09  6.551E+01
    1567      1    189      1    177      1       1     2.6642E-01  7.157E-06  1.000E-30  7.533E+01
    1570      1    189      1    182      1       1     1.0021E-01  1.609E-06  1.000E-30  9.382E+01
    1573      1    190      1    174      1       1     5.7238E-01  4.050E-05  2.198E-09  5.710E+01
    1575      1    190      1    178      1       1     2.6642E-01  1.604E-05  1.000E-30  6.586E+01
    1577      1    190      1    183      1       1     1.0021E-01  4.138E-06  1.000E-30  8.306E+01
    1580      1    191      1    179      1       1     2.6642E-01  2.577E-05  1.000E-30  5.477E+01
    1581      1    191      1    184      1       1     1.0021E-01  1.012E-05  1.000E-30  7.024E+01
    1583      1    192      1    185      1       1     1.0021E-01  2.362E-05  2.513E-23  5.607E+01
    1596      1    194      1    164      1       1     1.3386E+01  1.472E-05  1.819E-05  1.183E+02
    1597      1    194      1    166      1       1     3.1871E+00  5.104E-07  8.175E-07  1.188E+02
    1613      1    195      1    165      1       1     3.1872E+00  6.702E-07  6.312E-07  1.137E+02
    1614      1    195      1    167      1       1     3.1871E+00  1.340E-06  1.262E-06  1.137E+02
    1631      1    196      1    170      1       1     1.2985E+00  6.685E-07  3.896E-08  1.076E+02
    1659      1    200      1    192      1       1     6.5043E-02  4.577E-07  1.000E-30  9.674E+01
