#  File format type:   4
#
#  SPECT3D transition powers file.
#  RUN NAME:  xe_20-200ev_1e18-1e21_4mm
#  Total number of transitions   =     1890
#  Number of written transitions =      646
#  Plasma temperature (eV)       =     2.0000E+01
#  Mass density (g/cm3)          =     4.4865E-03
#  Cell areal density (g/cm2)    =     1.7946E-03
#  Material mass fractions       =     1.0000E+00
#  DCA material number fractions =     1.3000E-02    9.8700E-01
# -----------------------------------------------------
#
#
#   Trans.  Trans  Upper  Upper  Lower  Lower   Ioniz   Energy     Line Power Line Center Line Width
#   Index   Model  Level  Model  Level  Model   Stage   (eV)       (W/cm2)    Opt. Depth      eV
# --------------------------------------------------------------------------------------------------
       1      1      3      1      2      1      52     1.1982E+02  1.736E+09  7.599E-08  5.964E-03
       2      1      4      1      2      1      52     4.9234E+02  6.620E+10  7.061E+00  1.740E-02
       4      1      6      1      5      1      52     1.0651E+02  6.578E+09  4.114E-03  7.872E+01
       6      1      7      1      6      1      52     6.8034E+01  8.654E+08  5.737E-04  9.467E+01
       7      1      9      1      8      1      52     3.8672E+01  3.772E+08  1.371E-02  2.875E+01
       9      1     10      1      9      1      52     3.4641E+01  2.469E+08  3.752E-03  3.138E+01
      11      1     11      1     10      1      52     9.4480E+00  8.604E+05  1.415E-03  8.555E+00
      13      1     12      1      9      1      52     8.3242E+02  1.426E+13  1.000E-30  4.477E+01
      14      1     13      1      8      1      52     8.9349E+02  1.080E+13  3.452E-02  2.728E+01
      16      1     13      1     10      1      52     8.2018E+02  3.772E+12  1.000E-30  1.548E+01
      17      1     13      1     12      1      52     2.2396E+01  1.040E+08  3.459E-02  1.665E+01
      19      1     14      1      9      1      52     8.6975E+02  2.354E+13  1.936E-02  3.753E+01
      21      1     14      1     11      1      52     8.2566E+02  8.999E+11  1.000E-30  2.954E+00
      23      1     14      1     13      1      52     1.4925E+01  2.300E+07  6.797E-03  2.030E+01
      25      1     15      1     10      1      52     8.3968E+02  3.751E+13  6.377E-02  1.285E+01
      28      1     15      1     14      1      52     4.5752E+00  1.691E+05  4.713E-03  4.464E+00
      30      1     16      1     11      1      52     8.3260E+02  5.432E+13  1.659E-01  5.897E+00
      32      1     16      1     15      1      52     2.3647E+00  7.064E+03  2.500E-03  1.812E+00
      34      1     17      1      9      1      52     1.3019E+03  1.196E+13  1.000E-30  4.472E+01
      36      1     17      1     13      1      52     4.4709E+02  3.032E+12  1.000E-30  2.775E+01
      38      1     18      1      8      1      52     1.3534E+03  1.047E+13  1.607E-02  1.595E+01
      40      1     18      1     10      1      52     1.2800E+03  2.922E+12  1.000E-30  8.637E+00
      41      1     18      1     12      1      52     4.8226E+02  1.790E+12  6.505E-02  1.590E+01
      43      1     18      1     14      1      52     4.4493E+02  1.012E+12  1.000E-30  9.612E+00
      45      1     18      1     17      1      52     1.2770E+01  2.212E+07  7.235E-02  9.600E+00
      47      1     19      1      9      1      52     1.3234E+03  2.164E+13  4.577E-03  4.048E+01
      49      1     19      1     11      1      52     1.2793E+03  5.948E+11  1.000E-30  4.091E+00
      51      1     19      1     13      1      52     4.6860E+02  3.623E+12  3.091E-02  2.352E+01
      53      1     19      1     15      1      52     4.4910E+02  3.698E+11  1.000E-30  1.890E+00
      56      1     19      1     18      1      52     8.7378E+00  5.906E+06  1.502E-02  1.190E+01
      58      1     20      1     10      1      52     1.2912E+03  3.083E+13  1.190E-02  1.452E+01
      61      1     20      1     14      1      52     4.5609E+02  5.286E+12  1.195E-01  6.453E+00
      63      1     20      1     16      1      52     4.4915E+02  1.041E+11  1.000E-30  8.038E-01
      65      1     20      1     19      1      52     2.4178E+00  3.189E+04  9.944E-03  2.718E+00
      67      1     21      1     11      1      52     1.2829E+03  3.207E+13  1.905E-02  6.939E+00
      69      1     21      1     15      1      52     4.5271E+02  6.835E+12  2.887E-01  2.983E+00
      72      1     21      1     20      1      52     1.2002E+00  1.551E+03  6.474E-03  1.183E+00
      75      1     22      1     16      1      52     4.5135E+02  8.100E+12  5.822E-01  1.710E+00
      77      1     22      1     21      1      52     1.0028E+00  4.100E+02  4.057E-03  6.576E-01
      79      1     23      1     13      1      52     7.2854E+02  2.907E+12  1.000E-30  2.779E+01
      81      1     23      1     18      1      52     2.6868E+02  8.516E+11  1.000E-30  1.624E+01
      83      1     24      1     12      1      52     7.5883E+02  2.017E+12  2.800E-02  1.017E+01
      85      1     24      1     14      1      52     7.2151E+02  9.023E+11  1.000E-30  5.281E+00
      86      1     24      1     17      1      52     2.8935E+02  4.013E+11  1.110E-01  1.022E+01
      88      1     24      1     19      1      52     2.6784E+02  3.185E+11  1.000E-30  6.505E+00
      90      1     24      1     23      1      52     7.9016E+00  5.673E+06  1.289E-01  6.219E+00
      92      1     25      1     13      1      52     7.4204E+02  3.924E+12  7.647E-03  2.509E+01
      94      1     25      1     15      1      52     7.2254E+02  2.916E+11  1.000E-30  1.943E+00
      96      1     25      1     18      1      52     2.8218E+02  7.896E+11  5.507E-02  1.361E+01
      98      1     25      1     20      1      52     2.7102E+02  1.428E+11  1.000E-30  1.477E+00
     101      1     25      1     24      1      52     5.5989E+00  1.862E+06  2.816E-02  7.741E+00
     103      1     26      1     14      1      52     7.2843E+02  5.733E+12  2.465E-02  7.391E+00
     105      1     26      1     16      1      52     7.2149E+02  6.853E+10  1.000E-30  1.362E+00
     107      1     26      1     19      1      52     2.7476E+02  1.043E+12  1.957E-01  3.841E+00
     109      1     26      1     21      1      52     2.7114E+02  6.081E+10  1.000E-30  6.868E-01
     112      1     26      1     25      1      52     1.3194E+00  6.166E+03  1.627E-02  1.994E+00
     114      1     27      1     15      1      52     7.2446E+02  6.979E+12  4.623E-02  3.579E+00
     117      1     27      1     20      1      52     2.7295E+02  1.238E+12  4.276E-01  1.863E+00
     119      1     27      1     22      1      52     2.7075E+02  1.797E+10  1.000E-30  4.564E-01
     121      1     27      1     26      1      52     6.0740E-01  2.717E+02  1.013E-02  9.981E-01
     123      1     28      1     16      1      52     7.2273E+02  6.374E+12  5.572E-02  2.142E+00
     125      1     28      1     21      1      52     2.7238E+02  1.388E+12  7.876E-01  1.126E+00
     128      1     28      1     27      1      52     6.3240E-01  1.918E+02  7.442E-03  6.373E-01
     129      1     29      1     13      1      52     9.1039E+02  2.312E+12  1.000E-30  2.789E+01
     131      1     29      1     18      1      52     4.5053E+02  8.852E+11  1.000E-30  1.634E+01
     134      1     29      1     24      1      52     1.7396E+02  2.819E+11  1.000E-30  1.061E+01
     136      1     30      1     12      1      52     9.3797E+02  1.721E+12  1.791E-02  7.071E+00
     137      1     30      1     14      1      52     9.0065E+02  6.858E+11  1.000E-30  4.804E+00
     138      1     30      1     17      1      52     4.6848E+02  5.077E+11  4.360E-02  7.118E+00
     140      1     30      1     19      1      52     4.4698E+02  3.135E+11  1.000E-30  3.934E+00
     142      1     30      1     23      1      52     1.8704E+02  1.107E+11  1.709E-01  7.210E+00
     144      1     30      1     25      1      52     1.7354E+02  1.140E+11  1.000E-30  4.836E+00
     146      1     30      1     29      1      52     5.1810E+00  1.673E+06  2.006E-01  4.518E+00
     147      1     31      1     13      1      52     9.1941E+02  3.299E+12  3.225E-03  2.609E+01
     148      1     31      1     15      1      52     8.9991E+02  2.070E+11  1.000E-30  2.810E+00
     150      1     31      1     18      1      52     4.5956E+02  9.684E+11  1.377E-02  1.460E+01
     152      1     31      1     20      1      52     4.4840E+02  1.272E+11  1.000E-30  1.337E+00
     155      1     31      1     24      1      52     1.8298E+02  2.148E+11  8.839E-02  8.800E+00
     157      1     31      1     26      1      52     1.7606E+02  5.828E+10  1.000E-30  1.387E+00
     160      1     31      1     30      1      52     3.8407E+00  6.999E+05  4.595E-02  5.660E+00
     161      1     32      1     14      1      52     9.0519E+02  4.635E+12  9.387E-03  7.995E+00
     162      1     32      1     16      1      52     8.9825E+02  4.422E+10  1.000E-30  1.967E+00
     164      1     32      1     19      1      52     4.5152E+02  1.375E+12  4.183E-02  4.452E+00
     166      1     32      1     21      1      52     4.4790E+02  4.739E+10  1.000E-30  9.876E-01
     169      1     32      1     25      1      52     1.7808E+02  2.636E+11  2.760E-01  2.727E+00
     171      1     32      1     27      1      52     1.7615E+02  2.992E+10  1.000E-30  8.004E-01
     174      1     32      1     31      1      52     7.0280E-01  1.083E+03  2.055E-02  1.783E+00
     175      1     33      1     15      1      52     9.0089E+02  5.176E+12  1.514E-02  4.023E+00
     177      1     33      1     20      1      52     4.4938E+02  1.720E+12  7.742E-02  2.294E+00
     179      1     33      1     22      1      52     4.4717E+02  1.162E+10  1.000E-30  7.971E-01
     181      1     33      1     26      1      52     1.7704E+02  3.091E+11  5.133E-01  1.478E+00
     183      1     33      1     28      1      52     1.7580E+02  1.333E+10  1.000E-30  6.011E-01
     185      1     33      1     32      1      52     2.7490E-01  3.208E+01  1.104E-02  1.086E+00
     186      1     34      1     16      1      52     8.9895E+02  3.828E+12  1.432E-02  2.473E+00
     188      1     34      1     21      1      52     4.4860E+02  1.885E+12  1.077E-01  1.457E+00
     191      1     34      1     27      1      52     1.7685E+02  4.180E+11  7.967E-01  9.902E-01
     194      1     34      1     33      1      52     4.2420E-01  8.250E+01  7.390E-03  8.109E-01
     195      1     35      1     13      1      52     1.0346E+03  1.783E+12  1.000E-30  2.813E+01
     196      1     35      1     18      1      52     5.7478E+02  7.516E+11  1.000E-30  1.658E+01
     198      1     35      1     24      1      52     2.9820E+02  3.158E+11  1.000E-30  1.078E+01
     201      1     35      1     30      1      52     1.1906E+02  1.078E+11  1.000E-30  7.662E+00
     203      1     36      1     12      1      52     1.0606E+03  1.384E+12  1.308E-02  5.352E+00
     204      1     36      1     14      1      52     1.0233E+03  5.148E+11  1.000E-30  5.764E+00
     205      1     36      1     17      1      52     5.9109E+02  4.686E+11  2.582E-02  5.400E+00
     206      1     36      1     19      1      52     5.6958E+02  2.561E+11  1.000E-30  3.247E+00
     207      1     36      1     23      1      52     3.0964E+02  1.562E+11  6.194E-02  5.485E+00
     209      1     36      1     25      1      52     2.9614E+02  1.219E+11  1.000E-30  3.341E+00
     211      1     36      1     29      1      52     1.2779E+02  3.578E+10  2.380E-01  5.619E+00
     213      1     36      1     31      1      52     1.1877E+02  4.582E+10  1.000E-30  4.018E+00
     215      1     36      1     35      1      52     3.5433E+00  5.579E+05  2.604E-01  3.796E+00
     216      1     37      1     13      1      52     1.0410E+03  2.622E+12  1.713E-03  2.684E+01
     217      1     37      1     15      1      52     1.0215E+03  1.487E+11  1.000E-30  3.563E+00
     218      1     37      1     18      1      52     5.8110E+02  8.763E+11  5.789E-03  1.535E+01
     219      1     37      1     20      1      52     5.6995E+02  9.800E+10  1.000E-30  1.898E+00
     221      1     37      1     24      1      52     3.0452E+02  2.913E+11  2.191E-02  9.546E+00
     223      1     37      1     26      1      52     2.9760E+02  5.687E+10  1.000E-30  1.320E+00
     226      1     37      1     30      1      52     1.2539E+02  6.920E+10  1.269E-01  6.432E+00
     228      1     37      1     32      1      52     1.2084E+02  2.556E+10  1.000E-30  1.550E+00
     231      1     37      1     36      1      52     2.7803E+00  3.048E+05  6.512E-02  4.661E+00
     232      1     38      1     14      1      52     1.0264E+03  3.580E+12  4.629E-03  8.479E+00
     233      1     38      1     16      1      52     1.0194E+03  2.975E+10  1.000E-30  2.476E+00
     234      1     38      1     19      1      52     5.7269E+02  1.237E+12  1.607E-02  4.962E+00
     235      1     38      1     21      1      52     5.6908E+02  3.363E+10  1.000E-30  1.467E+00
     237      1     38      1     25      1      52     2.9925E+02  4.030E+11  5.940E-02  3.230E+00
     239      1     38      1     27      1      52     2.9733E+02  2.630E+10  1.000E-30  1.043E+00
     242      1     38      1     31      1      52     1.2188E+02  9.122E+10  3.148E-01  2.363E+00
     244      1     38      1     33      1      52     1.2090E+02  1.466E+10  1.000E-30  1.097E+00
     247      1     38      1     37      1      52     3.3030E-01  1.309E+02  2.081E-02  1.923E+00
     248      1     39      1     15      1      52     1.0219E+03  3.745E+12  6.778E-03  4.414E+00
     249      1     39      1     20      1      52     5.7035E+02  1.492E+12  2.612E-02  2.685E+00
     250      1     39      1     22      1      52     5.6815E+02  7.381E+09  1.000E-30  1.182E+00
     252      1     39      1     26      1      52     2.9801E+02  5.271E+11  9.578E-02  1.864E+00
     254      1     39      1     28      1      52     2.9677E+02  1.017E+10  1.000E-30  9.042E-01
     256      1     39      1     32      1      52     1.2125E+02  1.138E+11  4.625E-01  1.508E+00
     258      1     39      1     34      1      52     1.2055E+02  7.834E+09  1.000E-30  9.108E-01
     260      1     39      1     38      1      52     7.3900E-02  7.484E-01  9.350E-03  1.336E+00
     261      1     40      1     16      1      52     1.0198E+03  2.444E+12  5.421E-03  2.803E+00
     262      1     40      1     21      1      52     5.6945E+02  1.485E+12  3.055E-02  1.780E+00
     264      1     40      1     27      1      52     2.9770E+02  6.212E+11  1.243E-01  1.314E+00
     267      1     40      1     33      1      52     1.2127E+02  1.424E+11  5.986E-01  1.151E+00
     270      1     40      1     39      1      52     2.9800E-01  3.652E+01  5.932E-03  1.169E+00
     271      1     41      1     13      1      52     1.1233E+03  1.376E+12  1.000E-30  2.846E+01
     272      1     41      1     18      1      52     6.6340E+02  6.099E+11  1.000E-30  1.691E+01
     273      1     41      1     24      1      52     3.8682E+02  2.811E+11  1.000E-30  1.110E+01
     275      1     41      1     30      1      52     2.0768E+02  1.263E+11  1.000E-30  7.988E+00
     278      1     41      1     36      1      52     8.5076E+01  4.547E+10  1.000E-30  6.237E+00
     280      1     42      1     12      1      52     1.1482E+03  1.097E+12  9.830E-03  4.418E+00
     281      1     42      1     14      1      52     1.1108E+03  3.901E+11  1.000E-30  6.867E+00
     282      1     42      1     17      1      52     6.7867E+02  3.989E+11  1.727E-02  4.465E+00
     283      1     42      1     19      1      52     6.5716E+02  2.024E+11  1.000E-30  3.696E+00
     284      1     42      1     23      1      52     3.9722E+02  1.536E+11  3.311E-02  4.557E+00
     285      1     42      1     25      1      52     3.8372E+02  1.054E+11  1.000E-30  2.868E+00
     286      1     42      1     29      1      52     2.1536E+02  5.588E+10  7.732E-02  4.704E+00
     288      1     42      1     31      1      52     2.0634E+02  5.195E+10  1.000E-30  3.212E+00
     290      1     42      1     35      1      52     9.1119E+01  1.336E+10  2.907E-01  4.918E+00
     292      1     42      1     37      1      52     8.4795E+01  2.017E+10  1.000E-30  3.784E+00
     294      1     42      1     41      1      52     2.4992E+00  2.302E+05  2.756E-01  3.759E+00
     295      1     43      1     13      1      52     1.1279E+03  2.060E+12  1.029E-03  2.754E+01
     296      1     43      1     15      1      52     1.1084E+03  1.093E+11  1.000E-30  4.240E+00
     297      1     43      1     18      1      52     6.6800E+02  7.374E+11  3.053E-03  1.599E+01
     298      1     43      1     20      1      52     6.5684E+02  7.434E+10  1.000E-30  2.531E+00
     299      1     43      1     24      1      52     3.9142E+02  2.803E+11  9.167E-03  1.019E+01
     300      1     43      1     26      1      52     3.8450E+02  4.668E+10  1.000E-30  1.773E+00
     302      1     43      1     30      1      52     2.1228E+02  1.017E+11  3.091E-02  7.064E+00
     304      1     43      1     32      1      52     2.0774E+02  2.672E+10  1.000E-30  1.633E+00
     307      1     43      1     36      1      52     8.9678E+01  2.563E+10  1.586E-01  5.326E+00
     309      1     43      1     38      1      52     8.6568E+01  1.198E+10  1.000E-30  1.949E+00
     312      1     43      1     42      1      52     2.1031E+00  1.554E+05  7.850E-02  4.373E+00
     313      1     44      1     15      1      52     1.1084E+03  2.773E+12  3.548E-03  4.839E+00
     314      1     44      1     20      1      52     6.5688E+02  1.192E+12  1.147E-02  3.103E+00
     315      1     44      1     22      1      52     6.5468E+02  4.943E+09  1.000E-30  1.601E+00
     316      1     44      1     26      1      52     3.8454E+02  4.948E+11  3.170E-02  2.288E+00
     317      1     44      1     28      1      52     3.8330E+02  7.166E+09  1.000E-30  1.316E+00
     319      1     44      1     32      1      52     2.0778E+02  1.834E+11  8.784E-02  1.927E+00
     321      1     44      1     34      1      52     2.0708E+02  6.751E+09  1.000E-30  1.253E+00
     323      1     44      1     38      1      52     8.6605E+01  4.458E+10  3.421E-01  1.842E+00
     325      1     44      1     40      1      52     8.6233E+01  4.397E+09  1.000E-30  1.400E+00
     327      1     45      1     14      1      52     1.1130E+03  2.756E+12  2.611E-03  8.990E+00
     328      1     45      1     16      1      52     1.1061E+03  2.083E+10  1.000E-30  2.981E+00
     329      1     45      1     19      1      52     6.5935E+02  1.026E+12  7.807E-03  5.460E+00
     330      1     45      1     21      1      52     6.5574E+02  2.432E+10  1.000E-30  1.965E+00
     331      1     45      1     25      1      52     3.8591E+02  3.925E+11  2.206E-02  3.729E+00
     332      1     45      1     27      1      52     3.8399E+02  2.018E+10  1.000E-30  1.508E+00
     334      1     45      1     31      1      52     2.0854E+02  1.424E+11  6.663E-02  2.855E+00
     336      1     45      1     33      1      52     2.0756E+02  1.415E+10  1.000E-30  1.385E+00
     339      1     45      1     37      1      52     8.6990E+01  3.448E+10  2.892E-01  2.472E+00
     341      1     45      1     39      1      52     8.6586E+01  7.422E+09  1.000E-30  1.580E+00
     344      1     45      1     43      1      52     9.2200E-02  3.245E+00  1.820E-02  2.165E+00
     345      1     45      1     44      1      52     5.4600E-02  4.571E-01  1.000E-30  1.819E+00
     346      1     46      1     16      1      52     1.1062E+03  1.654E+12  2.499E-03  3.177E+00
     347      1     46      1     21      1      52     6.5590E+02  1.106E+12  1.168E-02  2.154E+00
     348      1     46      1     27      1      52     3.8415E+02  5.515E+11  3.612E-02  1.690E+00
     350      1     46      1     33      1      52     2.0772E+02  2.241E+11  1.008E-01  1.522E+00
     353      1     46      1     39      1      52     8.6749E+01  5.710E+10  3.923E-01  1.552E+00
     355      1     46      1     44      1      52     2.1720E-01  1.703E+01  4.511E-03  1.731E+00
     357      1     48      1     47      1      52     3.1750E+02  5.072E+10  2.816E-03  1.839E+02
     358      1     49      1     48      1      52     3.6284E+02  2.758E+11  1.548E-04  2.762E+02
     359      1     51      1     50      1      52     7.7750E-01  7.224E+02  1.318E-03  1.384E+02
     360      1     52      1     51      1      52     6.6689E+02  4.282E+12  1.000E-30  4.204E+02
     361      1     54      1     53      1      52     3.0082E+01  2.564E+08  1.000E-30  1.846E+02
     362      1     55      1     53      1      52     1.0120E+02  5.267E+09  3.742E-03  8.076E+01
     363      1     56      1     54      1      52     1.0442E+02  5.909E+09  4.154E-03  7.434E+01
     364      1     56      1     55      1      52     3.3297E+01  3.453E+08  1.000E-30  1.922E+02
     365      1     57      1     55      1      52     9.2670E+01  2.952E+09  6.613E-04  1.109E+02
     367      1     58      1     56      1      52     9.3608E+01  3.059E+09  6.929E-04  1.064E+02
     368      1     58      1     57      1      52     3.4235E+01  3.748E+08  1.000E-30  1.948E+02
     369      1     61      1     60      1      53     7.7081E+01  2.051E+08  1.574E-08  4.612E-03
     370      1     62      1     60      1      53     8.3045E+01  3.086E+08  1.000E-30  4.792E-03
     373      1     63      1     61      1      53     8.0094E+00  5.349E+02  1.000E-30  2.540E-03
     375      1     64      1     60      1      53     4.6515E+02  6.675E+10  4.539E+00  1.647E-02
     378      1     65      1     60      1      53     5.0090E+02  1.449E+11  1.126E-08  1.751E-02
     380      1     65      1     63      1      53     4.1581E+02  2.012E+10  9.671E+00  1.498E-02
     381      1     67      1     66      1      53     9.2071E+01  3.532E+09  4.701E-03  5.730E+01
     383      1     68      1     67      1      53     2.1266E+02  4.645E+10  8.962E-04  3.995E+01
     385      1     69      1     67      1      53     2.3259E+02  3.583E+10  1.000E-30  2.161E+01
     386      1     71      1     70      1      53     1.8245E+01  2.297E+07  1.788E-02  1.286E+01
     388      1     72      1     71      1      53     7.1086E+01  4.164E+09  6.763E-03  3.419E+01
     390      1     73      1     72      1      53     1.1156E+02  1.585E+10  1.367E-02  1.009E+01
     392      1     74      1     71      1      53     8.8734E+02  1.696E+13  1.000E-30  4.810E+01
     393      1     75      1     70      1      53     9.0769E+02  1.159E+13  3.243E-02  2.965E+01
     395      1     75      1     72      1      53     8.1835E+02  3.545E+12  1.000E-30  1.676E+01
     396      1     75      1     74      1      53     2.1014E+00  4.547E+04  6.555E-02  4.847E+00
     398      1     76      1     71      1      53     9.4411E+02  3.182E+13  1.893E-02  4.054E+01
     400      1     76      1     73      1      53     7.6146E+02  6.264E+11  1.000E-30  3.189E+00
     402      1     76      1     75      1      53     5.4666E+01  3.798E+09  2.075E-02  2.280E+01
     404      1     77      1     72      1      53     9.7713E+02  6.597E+13  6.606E-02  1.388E+01
     407      1     77      1     76      1      53     1.0411E+02  3.884E+10  8.681E-02  5.279E+00
     409      1     78      1     73      1      53     1.0763E+03  1.425E+14  1.908E-01  6.393E+00
     411      1     78      1     77      1      53     2.1071E+02  2.686E+11  1.319E-01  2.178E+00
     412      1     79      1     70      1      53     1.3871E+03  1.150E+13  1.449E-02  1.799E+01
     414      1     79      1     72      1      53     1.2978E+03  2.933E+12  1.000E-30  9.402E+00
     415      1     79      1     74      1      53     4.8154E+02  1.804E+12  6.060E-02  1.717E+01
     417      1     79      1     76      1      53     4.2478E+02  7.974E+11  1.000E-30  1.038E+01
     420      1     80      1     71      1      53     1.3753E+03  1.384E+13  1.000E-30  4.811E+01
     422      1     80      1     75      1      53     4.8588E+02  3.930E+12  1.000E-30  2.980E+01
     424      1     80      1     79      1      53     6.4349E+00  5.070E+06  1.000E-30  1.671E+01
     426      1     81      1     71      1      53     1.4208E+03  2.774E+13  4.385E-03  4.375E+01
     428      1     81      1     73      1      53     1.2382E+03  5.038E+11  1.000E-30  4.394E+00
     430      1     81      1     75      1      53     5.3137E+02  5.822E+12  3.160E-02  2.537E+01
     432      1     81      1     77      1      53     3.7259E+02  1.694E+11  1.000E-30  2.037E+00
     434      1     81      1     79      1      53     5.1923E+01  6.316E+09  7.446E-02  1.324E+01
     438      1     82      1     76      1      53     5.7966E+02  1.299E+13  1.347E-01  6.969E+00
     440      1     82      1     78      1      53     2.6484E+02  1.215E+10  1.000E-30  8.634E-01
     442      1     82      1     81      1      53     1.0296E+02  6.994E+10  3.427E-01  3.199E+00
     443      1     83      1     74      1      53     7.7070E+02  2.137E+12  2.550E-02  1.125E+01
     445      1     83      1     76      1      53     7.1393E+02  8.204E+11  1.000E-30  5.695E+00
     447      1     83      1     80      1      53     2.8272E+02  3.720E+11  1.016E-01  1.098E+01
     448      1     83      1     81      1      53     2.3723E+02  1.858E+11  1.000E-30  7.000E+00
     451      1     84      1     75      1      53     7.7945E+02  3.560E+12  1.000E-30  2.984E+01
     452      1     84      1     79      1      53     3.0001E+02  1.221E+12  1.000E-30  1.739E+01
     455      1     84      1     83      1      53     1.0851E+01  3.561E+07  1.000E-30  1.164E+01
     457      1     85      1     75      1      53     8.2063E+02  5.708E+12  7.640E-03  2.701E+01
     459      1     85      1     77      1      53     6.6185E+02  1.985E+11  1.000E-30  2.068E+00
     460      1     85      1     79      1      53     3.4119E+02  1.630E+12  6.023E-02  1.462E+01
     463      1     85      1     82      1      53     1.8630E+02  3.082E+10  1.000E-30  1.557E+00
     464      1     85      1     83      1      53     5.2031E+01  1.040E+10  2.210E-01  8.560E+00
     467      1     86      1     77      1      53     6.7729E+02  3.035E+13  3.821E-01  3.228E+00
     470      1     86      1     82      1      53     2.0174E+02  4.705E+11  6.170E-01  1.385E+00
     473      1     87      1     78      1      53     5.1236E+02  1.296E+13  5.854E-01  1.862E+00
     475      1     87      1     86      1      53     4.5782E+01  1.419E+09  1.554E-01  7.591E-01
     477      1     88      1     76      1      53     8.6948E+02  1.118E+13  2.628E-02  7.968E+00
     479      1     88      1     78      1      53     5.5466E+02  2.321E+10  1.000E-30  1.465E+00
     481      1     88      1     81      1      53     3.9278E+02  3.960E+12  2.491E-01  4.134E+00
     484      1     88      1     85      1      53     1.0351E+02  9.502E+10  9.774E-01  2.282E+00
     485      1     88      1     86      1      53     8.8076E+01  9.652E+08  1.000E-30  7.124E-01
     487      1     89      1     74      1      53     9.5869E+02  1.862E+12  1.572E-02  8.145E+00
     488      1     89      1     76      1      53     9.0192E+02  6.562E+11  1.000E-30  5.174E+00
     490      1     89      1     80      1      53     4.7071E+02  5.174E+11  4.012E-02  7.741E+00
     491      1     89      1     81      1      53     4.2522E+02  2.444E+11  1.000E-30  4.198E+00
     494      1     89      1     84      1      53     1.7714E+02  9.143E+10  1.529E-01  7.701E+00
     495      1     89      1     85      1      53     1.3596E+02  4.087E+10  1.000E-30  5.140E+00
     497      1     90      1     75      1      53     9.7022E+02  2.792E+12  1.000E-30  3.000E+01
     498      1     90      1     79      1      53     4.9078E+02  1.164E+12  1.000E-30  1.755E+01
     501      1     90      1     83      1      53     2.0163E+02  4.717E+11  1.000E-30  1.129E+01
     504      1     90      1     89      1      53     1.3639E+01  6.084E+07  1.000E-30  4.581E+00
     505      1     91      1     75      1      53     1.0099E+03  4.644E+12  3.185E-03  2.806E+01
     506      1     91      1     77      1      53     8.5110E+02  1.598E+11  1.000E-30  2.986E+00
     507      1     91      1     79      1      53     5.3043E+02  1.663E+12  1.434E-02  1.568E+01
     510      1     91      1     82      1      53     3.7555E+02  6.035E+10  1.000E-30  1.380E+00
     511      1     91      1     83      1      53     2.4127E+02  6.189E+11  1.060E-01  9.421E+00
     515      1     91      1     88      1      53     8.5729E+01  3.159E+09  1.000E-30  1.439E+00
     516      1     91      1     89      1      53     5.3287E+01  1.543E+10  5.560E-01  6.121E+00
     518      1     92      1     74      1      53     1.0879E+03  1.518E+12  1.067E-02  6.604E+00
     519      1     92      1     76      1      53     1.0312E+03  5.045E+11  1.000E-30  6.177E+00
     520      1     92      1     80      1      53     5.9995E+02  4.939E+11  2.347E-02  5.970E+00
     521      1     92      1     81      1      53     5.5446E+02  2.189E+11  1.000E-30  3.445E+00
     523      1     92      1     84      1      53     3.0638E+02  1.494E+11  5.672E-02  5.865E+00
     524      1     92      1     85      1      53     2.6520E+02  7.444E+10  1.000E-30  3.516E+00
     527      1     92      1     90      1      53     1.1560E+02  2.491E+10  2.061E-01  5.936E+00
     528      1     92      1     91      1      53     7.5952E+01  7.287E+09  1.000E-30  4.211E+00
     529      1     93      1     75      1      53     1.1014E+03  2.146E+12  1.000E-30  3.022E+01
     530      1     93      1     79      1      53     6.2192E+02  9.681E+11  1.000E-30  1.777E+01
     531      1     93      1     83      1      53     3.3276E+02  4.572E+11  1.000E-30  1.152E+01
     534      1     93      1     89      1      53     1.4478E+02  2.170E+11  1.000E-30  8.140E+00
     537      1     93      1     92      1      53     1.5538E+01  2.546E+08  1.000E-30  6.399E+00
     538      1     94      1     76      1      53     1.0597E+03  8.372E+12  9.796E-03  8.632E+00
     539      1     94      1     78      1      53     7.4491E+02  2.021E+10  1.000E-30  2.097E+00
     541      1     94      1     81      1      53     5.8303E+02  3.639E+12  4.849E-02  4.772E+00
     544      1     94      1     85      1      53     2.9377E+02  1.681E+12  4.137E-01  2.895E+00
     545      1     94      1     86      1      53     2.7833E+02  6.824E+09  1.000E-30  1.017E+00
     549      1     94      1     91      1      53     1.0453E+02  1.360E+11  2.025E+00  1.956E+00
     552      1     95      1     77      1      53     9.6122E+02  2.060E+13  5.467E-02  3.868E+00
     555      1     95      1     82      1      53     4.8567E+02  1.002E+13  6.854E-01  1.992E+00
     558      1     95      1     87      1      53     2.3815E+02  1.038E+10  1.000E-30  4.780E-01
     559      1     95      1     88      1      53     1.9586E+02  6.116E+11  1.593E+00  1.128E+00
     561      1     95      1     94      1      53     5.5996E+00  2.422E+05  1.294E-02  8.161E-01
     562      1     96      1     75      1      53     1.1409E+03  3.649E+12  1.684E-03  2.887E+01
     563      1     96      1     77      1      53     9.8211E+02  1.226E+11  1.000E-30  3.776E+00
     564      1     96      1     79      1      53     6.6145E+02  1.422E+12  5.959E-03  1.641E+01
     565      1     96      1     82      1      53     5.0657E+02  5.912E+10  1.000E-30  1.958E+00
     566      1     96      1     83      1      53     3.7229E+02  6.266E+11  2.435E-02  1.016E+01
     569      1     96      1     88      1      53     2.1675E+02  1.543E+10  1.000E-30  1.335E+00
     570      1     96      1     89      1      53     1.8430E+02  2.999E+11  1.712E-01  6.814E+00
     573      1     96      1     92      1      53     5.5065E+01  2.015E+10  1.166E+00  4.938E+00
     575      1     96      1     94      1      53     2.6491E+01  5.541E+07  1.000E-30  1.573E+00
     578      1     97      1     78      1      53     7.9354E+02  8.915E+12  5.435E-02  2.317E+00
     580      1     97      1     86      1      53     3.2696E+02  2.653E+12  8.589E-01  1.192E+00
     584      1     97      1     95      1      53     4.3029E+01  2.858E+09  4.478E-01  7.024E-01
     585      1     98      1     74      1      53     1.1808E+03  1.216E+12  7.436E-03  5.952E+00
     586      1     98      1     76      1      53     1.1240E+03  3.884E+11  1.000E-30  7.333E+00
     587      1     98      1     80      1      53     6.9278E+02  4.291E+11  1.532E-02  5.081E+00
     588      1     98      1     81      1      53     6.4729E+02  1.814E+11  1.000E-30  3.889E+00
     589      1     98      1     84      1      53     3.9921E+02  1.555E+11  3.086E-02  4.887E+00
     590      1     98      1     85      1      53     3.5803E+02  7.599E+10  1.000E-30  2.973E+00
     592      1     98      1     90      1      53     2.0843E+02  4.895E+10  7.068E-02  4.945E+00
     593      1     98      1     91      1      53     1.6878E+02  2.212E+10  1.000E-30  3.317E+00
     595      1     98      1     93      1      53     7.7294E+01  7.302E+09  2.392E-01  5.112E+00
     597      1     98      1     96      1      53     3.7767E+01  7.516E+08  1.000E-30  3.893E+00
     598      1     99      1     75      1      53     1.1956E+03  1.660E+12  1.000E-30  3.054E+01
     599      1     99      1     79      1      53     7.1611E+02  7.769E+11  1.000E-30  1.809E+01
     600      1     99      1     83      1      53     4.2696E+02  3.909E+11  1.000E-30  1.183E+01
     601      1     99      1     89      1      53     2.3897E+02  2.070E+11  1.000E-30  8.455E+00
     604      1     99      1     92      1      53     1.0973E+02  1.160E+11  1.000E-30  6.522E+00
     607      1     99      1     98      1      53     1.6897E+01  6.740E+08  1.000E-30  5.660E+00
     608      1    100      1     75      1      53     1.2357E+03  2.859E+12  1.012E-03  2.956E+01
     609      1    100      1     77      1      53     1.0769E+03  9.403E+10  1.000E-30  4.467E+00
     610      1    100      1     79      1      53     7.5626E+02  1.170E+12  3.124E-03  1.711E+01
     611      1    100      1     82      1      53     6.0138E+02  5.064E+10  1.000E-30  2.605E+00
     612      1    100      1     83      1      53     4.6710E+02  5.500E+11  9.871E-03  1.086E+01
     613      1    100      1     88      1      53     3.1156E+02  1.939E+10  1.000E-30  1.785E+00
     614      1    100      1     89      1      53     2.7912E+02  2.923E+11  3.743E-02  7.461E+00
     617      1    100      1     92      1      53     1.4988E+02  1.783E+11  2.479E-01  5.560E+00
     619      1    100      1     94      1      53     1.2130E+02  2.992E+09  1.000E-30  1.619E+00
     621      1    100      1     98      1      53     5.7044E+01  3.731E+10  1.993E+00  4.531E+00
     623      1    101      1     76      1      53     1.1918E+03  6.258E+12  4.817E-03  9.108E+00
     624      1    101      1     78      1      53     8.7698E+02  1.577E+10  1.000E-30  2.624E+00
     625      1    101      1     81      1      53     7.1510E+02  2.878E+12  1.805E-02  5.293E+00
     627      1    101      1     85      1      53     4.2583E+02  1.549E+12  7.701E-02  3.409E+00
     628      1    101      1     86      1      53     4.1039E+02  8.799E+09  1.000E-30  1.506E+00
     631      1    101      1     91      1      53     2.3659E+02  1.072E+12  5.673E-01  2.452E+00
     634      1    101      1     95      1      53     1.2646E+02  1.044E+09  1.000E-30  1.050E+00
     635      1    101      1     96      1      53     1.0557E+02  2.385E+11  3.113E+00  2.022E+00
     638      1    101      1    100      1      53     1.0760E+01  2.268E+06  9.421E-03  1.931E+00
     639      1    102      1     77      1      53     1.1469E+03  1.307E+13  1.731E-02  4.325E+00
     641      1    102      1     82      1      53     6.7131E+02  7.962E+12  1.045E-01  2.443E+00
     644      1    102      1     87      1      53     4.2378E+02  9.045E+09  1.000E-30  8.263E-01
     645      1    102      1     88      1      53     3.8149E+02  4.735E+12  9.781E-01  1.560E+00
     647      1    102      1     94      1      53     1.9123E+02  1.041E+12  2.638E+00  1.164E+00
     650      1    102      1     97      1      53     1.4260E+02  5.541E+09  1.000E-30  6.079E-01
     652      1    102      1    101      1      53     5.9168E+01  3.483E+08  1.074E-02  1.097E+00
     653      1    103      1     76      1      53     1.2875E+03  4.754E+12  2.712E-03  9.672E+00
     654      1    103      1     78      1      53     9.7272E+02  1.210E+10  1.000E-30  3.130E+00
     655      1    103      1     81      1      53     8.1083E+02  2.255E+12  8.725E-03  5.799E+00
     656      1    103      1     85      1      53     5.2157E+02  1.253E+12  2.748E-02  3.909E+00
     657      1    103      1     86      1      53     5.0613E+02  8.317E+09  1.000E-30  2.006E+00
     659      1    103      1     91      1      53     3.3233E+02  8.603E+11  9.957E-02  2.952E+00
     662      1    103      1     95      1      53     2.2220E+02  2.268E+09  1.000E-30  1.514E+00
     663      1    103      1     96      1      53     2.0131E+02  7.775E+11  6.438E-01  2.503E+00
     665      1    103      1    100      1      53     1.0650E+02  3.545E+11  3.804E+00  2.394E+00
     667      1    103      1    102      1      53     3.6571E+01  3.277E+07  1.000E-30  1.366E+00
     668      1    104      1     78      1      53     9.7661E+02  5.135E+12  1.391E-02  2.661E+00
     670      1    104      1     86      1      53     5.1003E+02  3.015E+12  1.126E-01  1.530E+00
     674      1    104      1     95      1      53     2.2610E+02  1.013E+12  9.478E-01  1.031E+00
     677      1    104      1    102      1      53     4.0464E+01  4.215E+09  6.745E-01  8.457E-01
     679      1    105      1     77      1      53     1.2750E+03  8.732E+12  7.617E-03  4.723E+00
     680      1    105      1     82      1      53     7.9944E+02  5.505E+12  3.349E-02  2.841E+00
     682      1    105      1     87      1      53     5.5191E+02  6.356E+09  1.000E-30  1.218E+00
     683      1    105      1     88      1      53     5.0962E+02  4.139E+12  1.510E-01  1.951E+00
     685      1    105      1     94      1      53     3.1936E+02  3.704E+12  1.054E+00  1.547E+00
     688      1    105      1     97      1      53     2.7073E+02  6.803E+09  1.000E-30  9.099E-01
     690      1    105      1    101      1      53     1.8730E+02  1.494E+12  3.166E+00  1.441E+00
     692      1    105      1    103      1      53     9.1560E+01  5.656E+08  3.032E-03  1.556E+00
     693      1    105      1    104      1      53     8.7667E+01  2.109E+09  1.000E-30  9.030E-01
     694      1    106      1     78      1      53     1.1024E+03  3.208E+12  5.289E-03  2.989E+00
     695      1    106      1     86      1      53     6.3583E+02  2.219E+12  3.152E-02  1.858E+00
     698      1    106      1     95      1      53     3.5190E+02  1.155E+12  1.378E-01  1.359E+00
     701      1    106      1    102      1      53     1.6626E+02  4.423E+11  7.870E-01  1.164E+00
     704      1    106      1    105      1      53     3.8133E+01  5.825E+09  7.501E-01  1.177E+00
     705      1    107      1     77      1      53     1.3672E+03  6.148E+12  3.952E-03  5.144E+00
     706      1    107      1     82      1      53     8.9170E+02  3.881E+12  1.427E-02  3.263E+00
     707      1    107      1     87      1      53     6.4417E+02  4.492E+09  1.000E-30  1.638E+00
     708      1    107      1     88      1      53     6.0188E+02  2.825E+12  4.648E-02  2.373E+00
     710      1    107      1     94      1      53     4.1162E+02  2.533E+12  1.648E-01  1.968E+00
     712      1    107      1     97      1      53     3.6299E+02  5.555E+09  1.000E-30  1.321E+00
     714      1    107      1    101      1      53     2.7956E+02  3.031E+12  9.199E-01  1.850E+00
     716      1    107      1    103      1      53     1.8382E+02  2.119E+12  3.337E+00  1.948E+00
     717      1    107      1    104      1      53     1.7993E+02  3.710E+09  1.000E-30  1.237E+00
     719      1    107      1    106      1      53     5.4126E+01  6.597E+08  1.000E-30  1.373E+00
     720      1    108      1     78      1      53     1.1926E+03  2.149E+12  2.464E-03  3.352E+00
     721      1    108      1     86      1      53     7.2599E+02  1.599E+12  1.210E-02  2.228E+00
     723      1    108      1     95      1      53     4.4206E+02  9.210E+11  3.926E-02  1.722E+00
     725      1    108      1    102      1      53     2.5642E+02  4.927E+11  1.212E-01  1.529E+00
     728      1    108      1    105      1      53     1.2829E+02  2.376E+11  5.621E-01  1.539E+00
     730      1    108      1    107      1      53     3.6034E+01  7.720E+09  7.403E-01  1.710E+00
     731      1    110      1    109      1      53     1.0325E+02  9.636E+09  1.000E-30  3.596E+02
     732      1    111      1    109      1      53     6.2828E+02  2.442E+12  1.812E-04  4.025E+02
     733      1    114      1    113      1      54     7.1415E+00  2.940E+04  1.000E-30  2.449E-03
     735      1    115      1    114      1      54     4.2027E+02  3.488E+10  6.552E+00  1.500E-02
     736      1    117      1    116      1      54     8.2284E+01  4.185E+08  1.206E+01  1.512E-02
     737      1    118      1    117      1      54     6.5579E+01  6.897E+08  4.879E-04  9.900E+01
     739      1    120      1    119      1      54     2.7707E+01  2.941E+07  4.199E+00  4.266E-02
     740      1    121      1    120      1      54     3.4184E+01  2.167E+08  3.044E-03  3.531E+01
     743      1    122      1    121      1      54     1.1729E+01  1.897E+06  1.386E-03  1.007E+01
     745      1    124      1    119      1      54     9.4819E+02  1.385E+13  3.212E-02  3.136E+01
     746      1    124      1    121      1      54     8.8629E+02  4.617E+12  1.000E-30  1.770E+01
     747      1    123      1    120      1      54     9.0352E+02  1.685E+13  1.000E-30  5.151E+01
     749      1    124      1    123      1      54     1.6956E+01  1.336E+07  2.386E+00  1.151E-01
     750      1    125      1    120      1      54     9.3511E+02  2.986E+13  1.719E-02  4.302E+01
     753      1    125      1    122      1      54     8.8920E+02  1.125E+12  1.000E-30  3.430E+00
     754      1    125      1    124      1      54     1.4632E+01  1.981E+07  5.618E-03  2.242E+01
     757      1    126      1    121      1      54     9.0719E+02  4.792E+13  5.470E-02  1.500E+01
     759      1    126      1    125      1      54     6.2624E+00  5.473E+05  5.050E-03  5.258E+00
     761      1    127      1    122      1      54     9.0472E+02  7.183E+13  1.436E-01  6.858E+00
     763      1    127      1    126      1      54     9.2648E+00  6.569E+05  3.333E-03  2.105E+00
     765      1    129      1    121      1      54     1.3816E+03  3.581E+12  1.000E-30  1.002E+01
     767      1    129      1    123      1      54     5.1224E+02  2.321E+12  6.102E-02  1.824E+01
     768      1    129      1    125      1      54     4.8065E+02  1.241E+12  1.000E-30  1.095E+01
     770      1    128      1    120      1      54     1.4063E+03  1.412E+13  1.000E-30  5.142E+01
     772      1    128      1    124      1      54     4.8585E+02  3.622E+12  1.000E-30  3.191E+01
     775      1    129      1    128      1      54     9.4325E+00  3.366E+06  1.434E+00  2.274E-01
     777      1    130      1    120      1      54     1.4246E+03  1.724E+13  3.354E-02  3.683E+00
     779      1    130      1    122      1      54     1.3787E+03  7.489E+11  1.000E-30  4.715E+00
     780      1    130      1    124      1      54     5.0408E+02  4.616E+12  2.743E-02  2.699E+01
     783      1    130      1    126      1      54     4.8319E+02  4.621E+11  1.000E-30  2.174E+00
     785      1    130      1    129      1      54     8.7978E+00  5.623E+06  1.262E-02  1.317E+01
     788      1    131      1    121      1      54     1.3942E+03  3.896E+13  1.021E-02  1.694E+01
     790      1    131      1    125      1      54     4.9329E+02  6.826E+12  1.027E-01  7.511E+00
     791      1    131      1    127      1      54     4.7777E+02  1.243E+11  1.000E-30  9.034E-01
     793      1    131      1    130      1      54     3.8408E+00  1.852E+05  1.233E-02  3.195E+00
     795      1    132      1    122      1      54     1.3904E+03  4.108E+13  1.641E-02  8.073E+00
     797      1    132      1    126      1      54     4.9497E+02  9.288E+12  2.510E-01  3.450E+00
     799      1    132      1    131      1      54     7.9348E+00  7.557E+05  9.630E-03  1.349E+00
     800      1    133      1    127      1      54     4.8686E+02  1.071E+13  5.055E-01  1.971E+00
     801      1    133      1    132      1      54     1.1594E+00  6.787E+02  3.924E-03  7.314E-01
     802      1    134      1    124      1      54     7.8763E+02  3.456E+12  1.000E-30  3.191E+01
     804      1    134      1    129      1      54     2.9235E+02  1.017E+12  1.000E-30  1.864E+01
     808      1    135      1    123      1      54     8.1021E+02  2.596E+12  2.567E-02  1.169E+01
     809      1    135      1    125      1      54     7.7862E+02  1.108E+12  1.000E-30  1.023E+01
     811      1    135      1    128      1      54     3.0740E+02  5.214E+11  1.045E-01  1.167E+01
     812      1    135      1    130      1      54     2.8917E+02  3.892E+11  1.000E-30  6.070E+00
     814      1    135      1    134      1      54     5.6221E+00  1.427E+06  1.703E-01  3.447E+00
     815      1    136      1    124      1      54     7.9909E+02  4.968E+12  6.087E-03  3.188E+01
     818      1    136      1    126      1      54     7.7820E+02  3.661E+11  1.000E-30  5.176E+00
     819      1    136      1    129      1      54     3.0380E+02  1.024E+12  4.112E-02  1.860E+01
     822      1    136      1    131      1      54     2.9116E+02  1.772E+11  1.000E-30  3.147E+00
     825      1    136      1    135      1      54     5.8334E+00  2.028E+06  2.427E-02  8.608E+00
     827      1    137      1    125      1      54     7.8707E+02  7.316E+12  1.787E-02  1.021E+01
     828      1    137      1    127      1      54     7.7154E+02  8.380E+10  1.000E-30  3.182E+00
     830      1    137      1    130      1      54     2.9761E+02  1.433E+12  1.248E-01  6.062E+00
     831      1    137      1    132      1      54     2.8584E+02  6.991E+10  1.000E-30  1.976E+00
     833      1    137      1    136      1      54     2.6080E+00  7.570E+04  2.318E-02  2.254E+00
     835      1    138      1    126      1      54     7.8806E+02  9.247E+12  3.256E-02  5.144E+00
     837      1    138      1    131      1      54     3.0103E+02  1.954E+12  2.614E-01  3.114E+00
     838      1    138      1    133      1      54     2.9194E+02  2.262E+10  1.000E-30  1.368E+00
     840      1    138      1    137      1      54     7.2571E+00  8.076E+05  1.674E-02  1.081E+00
     841      1    139      1    127      1      54     7.7953E+02  8.164E+12  3.807E-02  3.141E+00
     842      1    139      1    132      1      54     2.9383E+02  2.163E+12  4.584E-01  1.934E+00
     843      1    139      1    138      1      54     7.3047E-01  3.162E+02  7.736E-03  6.670E-01
     844      1    140      1    133      1      54     2.9317E+02  2.432E+12  7.678E-01  1.316E+00
     845      1    140      1    139      1      54     5.0455E-01  3.975E+01  3.384E-03  4.601E-01
     846      1    141      1    124      1      54     9.8280E+02  2.752E+12  1.000E-30  3.203E+01
     847      1    141      1    129      1      54     4.8751E+02  1.060E+12  1.000E-30  1.872E+01
     851      1    141      1    135      1      54     1.8954E+02  3.398E+11  1.000E-30  1.204E+01
     853      1    142      1    123      1      54     1.0032E+03  2.205E+12  1.642E-02  8.068E+00
     854      1    142      1    125      1      54     9.7165E+02  8.415E+11  1.000E-30  1.039E+01
     856      1    142      1    128      1      54     5.0043E+02  6.564E+11  4.047E-02  8.110E+00
     857      1    142      1    130      1      54     4.8220E+02  3.833E+11  1.000E-30  6.230E+00
     859      1    142      1    134      1      54     1.9865E+02  1.438E+11  1.635E-01  8.130E+00
     861      1    142      1    136      1      54     1.8719E+02  1.394E+11  1.000E-30  5.396E+00
     863      1    142      1    141      1      54     3.4847E+00  3.472E+05  2.459E-01  2.601E+00
     864      1    143      1    124      1      54     9.9046E+02  4.158E+12  2.649E-03  3.200E+01
     865      1    143      1    126      1      54     9.6956E+02  2.603E+11  1.000E-30  5.326E+00
     866      1    143      1    129      1      54     4.9517E+02  1.230E+12  1.087E-02  1.871E+01
     869      1    143      1    131      1      54     4.8253E+02  1.589E+11  1.000E-30  3.298E+00
     872      1    143      1    135      1      54     1.9720E+02  2.781E+11  7.990E-02  9.976E+00
     874      1    143      1    137      1      54     1.8876E+02  7.172E+10  1.000E-30  1.488E+00
     877      1    143      1    142      1      54     4.1712E+00  8.622E+05  4.044E-02  6.145E+00
     878      1    144      1    125      1      54     9.7774E+02  5.863E+12  7.253E-03  1.036E+01
     879      1    144      1    127      1      54     9.6221E+02  5.428E+10  1.000E-30  3.328E+00
     881      1    144      1    130      1      54     4.8829E+02  1.770E+12  3.026E-02  6.203E+00
     882      1    144      1    132      1      54     4.7651E+02  5.661E+10  1.000E-30  2.121E+00
     884      1    144      1    136      1      54     1.9328E+02  3.473E+11  2.485E-01  3.053E+00
     885      1    144      1    138      1      54     1.8342E+02  3.272E+10  1.000E-30  8.091E-01
     887      1    144      1    143      1      54     1.9160E+00  3.703E+04  3.348E-02  1.917E+00
     888      1    145      1    126      1      54     9.7835E+02  6.704E+12  1.165E-02  5.282E+00
     890      1    145      1    131      1      54     4.9132E+02  2.340E+12  5.542E-02  3.252E+00
     891      1    145      1    133      1      54     4.8223E+02  1.464E+10  1.000E-30  1.506E+00
     893      1    145      1    137      1      54     1.9755E+02  4.480E+11  4.925E-01  1.597E+00
     894      1    145      1    139      1      54     1.8956E+02  1.671E+10  1.000E-30  5.888E-01
     896      1    145      1    144      1      54     6.8766E+00  8.806E+05  1.957E-02  1.109E+00
     897      1    146      1    127      1      54     9.6958E+02  4.823E+12  1.076E-02  3.269E+00
     898      1    146      1    132      1      54     4.8388E+02  2.456E+12  7.667E-02  2.062E+00
     899      1    146      1    138      1      54     1.9078E+02  5.319E+11  7.653E-01  1.044E+00
     900      1    146      1    140      1      54     1.8955E+02  5.122E+09  1.000E-30  4.715E-01
     901      1    146      1    145      1      54     4.8959E-01  1.352E+02  8.292E-03  8.034E-01
     902      1    147      1    133      1      54     4.8306E+02  2.062E+12  7.579E-02  1.435E+00
     903      1    147      1    139      1      54     1.9039E+02  6.178E+11  1.149E+00  7.530E-01
     904      1    147      1    146      1      54     3.3818E-01  2.259E+01  4.161E-03  6.287E-01
     905      1    148      1    140      1      54     1.9013E+02  7.029E+11  1.708E+00  5.622E-01
     906      1    148      1    147      1      54     2.4746E-01  3.518E+00  1.678E-03  4.983E-01
     907      1    149      1    124      1      54     1.1162E+03  2.123E+12  1.000E-30  3.223E+01
     908      1    149      1    129      1      54     6.2092E+02  8.998E+11  1.000E-30  1.893E+01
     910      1    149      1    135      1      54     3.2295E+02  3.787E+11  1.000E-30  1.226E+01
     913      1    149      1    142      1      54     1.2992E+02  1.298E+11  1.000E-30  8.619E+00
     915      1    150      1    123      1      54     1.1354E+03  1.770E+12  1.205E-02  6.006E+00
     916      1    150      1    125      1      54     1.1038E+03  6.322E+11  1.000E-30  1.061E+01
     917      1    150      1    128      1      54     6.3256E+02  6.028E+11  2.416E-02  6.048E+00
     918      1    150      1    130      1      54     6.1433E+02  3.142E+11  1.000E-30  6.450E+00
     919      1    150      1    134      1      54     3.3078E+02  2.013E+11  5.823E-02  6.126E+00
     921      1    150      1    136      1      54     3.1933E+02  1.492E+11  1.000E-30  3.642E+00
     923      1    150      1    141      1      54     1.3562E+02  4.635E+10  2.311E-01  6.248E+00
     925      1    150      1    143      1      54     1.2796E+02  5.575E+10  1.000E-30  4.384E+00
     927      1    150      1    149      1      54     2.2069E+00  9.918E+04  2.836E-01  2.301E+00
     928      1    151      1    124      1      54     1.1216E+03  3.296E+12  1.435E-03  3.219E+01
     929      1    151      1    126      1      54     1.1007E+03  1.871E+11  1.000E-30  5.543E+00
     930      1    151      1    129      1      54     6.2630E+02  1.112E+12  4.748E-03  1.890E+01
     931      1    151      1    131      1      54     6.1366E+02  1.227E+11  1.000E-30  3.514E+00
     933      1    151      1    135      1      54     3.2833E+02  3.708E+11  1.971E-02  1.077E+01
     935      1    151      1    137      1      54     3.1989E+02  7.062E+10  1.000E-30  1.347E+00
     937      1    151      1    142      1      54     1.3530E+02  9.011E+10  1.165E-01  7.162E+00
     939      1    151      1    144      1      54     1.2921E+02  3.111E+10  1.000E-30  1.583E+00
     941      1    151      1    150      1      54     3.1681E+00  4.329E+05  5.914E-02  4.919E+00
     942      1    152      1    125      1      54     1.1084E+03  4.516E+12  3.723E-03  1.057E+01
     943      1    152      1    127      1      54     1.0929E+03  3.666E+10  1.000E-30  3.539E+00
     944      1    152      1    130      1      54     6.1900E+02  1.573E+12  1.237E-02  6.415E+00
     945      1    152      1    132      1      54     6.0722E+02  4.085E+10  1.000E-30  2.332E+00
     947      1    152      1    136      1      54     3.2399E+02  5.152E+11  5.366E-02  3.585E+00
     948      1    152      1    138      1      54     3.1413E+02  3.049E+10  1.000E-30  1.035E+00
     950      1    152      1    143      1      54     1.3263E+02  1.090E+11  2.981E-01  2.538E+00
     951      1    152      1    145      1      54     1.2383E+02  1.502E+10  1.000E-30  1.066E+00
     953      1    152      1    151      1      54     1.4980E+00  2.089E+04  3.611E-02  1.965E+00
     954      1    153      1    126      1      54     1.1088E+03  4.822E+12  5.455E-03  5.485E+00
     955      1    153      1    131      1      54     6.2180E+02  1.969E+12  2.060E-02  3.456E+00
     956      1    153      1    133      1      54     6.1271E+02  9.303E+09  1.000E-30  1.709E+00
     958      1    153      1    137      1      54     3.2803E+02  6.923E+11  9.210E-02  1.999E+00
     959      1    153      1    139      1      54     3.2004E+02  1.284E+10  1.000E-30  8.876E-01
     961      1    153      1    144      1      54     1.3736E+02  1.716E+11  4.810E-01  1.549E+00
     962      1    153      1    146      1      54     1.2999E+02  9.852E+09  1.000E-30  8.677E-01
     963      1    153      1    152      1      54     6.6466E+00  9.589E+05  1.710E-02  1.371E+00
     964      1    154      1    127      1      54     1.0999E+03  3.070E+12  4.398E-03  3.462E+00
     965      1    154      1    132      1      54     6.1421E+02  1.878E+12  2.430E-02  2.255E+00
     966      1    154      1    138      1      54     3.2112E+02  7.816E+11  1.210E-01  1.372E+00
     967      1    154      1    140      1      54     3.1988E+02  3.208E+09  1.000E-30  7.616E-01
     968      1    154      1    145      1      54     1.3082E+02  1.777E+11  6.106E-01  1.149E+00
     969      1    154      1    147      1      54     1.3000E+02  4.548E+09  1.000E-30  7.408E-01
     970      1    154      1    153      1      54     3.4390E-01  6.010E+01  6.885E-03  1.120E+00
     971      1    155      1    133      1      54     6.1329E+02  1.249E+12  1.826E-02  1.616E+00
     972      1    155      1    139      1      54     3.2062E+02  8.139E+11  1.363E-01  1.031E+00
     973      1    155      1    146      1      54     1.3057E+02  2.126E+11  7.875E-01  9.161E-01
     974      1    155      1    148      1      54     1.2999E+02  1.410E+09  1.000E-30  6.326E-01
     975      1    155      1    154      1      54     2.3759E-01  1.118E+01  3.556E-03  9.537E-01
     976      1    156      1    124      1      54     1.2114E+03  1.638E+12  1.000E-30  3.251E+01
     977      1    156      1    129      1      54     7.1613E+02  7.285E+11  1.000E-30  1.922E+01
     978      1    156      1    135      1      54     4.1816E+02  3.381E+11  1.000E-30  1.256E+01
     980      1    156      1    142      1      54     2.2513E+02  1.526E+11  1.000E-30  8.923E+00
     983      1    156      1    150      1      54     9.3002E+01  5.539E+10  1.000E-30  6.840E+00
     985      1    157      1    123      1      54     1.2298E+03  1.404E+12  9.300E-03  4.856E+00
     986      1    157      1    125      1      54     1.1982E+03  4.781E+11  1.000E-30  1.091E+01
     987      1    157      1    128      1      54     7.2695E+02  5.116E+11  1.643E-02  4.898E+00
     988      1    157      1    130      1      54     7.0872E+02  2.487E+11  1.000E-30  6.754E+00
     989      1    157      1    134      1      54     4.2517E+02  1.977E+11  3.187E-02  4.983E+00
     990      1    157      1    136      1      54     4.1371E+02  1.291E+11  1.000E-30  3.050E+00
     991      1    157      1    141      1      54     2.3000E+02  7.190E+10  7.531E-02  5.118E+00
     993      1    157      1    143      1      54     2.2235E+02  6.338E+10  1.000E-30  3.387E+00
     995      1    157      1    149      1      54     9.6594E+01  1.713E+10  2.899E-01  5.316E+00
     997      1    157      1    151      1      54     9.1219E+01  2.427E+10  1.000E-30  3.993E+00
     999      1    157      1    156      1      54     1.3856E+00  2.583E+04  2.507E-01  2.430E+00
    1000      1    158      1    124      1      54     1.2153E+03  2.585E+12  8.749E-04  3.250E+01
    1001      1    158      1    126      1      54     1.1944E+03  1.374E+11  1.000E-30  5.845E+00
    1002      1    158      1    129      1      54     7.2004E+02  9.306E+11  2.566E-03  1.920E+01
    1003      1    158      1    131      1      54     7.0740E+02  9.341E+10  1.000E-30  3.816E+00
    1004      1    158      1    135      1      54     4.2207E+02  3.559E+11  8.200E-03  1.146E+01
    1005      1    158      1    137      1      54     4.1363E+02  5.822E+10  1.000E-30  1.795E+00
    1007      1    158      1    142      1      54     2.2904E+02  1.305E+11  2.857E-02  7.816E+00
    1009      1    158      1    144      1      54     2.2296E+02  3.303E+10  1.000E-30  1.601E+00
    1011      1    158      1    150      1      54     9.6914E+01  3.352E+10  1.512E-01  5.772E+00
    1012      1    158      1    152      1      54     9.2248E+01  1.438E+10  1.000E-30  1.918E+00
    1014      1    158      1    157      1      54     2.5273E+00  2.587E+05  7.386E-02  4.469E+00
    1015      1    159      1    125      1      54     1.2019E+03  3.469E+12  2.169E-03  1.087E+01
    1016      1    159      1    127      1      54     1.1864E+03  2.582E+10  1.000E-30  3.836E+00
    1017      1    159      1    130      1      54     7.1248E+02  1.297E+12  6.373E-03  6.711E+00
    1018      1    159      1    132      1      54     7.0070E+02  2.955E+10  1.000E-30  2.629E+00
    1019      1    159      1    136      1      54     4.1747E+02  4.992E+11  2.028E-02  4.086E+00
    1020      1    159      1    138      1      54     4.0761E+02  2.394E+10  1.000E-30  1.500E+00
    1022      1    159      1    143      1      54     2.2610E+02  1.829E+11  6.370E-02  3.033E+00
    1023      1    159      1    145      1      54     2.1731E+02  1.580E+10  1.000E-30  1.324E+00
    1025      1    159      1    151      1      54     9.4977E+01  4.525E+10  2.913E-01  2.531E+00
    1026      1    159      1    153      1      54     8.6832E+01  6.981E+09  1.000E-30  1.503E+00
    1028      1    159      1    158      1      54     1.2307E+00  1.323E+04  3.204E-02  2.317E+00
    1029      1    160      1    126      1      54     1.2022E+03  3.547E+12  2.991E-03  5.772E+00
    1030      1    160      1    131      1      54     7.1513E+02  1.556E+12  9.679E-03  3.742E+00
    1031      1    160      1    133      1      54     7.0604E+02  6.248E+09  1.000E-30  1.996E+00
    1032      1    160      1    137      1      54     4.2136E+02  6.639E+11  3.102E-02  2.413E+00
    1033      1    160      1    139      1      54     4.1337E+02  9.017E+09  1.000E-30  1.293E+00
    1035      1    160      1    144      1      54     2.3069E+02  2.581E+11  9.132E-02  1.958E+00
    1036      1    160      1    146      1      54     2.2332E+02  8.497E+09  1.000E-30  1.190E+00
    1037      1    160      1    152      1      54     9.9979E+01  7.138E+10  3.824E-01  1.810E+00
    1038      1    160      1    154      1      54     9.2988E+01  5.535E+09  1.000E-30  1.315E+00
    1039      1    160      1    159      1      54     6.4994E+00  1.047E+06  1.367E-02  1.855E+00
    1040      1    161      1    127      1      54     1.1932E+03  2.076E+12  2.138E-03  3.737E+00
    1041      1    161      1    132      1      54     7.0745E+02  1.381E+12  1.012E-02  2.531E+00
    1042      1    161      1    138      1      54     4.1436E+02  6.922E+11  3.592E-02  1.731E+00
    1043      1    161      1    140      1      54     4.1312E+02  1.996E+09  1.000E-30  1.121E+00
    1044      1    161      1    145      1      54     2.2406E+02  2.803E+11  1.045E-01  1.510E+00
    1045      1    161      1    147      1      54     2.2323E+02  3.367E+09  1.000E-30  1.067E+00
    1046      1    161      1    153      1      54     9.3583E+01  7.040E+10  4.097E-01  1.494E+00
    1047      1    161      1    155      1      54     9.3001E+01  3.067E+09  1.000E-30  1.174E+00
    1048      1    161      1    160      1      54     2.5061E-01  2.799E+01  5.208E-03  1.631E+00
    1049      1    162      1    133      1      54     7.0646E+02  7.989E+11  6.320E-03  1.879E+00
    1050      1    162      1    139      1      54     4.1380E+02  6.323E+11  3.337E-02  1.356E+00
    1051      1    162      1    146      1      54     2.2375E+02  3.154E+11  1.121E-01  1.240E+00
    1052      1    162      1    148      1      54     2.2316E+02  8.516E+08  1.000E-30  9.425E-01
    1053      1    162      1    154      1      54     9.3412E+01  8.607E+10  4.832E-01  1.285E+00
    1054      1    162      1    161      1      54     1.7317E-01  5.539E+00  2.765E-03  1.460E+00
    1381      1    165      1    164      1       1     1.0199E+01  1.488E+07  1.533E+01  1.043E+00
    1384      1    167      1    164      1       1     1.0199E+01  2.141E+07  3.066E+01  1.043E+00
    1387      1    169      1    164      1       1     1.2088E+01  9.376E+04  4.310E+00  2.329E+00
    1389      1    169      1    166      1       1     1.8887E+00  5.404E+03  1.975E-01  1.699E+00
    1392      1    168      1    165      1       1     1.8887E+00  1.613E+02  4.546E-04  2.413E+01
    1394      1    168      1    167      1       1     1.8886E+00  3.223E+02  9.091E-04  2.413E+01
    1396      1    170      1    165      1       1     1.8887E+00  1.398E+04  3.565E-02  1.575E+01
    1398      1    170      1    167      1       1     1.8887E+00  2.707E+04  7.126E-02  1.575E+01
    1399      1    172      1    164      1       1     1.2749E+01  2.585E+01  9.224E-01  3.983E+00
    1401      1    172      1    166      1       1     2.5497E+00  1.271E+00  5.609E-03  1.413E+01
    1404      1    172      1    168      1       1     6.6104E-01  1.051E-01  1.000E-30  8.280E+01
    1405      1    172      1    170      1       1     6.6103E-01  1.191E-02  1.000E-30  7.442E+01
    1407      1    171      1    165      1       1     2.5497E+00  2.001E-02  3.515E-05  6.997E+01
    1409      1    171      1    167      1       1     2.5497E+00  4.002E-02  7.031E-05  6.997E+01
    1410      1    171      1    169      1       1     6.6103E-01  1.108E-02  1.000E-30  8.525E+01
    1414      1    173      1    165      1       1     2.5497E+00  4.691E+00  1.814E-03  5.425E+01
    1416      1    173      1    167      1       1     2.5497E+00  9.380E+00  3.633E-03  5.425E+01
    1417      1    173      1    169      1       1     6.6104E-01  1.246E+00  1.000E-30  6.953E+01
    1425      1    174      1    170      1       1     6.6103E-01  1.327E+01  9.262E-19  5.055E+01
    1461      1    178      1    170      1       1     9.6699E-01  1.730E-05  1.000E-30  1.284E+02
    1463      1    178      1    173      1       1     3.0596E-01  3.115E-06  1.000E-30  1.669E+02
    1469      1    179      1    174      1       1     3.0596E-01  3.391E-04  1.000E-30  1.258E+02
