#  File format type:   4
#
#  SPECT3D transition powers file.
#  RUN NAME:  xe_20-200ev_1e18-1e21_4mm
#  Total number of transitions   =     1890
#  Number of written transitions =      854
#  Plasma temperature (eV)       =     1.4000E+02
#  Mass density (g/cm3)          =     2.2432E-05
#  Cell areal density (g/cm2)    =     8.9730E-06
#  Material mass fractions       =     1.0000E+00
#  DCA material number fractions =     1.3000E-02    9.8700E-01
# -----------------------------------------------------
#
#
#   Trans.  Trans  Upper  Upper  Lower  Lower   Ioniz   Energy     Line Power Line Center Line Width
#   Index   Model  Level  Model  Level  Model   Stage   (eV)       (W/cm2)    Opt. Depth      eV
# --------------------------------------------------------------------------------------------------
       1      1      3      1      2      1      52     1.1982E+02  8.678E+06  1.224E-12  9.522E-03
       2      1      4      1      2      1      52     4.9234E+02  2.416E+09  1.559E-02  3.935E-02
       4      1      6      1      5      1      52     1.0651E+02  3.302E+07  2.057E-05  7.871E+01
       6      1      7      1      6      1      52     6.8034E+01  4.330E+06  2.869E-06  9.466E+01
       7      1      9      1      8      1      52     3.8672E+01  1.924E+06  6.865E-05  2.871E+01
       9      1     10      1      9      1      52     3.4641E+01  1.239E+06  1.878E-05  3.134E+01
      11      1     11      1     10      1      52     9.4480E+00  4.308E+03  7.102E-06  8.523E+00
      13      1     12      1      9      1      52     8.3242E+02  7.128E+10  1.000E-30  4.473E+01
      14      1     13      1      8      1      52     8.9349E+02  5.668E+10  1.728E-04  2.724E+01
      16      1     13      1     10      1      52     8.2018E+02  1.886E+10  1.000E-30  1.545E+01
      17      1     13      1     12      1      52     2.2396E+01  5.460E+05  1.741E-04  1.654E+01
      19      1     14      1      9      1      52     8.6975E+02  1.210E+11  9.689E-05  3.750E+01
      21      1     14      1     11      1      52     8.2566E+02  4.500E+09  1.000E-30  2.931E+00
      23      1     14      1     13      1      52     1.4925E+01  1.161E+05  3.415E-05  2.020E+01
      25      1     15      1     10      1      52     8.3968E+02  2.047E+11  3.193E-04  1.283E+01
      28      1     15      1     14      1      52     4.5752E+00  8.495E+02  2.405E-05  4.371E+00
      30      1     16      1     11      1      52     8.3260E+02  3.332E+11  8.302E-04  5.892E+00
      32      1     16      1     15      1      52     2.3647E+00  3.541E+01  1.305E-05  1.738E+00
      34      1     17      1      9      1      52     1.3019E+03  5.982E+10  1.000E-30  4.464E+01
      36      1     17      1     13      1      52     4.4709E+02  1.516E+10  1.000E-30  2.760E+01
      38      1     18      1      8      1      52     1.3534E+03  5.359E+10  8.070E-05  1.588E+01
      40      1     18      1     10      1      52     1.2800E+03  1.461E+10  1.000E-30  8.565E+00
      41      1     18      1     12      1      52     4.8226E+02  9.783E+09  3.282E-04  1.575E+01
      43      1     18      1     14      1      52     4.4493E+02  5.062E+09  1.000E-30  9.467E+00
      45      1     18      1     17      1      52     1.2770E+01  1.220E+05  3.706E-04  9.365E+00
      47      1     19      1      9      1      52     1.3234E+03  1.087E+11  2.292E-05  4.042E+01
      49      1     19      1     11      1      52     1.2793E+03  2.974E+09  1.000E-30  4.030E+00
      51      1     19      1     13      1      52     4.6860E+02  1.893E+10  1.554E-04  2.337E+01
      53      1     19      1     15      1      52     4.4910E+02  1.849E+09  1.000E-30  1.760E+00
      56      1     19      1     18      1      52     8.7378E+00  3.018E+04  7.654E-05  1.167E+01
      58      1     20      1     10      1      52     1.2912E+03  1.568E+11  5.969E-05  1.447E+01
      61      1     20      1     14      1      52     4.5609E+02  3.083E+10  6.090E-04  6.327E+00
      63      1     20      1     16      1      52     4.4915E+02  5.205E+08  1.000E-30  6.956E-01
      65      1     20      1     19      1      52     2.4178E+00  1.617E+02  5.406E-05  2.510E+00
      67      1     21      1     11      1      52     1.2829E+03  1.648E+11  9.566E-05  6.906E+00
      69      1     21      1     15      1      52     4.5271E+02  4.714E+10  1.496E-03  2.880E+00
      72      1     21      1     20      1      52     1.2002E+00  7.827E+00  3.826E-05  1.003E+00
      75      1     22      1     16      1      52     4.5135E+02  6.944E+10  3.053E-03  1.635E+00
      77      1     22      1     21      1      52     1.0028E+00  2.058E+00  2.638E-05  5.098E-01
      79      1     23      1     13      1      52     7.2854E+02  1.453E+10  1.000E-30  2.755E+01
      81      1     23      1     18      1      52     2.6868E+02  4.258E+09  1.000E-30  1.592E+01
      83      1     24      1     12      1      52     7.5883E+02  1.050E+10  1.433E-04  9.935E+00
      85      1     24      1     14      1      52     7.2151E+02  4.512E+09  1.000E-30  5.046E+00
      86      1     24      1     17      1      52     2.8935E+02  2.318E+09  5.731E-04  9.898E+00
      88      1     24      1     19      1      52     2.6784E+02  1.592E+09  1.000E-30  6.188E+00
      90      1     24      1     23      1      52     7.9016E+00  3.343E+04  6.954E-04  5.779E+00
      92      1     25      1     13      1      52     7.4204E+02  1.984E+10  3.858E-05  2.486E+01
      94      1     25      1     15      1      52     7.2254E+02  1.458E+09  1.000E-30  1.726E+00
      96      1     25      1     18      1      52     2.8218E+02  4.260E+09  2.817E-04  1.329E+01
      98      1     25      1     20      1      52     2.7102E+02  7.138E+08  1.000E-30  1.181E+00
     101      1     25      1     24      1      52     5.5989E+00  9.691E+03  1.492E-04  7.310E+00
     103      1     26      1     14      1      52     7.2843E+02  2.969E+10  1.268E-04  7.182E+00
     105      1     26      1     16      1      52     7.2149E+02  3.426E+08  1.000E-30  1.171E+00
     107      1     26      1     19      1      52     2.7476E+02  6.597E+09  1.063E-03  3.550E+00
     109      1     26      1     21      1      52     2.7114E+02  3.040E+08  1.000E-30  4.232E-01
     112      1     26      1     25      1      52     1.3194E+00  3.156E+01  1.025E-04  1.589E+00
     114      1     27      1     15      1      52     7.2446E+02  3.722E+10  2.437E-04  3.401E+00
     117      1     27      1     20      1      52     2.7295E+02  9.534E+09  2.478E-03  1.606E+00
     119      1     27      1     22      1      52     2.7075E+02  8.983E+07  1.000E-30  2.324E-01
     121      1     27      1     26      1      52     6.0740E-01  1.372E+00  8.213E-05  6.315E-01
     123      1     28      1     16      1      52     7.2273E+02  3.442E+10  3.004E-04  1.999E+00
     125      1     28      1     21      1      52     2.7238E+02  1.359E+10  4.891E-03  9.105E-01
     128      1     28      1     27      1      52     6.3240E-01  9.659E-01  7.905E-05  3.184E-01
     129      1     29      1     13      1      52     9.1039E+02  1.156E+10  1.000E-30  2.750E+01
     131      1     29      1     18      1      52     4.5053E+02  4.426E+09  1.000E-30  1.587E+01
     134      1     29      1     24      1      52     1.7396E+02  1.410E+09  1.000E-30  1.001E+01
     136      1     30      1     12      1      52     9.3797E+02  8.829E+09  9.489E-05  6.681E+00
     137      1     30      1     14      1      52     9.0065E+02  3.429E+09  1.000E-30  4.419E+00
     138      1     30      1     17      1      52     4.6848E+02  2.698E+09  2.340E-04  6.644E+00
     140      1     30      1     19      1      52     4.4698E+02  1.568E+09  1.000E-30  3.466E+00
     142      1     30      1     23      1      52     1.8704E+02  6.825E+08  9.346E-04  6.619E+00
     144      1     30      1     25      1      52     1.7354E+02  5.698E+08  1.000E-30  4.254E+00
     146      1     30      1     29      1      52     5.1810E+00  1.063E+04  1.206E-03  3.760E+00
     147      1     31      1     13      1      52     9.1941E+02  1.655E+10  1.635E-05  2.571E+01
     148      1     31      1     15      1      52     8.9991E+02  1.035E+09  1.000E-30  2.445E+00
     150      1     31      1     18      1      52     4.5956E+02  4.939E+09  7.108E-05  1.414E+01
     152      1     31      1     20      1      52     4.4840E+02  6.360E+08  1.000E-30  8.942E-01
     155      1     31      1     24      1      52     1.8298E+02  1.208E+09  4.739E-04  8.221E+00
     157      1     31      1     26      1      52     1.7606E+02  2.914E+08  1.000E-30  8.343E-01
     160      1     31      1     30      1      52     3.8407E+00  3.731E+03  2.647E-04  4.914E+00
     161      1     32      1     14      1      52     9.0519E+02  2.350E+10  4.911E-05  7.644E+00
     162      1     32      1     16      1      52     8.9825E+02  2.211E+08  1.000E-30  1.633E+00
     164      1     32      1     19      1      52     4.5152E+02  7.290E+09  2.336E-04  4.019E+00
     166      1     32      1     21      1      52     4.4790E+02  2.370E+08  1.000E-30  5.817E-01
     169      1     32      1     25      1      52     1.7808E+02  1.797E+09  1.733E-03  2.180E+00
     171      1     32      1     27      1      52     1.7615E+02  1.496E+08  1.000E-30  2.913E-01
     174      1     32      1     31      1      52     7.0280E-01  5.526E+00  1.764E-04  1.070E+00
     175      1     33      1     15      1      52     9.0089E+02  2.645E+10  8.259E-05  3.709E+00
     177      1     33      1     20      1      52     4.4938E+02  9.547E+09  4.685E-04  1.901E+00
     179      1     33      1     22      1      52     4.4717E+02  5.810E+07  1.000E-30  4.378E-01
     181      1     33      1     26      1      52     1.7704E+02  2.526E+09  3.963E-03  9.766E-01
     183      1     33      1     28      1      52     1.7580E+02  6.663E+07  1.000E-30  1.469E-01
     185      1     33      1     32      1      52     2.7490E-01  1.621E-01  1.557E-04  4.246E-01
     186      1     34      1     16      1      52     8.9895E+02  1.954E+10  8.039E-05  2.204E+00
     188      1     34      1     21      1      52     4.4860E+02  1.084E+10  7.100E-04  1.115E+00
     191      1     34      1     27      1      52     1.7685E+02  3.424E+09  7.558E-03  5.456E-01
     194      1     34      1     33      1      52     4.2420E-01  4.155E-01  1.679E-04  2.136E-01
     195      1     35      1     13      1      52     1.0346E+03  8.915E+09  1.000E-30  2.751E+01
     196      1     35      1     18      1      52     5.7478E+02  3.758E+09  1.000E-30  1.588E+01
     198      1     35      1     24      1      52     2.9820E+02  1.579E+09  1.000E-30  9.960E+00
     201      1     35      1     30      1      52     1.1906E+02  5.390E+08  1.000E-30  6.678E+00
     203      1     36      1     12      1      52     1.0606E+03  7.054E+09  7.398E-05  4.737E+00
     204      1     36      1     14      1      52     1.0233E+03  2.574E+09  1.000E-30  5.153E+00
     205      1     36      1     17      1      52     5.9109E+02  2.431E+09  1.484E-04  4.699E+00
     206      1     36      1     19      1      52     5.6958E+02  1.281E+09  1.000E-30  2.554E+00
     207      1     36      1     23      1      52     3.0964E+02  8.504E+08  3.635E-04  4.669E+00
     209      1     36      1     25      1      52     2.9614E+02  6.095E+08  1.000E-30  2.534E+00
     211      1     36      1     29      1      52     1.2779E+02  2.357E+08  1.446E-03  4.635E+00
     213      1     36      1     31      1      52     1.1877E+02  2.291E+08  1.000E-30  3.045E+00
     215      1     36      1     35      1      52     3.5433E+00  3.750E+03  1.944E-03  2.575E+00
     216      1     37      1     13      1      52     1.0410E+03  1.313E+10  8.765E-06  2.623E+01
     217      1     37      1     15      1      52     1.0215E+03  7.436E+08  1.000E-30  2.974E+00
     218      1     37      1     18      1      52     5.8110E+02  4.419E+09  3.033E-05  1.466E+01
     219      1     37      1     20      1      52     5.6995E+02  4.900E+08  1.000E-30  1.231E+00
     221      1     37      1     24      1      52     3.0452E+02  1.503E+09  1.202E-04  8.744E+00
     223      1     37      1     26      1      52     2.9760E+02  2.844E+08  1.000E-30  5.435E-01
     226      1     37      1     30      1      52     1.2539E+02  4.069E+08  7.470E-04  5.462E+00
     228      1     37      1     32      1      52     1.2084E+02  1.278E+08  1.000E-30  6.130E-01
     231      1     37      1     36      1      52     2.7803E+00  1.666E+03  4.434E-04  3.453E+00
     232      1     38      1     14      1      52     1.0264E+03  1.798E+10  2.492E-05  7.910E+00
     233      1     38      1     16      1      52     1.0194E+03  1.488E+08  1.000E-30  1.925E+00
     234      1     38      1     19      1      52     5.7269E+02  6.330E+09  9.266E-05  4.310E+00
     235      1     38      1     21      1      52     5.6908E+02  1.681E+08  1.000E-30  8.423E-01
     237      1     38      1     25      1      52     2.9925E+02  2.186E+09  3.922E-04  2.465E+00
     239      1     38      1     27      1      52     2.9733E+02  1.315E+08  1.000E-30  3.162E-01
     242      1     38      1     31      1      52     1.2188E+02  5.841E+08  2.678E-03  1.432E+00
     244      1     38      1     33      1      52     1.2090E+02  7.330E+07  1.000E-30  2.168E-01
     247      1     38      1     37      1      52     3.3030E-01  6.678E-01  2.907E-04  7.558E-01
     248      1     39      1     15      1      52     1.0219E+03  1.891E+10  3.856E-05  3.891E+00
     249      1     39      1     20      1      52     5.7035E+02  7.744E+09  1.696E-04  2.084E+00
     250      1     39      1     22      1      52     5.6815E+02  3.691E+07  1.000E-30  6.135E-01
     252      1     39      1     26      1      52     2.9801E+02  2.873E+09  7.984E-04  1.152E+00
     254      1     39      1     28      1      52     2.9677E+02  5.083E+07  1.000E-30  2.407E-01
     256      1     39      1     32      1      52     1.2125E+02  7.924E+08  5.963E-03  6.369E-01
     258      1     39      1     34      1      52     1.2055E+02  3.917E+07  1.000E-30  1.042E-01
     260      1     39      1     38      1      52     7.3900E-02  3.776E-03  3.374E-04  2.349E-01
     261      1     40      1     16      1      52     1.0198E+03  1.231E+10  3.276E-05  2.335E+00
     262      1     40      1     21      1      52     5.6945E+02  7.756E+09  2.232E-04  1.240E+00
     264      1     40      1     27      1      52     2.9770E+02  3.466E+09  1.292E-03  6.706E-01
     267      1     40      1     33      1      52     1.2127E+02  1.059E+09  1.121E-02  3.546E-01
     270      1     40      1     39      1      52     2.9800E-01  1.837E-01  3.027E-04  1.510E-01
     271      1     41      1     13      1      52     1.1233E+03  6.882E+09  1.000E-30  2.752E+01
     272      1     41      1     18      1      52     6.6340E+02  3.049E+09  1.000E-30  1.589E+01
     273      1     41      1     24      1      52     3.8682E+02  1.405E+09  1.000E-30  9.968E+00
     275      1     41      1     30      1      52     2.0768E+02  6.317E+08  1.000E-30  6.686E+00
     278      1     41      1     36      1      52     8.5076E+01  2.274E+08  1.000E-30  4.696E+00
     280      1     42      1     12      1      52     1.1482E+03  5.566E+09  6.259E-05  3.482E+00
     281      1     42      1     14      1      52     1.1108E+03  1.950E+09  1.000E-30  5.936E+00
     282      1     42      1     17      1      52     6.7867E+02  2.045E+09  1.125E-04  3.444E+00
     283      1     42      1     19      1      52     6.5716E+02  1.012E+09  1.000E-30  2.683E+00
     284      1     42      1     23      1      52     3.9722E+02  8.049E+08  2.225E-04  3.420E+00
     285      1     42      1     25      1      52     3.8372E+02  5.272E+08  1.000E-30  1.741E+00
     286      1     42      1     29      1      52     2.1536E+02  3.099E+08  5.412E-04  3.399E+00
     288      1     42      1     31      1      52     2.0634E+02  2.598E+08  1.000E-30  1.919E+00
     290      1     42      1     35      1      52     9.1119E+01  9.221E+07  2.144E-03  3.377E+00
     292      1     42      1     37      1      52     8.4795E+01  1.008E+08  1.000E-30  2.255E+00
     294      1     42      1     41      1      52     2.4992E+00  1.435E+03  2.892E-03  1.890E+00
     295      1     43      1     13      1      52     1.1279E+03  1.031E+10  5.330E-06  2.663E+01
     296      1     43      1     15      1      52     1.1084E+03  5.463E+08  1.000E-30  3.333E+00
     297      1     43      1     18      1      52     6.6800E+02  3.698E+09  1.635E-05  1.499E+01
     298      1     43      1     20      1      52     6.5684E+02  3.717E+08  1.000E-30  1.545E+00
     299      1     43      1     24      1      52     3.9142E+02  1.420E+09  5.157E-05  9.071E+00
     300      1     43      1     26      1      52     3.8450E+02  2.334E+08  1.000E-30  6.782E-01
     302      1     43      1     30      1      52     2.1228E+02  5.314E+08  1.899E-04  5.776E+00
     304      1     43      1     32      1      52     2.0774E+02  1.336E+08  1.000E-30  3.786E-01
     307      1     43      1     36      1      52     8.9678E+01  1.560E+08  1.126E-03  3.800E+00
     309      1     43      1     38      1      52     8.6568E+01  5.992E+07  1.000E-30  4.643E-01
     312      1     43      1     42      1      52     2.1031E+00  8.348E+02  7.046E-04  2.518E+00
     313      1     44      1     15      1      52     1.1084E+03  1.392E+10  2.156E-05  4.013E+00
     314      1     44      1     20      1      52     6.5688E+02  6.062E+09  8.233E-05  2.199E+00
     315      1     44      1     22      1      52     6.5468E+02  2.472E+07  1.000E-30  7.300E-01
     316      1     44      1     26      1      52     3.8454E+02  2.550E+09  2.979E-04  1.275E+00
     317      1     44      1     28      1      52     3.8330E+02  3.583E+07  1.000E-30  3.500E-01
     319      1     44      1     32      1      52     2.0778E+02  9.928E+08  1.245E-03  7.539E-01
     321      1     44      1     34      1      52     2.0708E+02  3.375E+07  1.000E-30  1.437E-01
     323      1     44      1     38      1      52     8.6605E+01  2.876E+08  8.662E-03  4.385E-01
     325      1     44      1     40      1      52     8.6233E+01  2.199E+07  1.000E-30  7.966E-02
     327      1     45      1     14      1      52     1.1130E+03  1.381E+10  1.464E-05  8.109E+00
     328      1     45      1     16      1      52     1.1061E+03  1.042E+08  1.000E-30  2.118E+00
     329      1     45      1     19      1      52     6.5935E+02  5.187E+09  4.770E-05  4.497E+00
     330      1     45      1     21      1      52     6.5574E+02  1.216E+08  1.000E-30  1.029E+00
     331      1     45      1     25      1      52     3.8591E+02  2.026E+09  1.575E-04  2.651E+00
     332      1     45      1     27      1      52     3.8399E+02  1.009E+08  1.000E-30  4.686E-01
     334      1     45      1     31      1      52     2.0854E+02  7.572E+08  6.144E-04  1.612E+00
     336      1     45      1     33      1      52     2.0756E+02  7.074E+07  1.000E-30  1.930E-01
     339      1     45      1     37      1      52     8.6990E+01  2.168E+08  3.945E-03  9.935E-01
     341      1     45      1     39      1      52     8.6586E+01  3.711E+07  1.000E-30  1.669E-01
     344      1     45      1     43      1      52     9.2200E-02  1.650E-02  6.948E-04  3.595E-01
     345      1     45      1     44      1      52     5.4600E-02  2.286E-03  1.000E-30  9.469E-02
     346      1     46      1     16      1      52     1.1062E+03  8.290E+09  1.668E-05  2.419E+00
     347      1     46      1     21      1      52     6.5590E+02  5.593E+09  9.866E-05  1.323E+00
     348      1     46      1     27      1      52     3.8415E+02  2.854E+09  4.386E-04  7.562E-01
     350      1     46      1     33      1      52     2.0772E+02  1.225E+09  2.074E-03  4.351E-01
     353      1     46      1     39      1      52     8.6749E+01  3.762E+08  1.594E-02  2.437E-01
     355      1     46      1     44      1      52     2.1720E-01  8.552E-02  4.911E-04  1.118E-01
     357      1     48      1     47      1      52     3.1750E+02  2.543E+08  1.408E-05  1.840E+02
     358      1     49      1     48      1      52     3.6284E+02  1.379E+09  7.741E-07  2.762E+02
     359      1     51      1     50      1      52     7.7750E-01  3.617E+00  6.588E-06  1.384E+02
     360      1     52      1     51      1      52     6.6689E+02  2.141E+10  1.000E-30  4.204E+02
     361      1     54      1     53      1      52     3.0082E+01  1.282E+06  1.000E-30  1.845E+02
     362      1     55      1     53      1      52     1.0120E+02  2.643E+07  1.871E-05  8.075E+01
     363      1     56      1     54      1      52     1.0442E+02  2.967E+07  2.077E-05  7.434E+01
     364      1     56      1     55      1      52     3.3297E+01  1.726E+06  1.000E-30  1.922E+02
     365      1     57      1     55      1      52     9.2670E+01  1.477E+07  3.307E-06  1.109E+02
     367      1     58      1     56      1      52     9.3608E+01  1.531E+07  3.465E-06  1.064E+02
     368      1     58      1     57      1      52     3.4235E+01  1.874E+06  1.000E-30  1.948E+02
     369      1     61      1     60      1      53     7.7081E+01  1.026E+06  3.126E-13  6.125E-03
     370      1     62      1     60      1      53     8.3045E+01  1.543E+06  1.000E-30  6.599E-03
     373      1     63      1     61      1      53     8.0094E+00  2.675E+00  1.000E-30  6.410E-04
     375      1     64      1     60      1      53     4.6515E+02  1.874E+09  1.005E-02  3.715E-02
     378      1     65      1     60      1      53     5.0090E+02  7.246E+08  1.234E-13  3.996E-02
     380      1     65      1     63      1      53     4.1581E+02  8.511E+08  2.180E-02  3.322E-02
     381      1     67      1     66      1      53     9.2071E+01  1.774E+07  2.351E-05  5.729E+01
     383      1     68      1     67      1      53     2.1266E+02  2.325E+08  4.481E-06  3.995E+01
     385      1     69      1     67      1      53     2.3259E+02  1.791E+08  1.000E-30  2.161E+01
     386      1     71      1     70      1      53     1.8245E+01  1.178E+05  8.970E-05  1.282E+01
     388      1     72      1     71      1      53     7.1086E+01  2.103E+07  3.385E-05  3.416E+01
     390      1     73      1     72      1      53     1.1156E+02  8.081E+07  6.851E-05  1.007E+01
     392      1     74      1     71      1      53     8.8734E+02  8.482E+10  1.000E-30  4.807E+01
     393      1     75      1     70      1      53     9.0769E+02  6.067E+10  1.623E-04  2.962E+01
     395      1     75      1     72      1      53     8.1835E+02  1.772E+10  1.000E-30  1.673E+01
     396      1     75      1     74      1      53     2.1014E+00  2.486E+02  3.351E-04  4.739E+00
     398      1     76      1     71      1      53     9.4411E+02  1.635E+11  9.469E-05  4.052E+01
     400      1     76      1     73      1      53     7.6146E+02  3.132E+09  1.000E-30  3.165E+00
     402      1     76      1     75      1      53     5.4666E+01  1.956E+07  1.042E-04  2.270E+01
     404      1     77      1     72      1      53     9.7713E+02  3.609E+11  3.305E-04  1.387E+01
     407      1     77      1     76      1      53     1.0411E+02  2.180E+08  4.409E-04  5.195E+00
     409      1     78      1     73      1      53     1.0763E+03  8.969E+11  9.524E-04  6.402E+00
     411      1     78      1     77      1      53     2.1071E+02  1.588E+09  6.799E-04  2.117E+00
     412      1     79      1     70      1      53     1.3871E+03  5.869E+10  7.268E-05  1.793E+01
     414      1     79      1     72      1      53     1.2978E+03  1.466E+10  1.000E-30  9.335E+00
     415      1     79      1     74      1      53     4.8154E+02  9.801E+09  3.054E-04  1.703E+01
     417      1     79      1     76      1      53     4.2478E+02  3.987E+09  1.000E-30  1.024E+01
     420      1     80      1     71      1      53     1.3753E+03  6.922E+10  1.000E-30  4.804E+01
     422      1     80      1     75      1      53     4.8588E+02  1.965E+10  1.000E-30  2.965E+01
     424      1     80      1     79      1      53     6.4349E+00  2.535E+04  1.000E-30  1.648E+01
     426      1     81      1     71      1      53     1.4208E+03  1.393E+11  2.195E-05  4.369E+01
     428      1     81      1     73      1      53     1.2382E+03  2.519E+09  1.000E-30  4.336E+00
     430      1     81      1     75      1      53     5.3137E+02  3.044E+10  1.588E-04  2.524E+01
     432      1     81      1     77      1      53     3.7259E+02  8.471E+08  1.000E-30  1.909E+00
     434      1     81      1     79      1      53     5.1923E+01  3.492E+07  3.783E-04  1.303E+01
     438      1     82      1     76      1      53     5.7966E+02  7.707E+10  6.847E-04  6.855E+00
     440      1     82      1     78      1      53     2.6484E+02  6.077E+07  1.000E-30  7.509E-01
     442      1     82      1     81      1      53     1.0296E+02  5.047E+08  1.828E-03  3.004E+00
     443      1     83      1     74      1      53     7.7070E+02  1.108E+10  1.301E-04  1.103E+01
     445      1     83      1     76      1      53     7.1393E+02  4.102E+09  1.000E-30  5.470E+00
     447      1     83      1     80      1      53     2.8272E+02  2.124E+09  5.225E-04  1.067E+01
     448      1     83      1     81      1      53     2.3723E+02  9.289E+08  1.000E-30  6.693E+00
     451      1     84      1     75      1      53     7.7945E+02  1.780E+10  1.000E-30  2.961E+01
     452      1     84      1     79      1      53     3.0001E+02  6.107E+09  1.000E-30  1.708E+01
     455      1     84      1     83      1      53     1.0851E+01  1.781E+05  1.000E-30  1.122E+01
     457      1     85      1     75      1      53     8.2063E+02  2.886E+10  3.850E-05  2.679E+01
     459      1     85      1     77      1      53     6.6185E+02  9.923E+08  1.000E-30  1.857E+00
     460      1     85      1     79      1      53     3.4119E+02  8.851E+09  3.073E-04  1.432E+01
     463      1     85      1     82      1      53     1.8630E+02  1.541E+08  1.000E-30  1.269E+00
     464      1     85      1     83      1      53     5.2031E+01  6.739E+07  1.161E-03  8.148E+00
     467      1     86      1     77      1      53     6.7729E+02  2.260E+11  1.965E-03  3.142E+00
     470      1     86      1     82      1      53     2.0174E+02  4.128E+09  3.501E-03  1.221E+00
     473      1     87      1     78      1      53     5.1236E+02  1.113E+11  3.050E-03  1.793E+00
     475      1     87      1     86      1      53     4.5782E+01  8.610E+06  9.557E-04  6.191E-01
     477      1     88      1     76      1      53     8.6948E+02  5.804E+10  1.346E-04  7.775E+00
     479      1     88      1     78      1      53     5.5466E+02  1.160E+08  1.000E-30  1.274E+00
     481      1     88      1     81      1      53     3.9278E+02  2.636E+10  1.338E-03  3.860E+00
     484      1     88      1     85      1      53     1.0351E+02  1.036E+09  5.889E-03  1.897E+00
     485      1     88      1     86      1      53     8.8076E+01  4.826E+06  1.000E-30  4.503E-01
     487      1     89      1     74      1      53     9.5869E+02  9.525E+09  8.241E-05  7.773E+00
     488      1     89      1     76      1      53     9.0192E+02  3.281E+09  1.000E-30  4.806E+00
     490      1     89      1     80      1      53     4.7071E+02  2.737E+09  2.134E-04  7.285E+00
     491      1     89      1     81      1      53     4.2522E+02  1.222E+09  1.000E-30  3.748E+00
     494      1     89      1     84      1      53     1.7714E+02  5.531E+08  8.276E-04  7.131E+00
     495      1     89      1     85      1      53     1.3596E+02  2.043E+08  1.000E-30  4.579E+00
     497      1     90      1     75      1      53     9.7022E+02  1.396E+10  1.000E-30  2.962E+01
     498      1     90      1     79      1      53     4.9078E+02  5.819E+09  1.000E-30  1.709E+01
     501      1     90      1     83      1      53     2.0163E+02  2.358E+09  1.000E-30  1.072E+01
     504      1     90      1     89      1      53     1.3639E+01  3.042E+05  1.000E-30  3.851E+00
     505      1     91      1     75      1      53     1.0099E+03  2.329E+10  1.612E-05  2.771E+01
     506      1     91      1     77      1      53     8.5110E+02  7.991E+08  1.000E-30  2.634E+00
     507      1     91      1     79      1      53     5.3043E+02  8.489E+09  7.373E-05  1.524E+01
     510      1     91      1     82      1      53     3.7555E+02  3.017E+08  1.000E-30  9.507E-01
     511      1     91      1     83      1      53     2.4127E+02  3.553E+09  5.638E-04  8.868E+00
     515      1     91      1     88      1      53     8.5729E+01  1.579E+07  1.000E-30  9.025E-01
     516      1     91      1     89      1      53     5.3287E+01  1.299E+08  3.148E-03  5.405E+00
     518      1     92      1     74      1      53     1.0879E+03  7.709E+09  5.899E-05  6.014E+00
     519      1     92      1     76      1      53     1.0312E+03  2.522E+09  1.000E-30  5.591E+00
     520      1     92      1     80      1      53     5.9995E+02  2.554E+09  1.323E-04  5.296E+00
     521      1     92      1     81      1      53     5.5446E+02  1.095E+09  1.000E-30  2.778E+00
     523      1     92      1     84      1      53     3.0638E+02  8.078E+08  3.277E-04  5.079E+00
     524      1     92      1     85      1      53     2.6520E+02  3.722E+08  1.000E-30  2.738E+00
     527      1     92      1     90      1      53     1.1560E+02  1.591E+08  1.225E-03  4.987E+00
     528      1     92      1     91      1      53     7.5952E+01  3.644E+07  1.000E-30  3.274E+00
     529      1     93      1     75      1      53     1.1014E+03  1.073E+10  1.000E-30  2.964E+01
     530      1     93      1     79      1      53     6.2192E+02  4.841E+09  1.000E-30  1.710E+01
     531      1     93      1     83      1      53     3.3276E+02  2.286E+09  1.000E-30  1.073E+01
     534      1     93      1     89      1      53     1.4478E+02  1.085E+09  1.000E-30  7.193E+00
     537      1     93      1     92      1      53     1.5538E+01  1.273E+06  1.000E-30  5.222E+00
     538      1     94      1     76      1      53     1.0597E+03  4.246E+10  5.093E-05  8.303E+00
     539      1     94      1     78      1      53     7.4491E+02  1.011E+08  1.000E-30  1.770E+00
     541      1     94      1     81      1      53     5.8303E+02  1.946E+10  2.668E-04  4.362E+00
     544      1     94      1     85      1      53     2.9377E+02  1.282E+10  2.531E-03  2.374E+00
     545      1     94      1     86      1      53     2.7833E+02  3.412E+07  1.000E-30  6.185E-01
     549      1     94      1     91      1      53     1.0453E+02  1.905E+09  1.586E-02  1.276E+00
     552      1     95      1     77      1      53     9.6122E+02  1.111E+11  2.856E-04  3.709E+00
     555      1     95      1     82      1      53     4.8567E+02  9.202E+10  3.890E-03  1.756E+00
     558      1     95      1     87      1      53     2.3815E+02  5.189E+07  1.000E-30  2.612E-01
     559      1     95      1     88      1      53     1.9586E+02  7.963E+09  1.164E-02  7.848E-01
     561      1     95      1     94      1      53     5.5996E+00  1.226E+03  1.856E-04  3.178E-01
     562      1     96      1     75      1      53     1.1409E+03  1.828E+10  8.591E-06  2.829E+01
     563      1     96      1     77      1      53     9.8211E+02  6.132E+08  1.000E-30  3.209E+00
     564      1     96      1     79      1      53     6.6145E+02  7.171E+09  3.106E-05  1.576E+01
     565      1     96      1     82      1      53     5.0657E+02  2.956E+08  1.000E-30  1.314E+00
     566      1     96      1     83      1      53     3.7229E+02  3.244E+09  1.322E-04  9.391E+00
     569      1     96      1     88      1      53     2.1675E+02  7.713E+07  1.000E-30  5.843E-01
     570      1     96      1     89      1      53     1.8430E+02  1.849E+09  9.927E-04  5.884E+00
     573      1     96      1     92      1      53     5.5065E+01  2.417E+08  7.652E-03  3.778E+00
     575      1     96      1     94      1      53     2.6491E+01  2.770E+05  1.000E-30  6.671E-01
     578      1     97      1     78      1      53     7.9354E+02  4.805E+10  2.902E-04  2.184E+00
     580      1     97      1     86      1      53     3.2696E+02  2.706E+10  5.206E-03  9.876E-01
     584      1     97      1     95      1      53     4.3029E+01  1.983E+07  4.135E-03  3.978E-01
     585      1     98      1     74      1      53     1.1808E+03  6.145E+09  4.376E-05  5.055E+00
     586      1     98      1     76      1      53     1.1240E+03  1.942E+09  1.000E-30  6.438E+00
     587      1     98      1     80      1      53     6.9278E+02  2.193E+09  9.536E-05  4.099E+00
     588      1     98      1     81      1      53     6.4729E+02  9.071E+08  1.000E-30  2.914E+00
     589      1     98      1     84      1      53     3.9921E+02  8.124E+08  1.995E-04  3.792E+00
     590      1     98      1     85      1      53     3.5803E+02  3.799E+08  1.000E-30  1.887E+00
     592      1     98      1     90      1      53     2.0843E+02  2.694E+08  4.781E-04  3.687E+00
     593      1     98      1     91      1      53     1.6878E+02  1.106E+08  1.000E-30  2.070E+00
     595      1     98      1     93      1      53     7.7294E+01  4.813E+07  1.706E-03  3.626E+00
     597      1     98      1     96      1      53     3.7767E+01  3.758E+06  1.000E-30  2.419E+00
     598      1     99      1     75      1      53     1.1956E+03  8.299E+09  1.000E-30  2.964E+01
     599      1     99      1     79      1      53     7.1611E+02  3.884E+09  1.000E-30  1.711E+01
     600      1     99      1     83      1      53     4.2696E+02  1.955E+09  1.000E-30  1.074E+01
     601      1     99      1     89      1      53     2.3897E+02  1.035E+09  1.000E-30  7.201E+00
     604      1     99      1     92      1      53     1.0973E+02  5.801E+08  1.000E-30  5.038E+00
     607      1     99      1     98      1      53     1.6897E+01  3.370E+06  1.000E-30  3.858E+00
     608      1    100      1     75      1      53     1.2357E+03  1.431E+10  5.222E-06  2.869E+01
     609      1    100      1     77      1      53     1.0769E+03  4.701E+08  1.000E-30  3.595E+00
     610      1    100      1     79      1      53     7.5626E+02  5.870E+09  1.659E-05  1.615E+01
     611      1    100      1     82      1      53     6.0138E+02  2.532E+08  1.000E-30  1.655E+00
     612      1    100      1     83      1      53     4.6710E+02  2.790E+09  5.527E-05  9.783E+00
     613      1    100      1     88      1      53     3.1156E+02  9.694E+07  1.000E-30  7.287E-01
     614      1    100      1     89      1      53     2.7912E+02  1.541E+09  2.248E-04  6.225E+00
     617      1    100      1     92      1      53     1.4988E+02  1.185E+09  1.701E-03  4.094E+00
     619      1    100      1     94      1      53     1.2130E+02  1.496E+07  1.000E-30  4.072E-01
     621      1    100      1     98      1      53     5.7044E+01  4.260E+08  1.691E-02  2.747E+00
     623      1    101      1     76      1      53     1.1918E+03  3.144E+10  2.568E-05  8.570E+00
     624      1    101      1     78      1      53     8.7698E+02  7.884E+07  1.000E-30  2.088E+00
     625      1    101      1     81      1      53     7.1510E+02  1.477E+10  1.024E-04  4.674E+00
     627      1    101      1     85      1      53     4.2583E+02  8.592E+09  4.923E-04  2.679E+00
     628      1    101      1     86      1      53     4.1039E+02  4.400E+07  1.000E-30  8.983E-01
     631      1    101      1     91      1      53     2.3659E+02  7.935E+09  4.569E-03  1.562E+00
     634      1    101      1     95      1      53     1.2646E+02  5.219E+06  1.000E-30  3.418E-01
     635      1    101      1     96      1      53     1.0557E+02  3.191E+09  3.749E-02  9.043E-01
     638      1    101      1    100      1      53     1.0760E+01  1.145E+04  2.188E-04  4.980E-01
     639      1    102      1     77      1      53     1.1469E+03  6.699E+10  9.317E-05  4.037E+00
     641      1    102      1     82      1      53     6.7131E+02  4.563E+10  6.153E-04  2.077E+00
     644      1    102      1     87      1      53     4.2378E+02  4.522E+07  1.000E-30  4.804E-01
     645      1    102      1     88      1      53     3.8149E+02  5.023E+10  7.122E-03  1.087E+00
     647      1    102      1     94      1      53     1.9123E+02  1.310E+10  3.087E-02  5.371E-01
     650      1    102      1     97      1      53     1.4260E+02  2.770E+07  1.000E-30  1.699E-01
     652      1    102      1    101      1      53     5.9168E+01  1.760E+06  2.889E-04  2.475E-01
     653      1    103      1     76      1      53     1.2875E+03  2.383E+10  1.498E-05  8.835E+00
     654      1    103      1     78      1      53     9.7272E+02  6.048E+07  1.000E-30  2.295E+00
     655      1    103      1     81      1      53     8.1083E+02  1.142E+10  5.202E-05  4.881E+00
     656      1    103      1     85      1      53     5.2157E+02  6.517E+09  1.891E-04  2.880E+00
     657      1    103      1     86      1      53     5.0613E+02  4.159E+07  1.000E-30  1.099E+00
     659      1    103      1     91      1      53     3.3233E+02  4.705E+09  8.629E-04  1.763E+00
     662      1    103      1     95      1      53     2.2220E+02  1.134E+07  1.000E-30  5.073E-01
     663      1    103      1     96      1      53     2.0131E+02  5.939E+09  8.042E-03  1.086E+00
     665      1    103      1    100      1      53     1.0650E+02  4.892E+09  8.084E-02  6.622E-01
     667      1    103      1    102      1      53     3.6571E+01  1.639E+05  1.000E-30  2.114E-01
     668      1    104      1     78      1      53     9.7661E+02  2.619E+10  7.696E-05  2.408E+00
     670      1    104      1     86      1      53     5.1003E+02  1.744E+10  7.191E-04  1.205E+00
     674      1    104      1     95      1      53     2.2610E+02  8.804E+09  8.379E-03  6.064E-01
     677      1    104      1    102      1      53     4.0464E+01  3.249E+07  1.199E-02  2.733E-01
     679      1    105      1     77      1      53     1.2750E+03  4.415E+10  4.261E-05  4.233E+00
     680      1    105      1     82      1      53     7.9944E+02  2.886E+10  2.104E-04  2.274E+00
     682      1    105      1     87      1      53     5.5191E+02  3.178E+07  1.000E-30  6.707E-01
     683      1    105      1     88      1      53     5.0962E+02  2.360E+10  1.184E-03  1.278E+00
     685      1    105      1     94      1      53     3.1936E+02  3.325E+10  1.227E-02  7.177E-01
     688      1    105      1     97      1      53     2.7073E+02  3.402E+07  1.000E-30  2.705E-01
     690      1    105      1    101      1      53     1.8730E+02  1.929E+10  7.011E-02  3.897E-01
     692      1    105      1    103      1      53     9.1560E+01  2.836E+06  1.594E-04  1.966E-01
     693      1    105      1    104      1      53     8.7667E+01  1.055E+07  1.000E-30  1.252E-01
     694      1    106      1     78      1      53     1.1024E+03  1.616E+10  3.124E-05  2.545E+00
     695      1    106      1     86      1      53     6.3583E+02  1.160E+10  2.215E-04  1.342E+00
     698      1    106      1     95      1      53     3.5190E+02  6.514E+09  1.328E-03  7.429E-01
     701      1    106      1    102      1      53     1.6626E+02  3.580E+09  1.306E-02  4.002E-01
     704      1    106      1    105      1      53     3.8133E+01  4.542E+07  2.826E-02  1.991E-01
     705      1    107      1     77      1      53     1.3672E+03  3.086E+10  2.343E-05  4.365E+00
     706      1    107      1     82      1      53     8.9170E+02  1.981E+10  9.838E-05  2.405E+00
     707      1    107      1     87      1      53     6.4417E+02  2.246E+07  1.000E-30  8.006E-01
     708      1    107      1     88      1      53     6.0188E+02  1.476E+10  4.071E-04  1.409E+00
     710      1    107      1     94      1      53     4.1162E+02  1.458E+10  2.091E-03  8.489E-01
     712      1    107      1     97      1      53     3.6299E+02  2.777E+07  1.000E-30  3.908E-01
     714      1    107      1    101      1      53     2.7956E+02  2.563E+10  2.007E-02  5.093E-01
     716      1    107      1    103      1      53     1.8382E+02  2.579E+10  1.401E-01  2.983E-01
     717      1    107      1    104      1      53     1.7993E+02  1.855E+07  1.000E-30  1.692E-01
     719      1    107      1    106      1      53     5.4126E+01  3.298E+06  1.000E-30  1.012E-01
     720      1    108      1     78      1      53     1.1926E+03  1.077E+10  1.592E-05  2.629E+00
     721      1    108      1     86      1      53     7.2599E+02  8.088E+09  9.721E-05  1.432E+00
     723      1    108      1     95      1      53     4.4206E+02  4.780E+09  4.411E-04  8.266E-01
     725      1    108      1    102      1      53     2.5642E+02  2.740E+09  2.205E-03  4.864E-01
     728      1    108      1    105      1      53     1.2829E+02  1.714E+09  1.948E-02  2.815E-01
     730      1    108      1    107      1      53     3.6034E+01  5.766E+07  5.727E-02  1.539E-01
     731      1    110      1    109      1      53     1.0325E+02  4.818E+07  1.000E-30  3.596E+02
     732      1    111      1    109      1      53     6.2828E+02  1.221E+10  9.057E-07  4.026E+02
     733      1    114      1    113      1      54     7.1415E+00  1.470E+02  1.000E-30  5.713E-04
     735      1    115      1    114      1      54     4.2027E+02  1.203E+09  1.463E-02  3.352E-02
     736      1    117      1    116      1      54     8.2284E+01  8.752E+06  1.760E-01  6.564E-03
     737      1    118      1    117      1      54     6.5579E+01  3.449E+06  2.440E-06  9.900E+01
     739      1    120      1    119      1      54     2.7707E+01  2.756E+05  5.774E-01  2.280E-03
     740      1    121      1    120      1      54     3.4184E+01  1.087E+06  1.523E-05  3.527E+01
     743      1    122      1    121      1      54     1.1729E+01  9.500E+03  6.947E-06  1.004E+01
     745      1    124      1    119      1      54     9.4819E+02  7.246E+10  1.607E-04  3.134E+01
     746      1    124      1    121      1      54     8.8629E+02  2.309E+10  1.000E-30  1.768E+01
     747      1    123      1    120      1      54     9.0352E+02  8.427E+10  1.000E-30  5.148E+01
     749      1    124      1    123      1      54     1.6956E+01  1.496E+05  1.335E-01  1.162E-02
     750      1    125      1    120      1      54     9.3511E+02  1.530E+11  8.597E-05  4.300E+01
     753      1    125      1    122      1      54     8.8920E+02  5.626E+09  1.000E-30  3.414E+00
     754      1    125      1    124      1      54     1.4632E+01  9.989E+04  2.821E-05  2.233E+01
     757      1    126      1    121      1      54     9.0719E+02  2.584E+11  2.737E-04  1.499E+01
     759      1    126      1    125      1      54     6.2624E+00  2.750E+03  2.566E-05  5.173E+00
     761      1    127      1    122      1      54     9.0472E+02  4.303E+11  7.176E-04  6.860E+00
     763      1    127      1    126      1      54     9.2648E+00  3.295E+03  1.724E-05  2.036E+00
     765      1    129      1    121      1      54     1.3816E+03  1.790E+10  1.000E-30  9.966E+00
     767      1    129      1    123      1      54     5.1224E+02  1.262E+10  3.073E-04  1.810E+01
     768      1    129      1    125      1      54     4.8065E+02  6.203E+09  1.000E-30  1.081E+01
     770      1    128      1    120      1      54     1.4063E+03  7.062E+10  1.000E-30  5.136E+01
     772      1    128      1    124      1      54     4.8585E+02  1.811E+10  1.000E-30  3.177E+01
     775      1    129      1    128      1      54     9.4325E+00  2.865E+04  2.232E-01  8.270E-03
     777      1    130      1    120      1      54     1.4246E+03  9.039E+10  1.701E-04  3.631E+00
     779      1    130      1    122      1      54     1.3787E+03  3.745E+09  1.000E-30  4.668E+00
     780      1    130      1    124      1      54     5.0408E+02  2.400E+10  1.378E-04  2.686E+01
     783      1    130      1    126      1      54     4.8319E+02  2.311E+09  1.000E-30  2.056E+00
     785      1    130      1    129      1      54     8.7978E+00  2.863E+04  6.409E-05  1.296E+01
     788      1    131      1    121      1      54     1.3942E+03  1.977E+11  5.117E-05  1.690E+01
     790      1    131      1    125      1      54     4.9329E+02  3.904E+10  5.214E-04  7.398E+00
     791      1    131      1    127      1      54     4.7777E+02  6.213E+08  1.000E-30  8.061E-01
     793      1    131      1    130      1      54     3.8408E+00  9.428E+02  6.571E-05  3.002E+00
     795      1    132      1    122      1      54     1.3904E+03  2.103E+11  8.225E-05  8.052E+00
     797      1    132      1    126      1      54     4.9497E+02  6.193E+10  1.289E-03  3.359E+00
     799      1    132      1    131      1      54     7.9348E+00  3.832E+03  5.499E-05  1.182E+00
     800      1    133      1    127      1      54     4.8686E+02  8.720E+10  2.620E-03  1.905E+00
     801      1    133      1    132      1      54     1.1594E+00  3.407E+00  2.423E-05  5.945E-01
     802      1    134      1    124      1      54     7.8763E+02  1.728E+10  1.000E-30  3.169E+01
     804      1    134      1    129      1      54     2.9235E+02  5.084E+09  1.000E-30  1.834E+01
     808      1    135      1    123      1      54     8.1021E+02  1.346E+10  1.307E-04  1.148E+01
     809      1    135      1    125      1      54     7.7862E+02  5.539E+09  1.000E-30  1.002E+01
     811      1    135      1    128      1      54     3.0740E+02  2.988E+09  5.362E-04  1.137E+01
     812      1    135      1    130      1      54     2.8917E+02  1.946E+09  1.000E-30  5.778E+00
     814      1    135      1    134      1      54     5.6221E+00  8.792E+03  9.666E-04  3.036E+00
     815      1    136      1    124      1      54     7.9909E+02  2.506E+10  3.063E-05  3.168E+01
     818      1    136      1    126      1      54     7.7820E+02  1.830E+09  1.000E-30  4.980E+00
     819      1    136      1    129      1      54     3.0380E+02  5.425E+09  2.088E-04  1.831E+01
     822      1    136      1    131      1      54     2.9116E+02  8.862E+08  1.000E-30  2.875E+00
     825      1    136      1    135      1      54     5.8334E+00  1.050E+04  1.273E-04  8.208E+00
     827      1    137      1    125      1      54     7.8707E+02  3.753E+10  9.100E-05  1.002E+01
     828      1    137      1    127      1      54     7.7154E+02  4.190E+08  1.000E-30  3.010E+00
     830      1    137      1    130      1      54     2.9761E+02  8.408E+09  6.528E-04  5.795E+00
     831      1    137      1    132      1      54     2.8584E+02  3.496E+08  1.000E-30  1.733E+00
     833      1    137      1    136      1      54     2.6080E+00  3.913E+02  1.391E-04  1.879E+00
     835      1    138      1    126      1      54     7.8806E+02  4.842E+10  1.680E-04  4.984E+00
     837      1    138      1    131      1      54     3.0103E+02  1.316E+10  1.421E-03  2.878E+00
     838      1    138      1    133      1      54     2.9194E+02  1.131E+08  1.000E-30  1.162E+00
     840      1    138      1    137      1      54     7.2571E+00  4.136E+03  1.237E-04  7.412E-01
     841      1    139      1    127      1      54     7.7953E+02  4.307E+10  1.987E-04  3.014E+00
     842      1    139      1    132      1      54     2.9383E+02  1.704E+10  2.555E-03  1.736E+00
     843      1    139      1    138      1      54     7.3047E-01  1.593E+00  7.252E-05  3.714E-01
     844      1    140      1    133      1      54     2.9317E+02  2.354E+10  4.355E-03  1.161E+00
     845      1    140      1    139      1      54     5.0455E-01  1.994E-01  3.894E-05  2.149E-01
     846      1    141      1    124      1      54     9.8280E+02  1.376E+10  1.000E-30  3.167E+01
     847      1    141      1    129      1      54     4.8751E+02  5.299E+09  1.000E-30  1.829E+01
     851      1    141      1    135      1      54     1.8954E+02  1.699E+09  1.000E-30  1.149E+01
     853      1    142      1    123      1      54     1.0032E+03  1.129E+10  8.590E-05  7.712E+00
     854      1    142      1    125      1      54     9.7165E+02  4.207E+09  1.000E-30  1.003E+01
     856      1    142      1    128      1      54     5.0043E+02  3.474E+09  2.141E-04  7.672E+00
     857      1    142      1    130      1      54     4.8220E+02  1.916E+09  1.000E-30  5.800E+00
     859      1    142      1    134      1      54     1.9865E+02  8.800E+08  8.781E-04  7.582E+00
     861      1    142      1    136      1      54     1.8719E+02  6.970E+08  1.000E-30  4.858E+00
     863      1    142      1    141      1      54     3.4847E+00  2.303E+03  1.704E-03  1.895E+00
     864      1    143      1    124      1      54     9.9046E+02  2.085E+10  1.338E-05  3.166E+01
     865      1    143      1    126      1      54     9.6956E+02  1.302E+09  1.000E-30  4.994E+00
     866      1    143      1    129      1      54     4.9517E+02  6.246E+09  5.557E-05  1.829E+01
     869      1    143      1    131      1      54     4.8253E+02  7.944E+08  1.000E-30  2.890E+00
     872      1    143      1    135      1      54     1.9720E+02  1.548E+09  4.224E-04  9.441E+00
     874      1    143      1    137      1      54     1.8876E+02  3.586E+08  1.000E-30  9.771E-01
     877      1    143      1    142      1      54     4.1712E+00  4.562E+03  2.277E-04  5.452E+00
     878      1    144      1    125      1      54     9.7774E+02  2.962E+10  3.741E-05  1.004E+01
     879      1    144      1    127      1      54     9.6221E+02  2.714E+08  1.000E-30  3.025E+00
     881      1    144      1    130      1      54     4.8829E+02  9.238E+09  1.620E-04  5.805E+00
     882      1    144      1    132      1      54     4.7651E+02  2.830E+08  1.000E-30  1.748E+00
     884      1    144      1    136      1      54     1.9328E+02  2.310E+09  1.491E-03  2.547E+00
     885      1    144      1    138      1      54     1.8342E+02  1.636E+08  1.000E-30  3.381E-01
     887      1    144      1    143      1      54     1.9160E+00  1.941E+02  2.604E-04  1.257E+00
     888      1    145      1    126      1      54     9.7835E+02  3.409E+10  6.167E-05  4.998E+00
     890      1    145      1    131      1      54     4.9132E+02  1.263E+10  3.118E-04  2.892E+00
     891      1    145      1    133      1      54     4.8223E+02  7.321E+07  1.000E-30  1.176E+00
     893      1    145      1    137      1      54     1.9755E+02  3.611E+09  3.512E-03  1.133E+00
     894      1    145      1    139      1      54     1.8956E+02  8.354E+07  1.000E-30  1.693E-01
     896      1    145      1    144      1      54     6.8766E+00  4.487E+03  2.356E-04  4.960E-01
     897      1    146      1    127      1      54     9.6958E+02  2.449E+10  5.848E-05  3.026E+00
     898      1    146      1    132      1      54     4.8388E+02  1.362E+10  4.527E-04  1.749E+00
     899      1    146      1    138      1      54     1.9078E+02  4.306E+09  6.511E-03  6.334E-01
     900      1    146      1    140      1      54     1.8955E+02  2.561E+07  1.000E-30  1.110E-01
     901      1    146      1    145      1      54     4.8959E-01  6.814E-01  1.530E-04  2.500E-01
     902      1    147      1    133      1      54     4.8306E+02  1.142E+10  4.648E-04  1.175E+00
     903      1    147      1    139      1      54     1.9039E+02  5.733E+09  1.129E-02  4.031E-01
     904      1    147      1    146      1      54     3.3818E-01  1.134E-01  1.091E-04  1.448E-01
     905      1    148      1    140      1      54     1.9013E+02  7.525E+09  1.844E-02  2.782E-01
     906      1    148      1    147      1      54     2.4746E-01  1.762E-02  5.828E-05  9.091E-02
     907      1    149      1    124      1      54     1.1162E+03  1.062E+10  1.000E-30  3.166E+01
     908      1    149      1    129      1      54     6.2092E+02  4.499E+09  1.000E-30  1.828E+01
     910      1    149      1    135      1      54     3.2295E+02  1.893E+09  1.000E-30  1.150E+01
     913      1    149      1    142      1      54     1.2992E+02  6.492E+08  1.000E-30  7.705E+00
     915      1    150      1    123      1      54     1.1354E+03  9.006E+09  6.701E-05  5.442E+00
     916      1    150      1    125      1      54     1.1038E+03  3.161E+09  1.000E-30  1.005E+01
     917      1    150      1    128      1      54     6.3256E+02  3.120E+09  1.352E-04  5.402E+00
     918      1    150      1    130      1      54     6.1433E+02  1.571E+09  1.000E-30  5.812E+00
     919      1    150      1    134      1      54     3.3078E+02  1.090E+09  3.324E-04  5.369E+00
     921      1    150      1    136      1      54     3.1933E+02  7.461E+08  1.000E-30  2.895E+00
     923      1    150      1    141      1      54     1.3562E+02  3.033E+08  1.353E-03  5.334E+00
     925      1    150      1    143      1      54     1.2796E+02  2.788E+08  1.000E-30  3.482E+00
     927      1    150      1    149      1      54     2.2069E+00  6.219E+02  2.952E-03  1.165E+00
     928      1    151      1    124      1      54     1.1216E+03  1.650E+10  7.301E-06  3.164E+01
     929      1    151      1    126      1      54     1.1007E+03  9.355E+08  1.000E-30  5.005E+00
     930      1    151      1    129      1      54     6.2630E+02  5.584E+09  2.457E-05  1.827E+01
     931      1    151      1    131      1      54     6.1366E+02  6.134E+08  1.000E-30  2.900E+00
     933      1    151      1    135      1      54     3.2833E+02  1.907E+09  1.061E-04  1.003E+01
     935      1    151      1    137      1      54     3.1989E+02  3.531E+08  1.000E-30  6.299E-01
     937      1    151      1    142      1      54     1.3530E+02  5.236E+08  6.671E-04  6.264E+00
     939      1    151      1    144      1      54     1.2921E+02  1.555E+08  1.000E-30  7.155E-01
     941      1    151      1    150      1      54     3.1681E+00  2.348E+03  3.839E-04  3.799E+00
     942      1    152      1    125      1      54     1.1084E+03  2.266E+10  1.962E-05  1.005E+01
     943      1    152      1    127      1      54     1.0929E+03  1.833E+08  1.000E-30  3.035E+00
     944      1    152      1    130      1      54     6.1900E+02  8.005E+09  6.878E-05  5.816E+00
     945      1    152      1    132      1      54     6.0722E+02  2.043E+08  1.000E-30  1.758E+00
     947      1    152      1    136      1      54     3.2399E+02  2.774E+09  3.360E-04  2.878E+00
     948      1    152      1    138      1      54     3.1413E+02  1.524E+08  1.000E-30  3.629E-01
     950      1    152      1    143      1      54     1.3263E+02  7.576E+08  2.301E-03  1.677E+00
     951      1    152      1    145      1      54     1.2383E+02  7.512E+07  1.000E-30  2.513E-01
     953      1    152      1    151      1      54     1.4980E+00  1.081E+02  4.309E-04  8.845E-01
     954      1    153      1    126      1      54     1.1088E+03  2.430E+10  3.014E-05  5.007E+00
     955      1    153      1    131      1      54     6.2180E+02  1.014E+10  1.230E-04  2.903E+00
     956      1    153      1    133      1      54     6.1271E+02  4.651E+07  1.000E-30  1.186E+00
     958      1    153      1    137      1      54     3.2803E+02  3.909E+09  6.994E-04  1.342E+00
     959      1    153      1    139      1      54     3.2004E+02  6.419E+07  1.000E-30  2.745E-01
     961      1    153      1    144      1      54     1.3736E+02  1.208E+09  5.358E-03  7.429E-01
     962      1    153      1    146      1      54     1.2999E+02  4.926E+07  1.000E-30  1.206E-01
     963      1    153      1    152      1      54     6.6466E+00  4.874E+03  4.015E-04  3.503E-01
     964      1    154      1    127      1      54     1.0999E+03  1.542E+10  2.513E-05  3.036E+00
     965      1    154      1    132      1      54     6.1421E+02  9.721E+09  1.571E-04  1.759E+00
     966      1    154      1    138      1      54     3.2112E+02  4.351E+09  1.113E-03  7.782E-01
     967      1    154      1    140      1      54     3.1988E+02  1.604E+07  1.000E-30  2.179E-01
     968      1    154      1    145      1      54     1.3082E+02  1.332E+09  9.645E-03  4.121E-01
     969      1    154      1    147      1      54     1.3000E+02  2.274E+07  1.000E-30  7.363E-02
     970      1    154      1    153      1      54     3.4390E-01  3.025E-01  2.771E-04  1.768E-01
     971      1    155      1    133      1      54     6.1329E+02  6.411E+09  1.264E-04  1.185E+00
     972      1    155      1    139      1      54     3.2062E+02  4.585E+09  1.473E-03  5.097E-01
     973      1    155      1    146      1      54     1.3057E+02  1.714E+09  1.628E-02  2.610E-01
     974      1    155      1    148      1      54     1.2999E+02  7.052E+06  1.000E-30  5.401E-02
     975      1    155      1    154      1      54     2.3759E-01  5.612E-02  2.198E-04  1.025E-01
     976      1    156      1    124      1      54     1.2114E+03  8.190E+09  1.000E-30  3.165E+01
     977      1    156      1    129      1      54     7.1613E+02  3.642E+09  1.000E-30  1.827E+01
     978      1    156      1    135      1      54     4.1816E+02  1.690E+09  1.000E-30  1.151E+01
     980      1    156      1    142      1      54     2.2513E+02  7.629E+08  1.000E-30  7.713E+00
     983      1    156      1    150      1      54     9.3002E+01  2.769E+08  1.000E-30  5.408E+00
     985      1    157      1    123      1      54     1.2298E+03  7.114E+09  5.674E-05  3.995E+00
     986      1    157      1    125      1      54     1.1982E+03  2.390E+09  1.000E-30  1.006E+01
     987      1    157      1    128      1      54     7.2695E+02  2.620E+09  1.022E-04  3.955E+00
     988      1    157      1    130      1      54     7.0872E+02  1.243E+09  1.000E-30  5.819E+00
     989      1    157      1    134      1      54     4.2517E+02  1.034E+09  2.029E-04  3.929E+00
     990      1    157      1    136      1      54     4.1371E+02  6.457E+08  1.000E-30  2.006E+00
     991      1    157      1    141      1      54     2.3000E+02  3.980E+08  4.961E-04  3.907E+00
     993      1    157      1    143      1      54     2.2235E+02  3.169E+08  1.000E-30  2.189E+00
     995      1    157      1    149      1      54     9.6594E+01  1.182E+08  2.005E-03  3.883E+00
     997      1    157      1    151      1      54     9.1219E+01  1.213E+08  1.000E-30  2.576E+00
     999      1    157      1    156      1      54     1.3856E+00  1.576E+02  5.117E-03  6.914E-01
    1000      1    158      1    124      1      54     1.2153E+03  1.294E+10  4.497E-06  3.165E+01
    1001      1    158      1    126      1      54     1.1944E+03  6.870E+08  1.000E-30  5.013E+00
    1002      1    158      1    129      1      54     7.2004E+02  4.665E+09  1.351E-05  1.827E+01
    1003      1    158      1    131      1      54     7.0740E+02  4.671E+08  1.000E-30  2.908E+00
    1004      1    158      1    135      1      54     4.2207E+02  1.801E+09  4.540E-05  1.042E+01
    1005      1    158      1    137      1      54     4.1363E+02  2.911E+08  1.000E-30  7.837E-01
    1007      1    158      1    142      1      54     2.2904E+02  6.795E+08  1.686E-04  6.624E+00
    1009      1    158      1    144      1      54     2.2296E+02  1.652E+08  1.000E-30  4.399E-01
    1011      1    158      1    150      1      54     9.6914E+01  2.024E+08  1.009E-03  4.358E+00
    1012      1    158      1    152      1      54     9.2248E+01  7.189E+07  1.000E-30  5.427E-01
    1014      1    158      1    157      1      54     2.5273E+00  1.384E+03  6.167E-04  2.749E+00
    1015      1    159      1    125      1      54     1.2019E+03  1.738E+10  1.179E-05  1.006E+01
    1016      1    159      1    127      1      54     1.1864E+03  1.291E+08  1.000E-30  3.044E+00
    1017      1    159      1    130      1      54     7.1248E+02  6.548E+09  3.685E-05  5.823E+00
    1018      1    159      1    132      1      54     7.0070E+02  1.477E+08  1.000E-30  1.766E+00
    1019      1    159      1    136      1      54     4.1747E+02  2.570E+09  1.355E-04  3.090E+00
    1020      1    159      1    138      1      54     4.0761E+02  1.197E+08  1.000E-30  5.389E-01
    1022      1    159      1    143      1      54     2.2610E+02  9.699E+08  5.285E-04  1.883E+00
    1023      1    159      1    145      1      54     2.1731E+02  7.900E+07  1.000E-30  2.209E-01
    1025      1    159      1    151      1      54     9.4977E+01  2.850E+08  3.408E-03  1.161E+00
    1026      1    159      1    153      1      54     8.6832E+01  3.491E+07  1.000E-30  1.932E-01
    1028      1    159      1    158      1      54     1.2307E+00  6.816E+01  6.739E-04  6.437E-01
    1029      1    160      1    126      1      54     1.2022E+03  1.779E+10  1.728E-05  5.015E+00
    1030      1    160      1    131      1      54     7.1513E+02  7.892E+09  6.279E-05  2.910E+00
    1031      1    160      1    133      1      54     7.0604E+02  3.124E+07  1.000E-30  1.193E+00
    1032      1    160      1    137      1      54     4.2136E+02  3.419E+09  2.620E-04  1.477E+00
    1033      1    160      1    139      1      54     4.1337E+02  4.509E+07  1.000E-30  4.003E-01
    1035      1    160      1    144      1      54     2.3069E+02  1.401E+09  1.110E-03  8.718E-01
    1036      1    160      1    146      1      54     2.2332E+02  4.249E+07  1.000E-30  1.637E-01
    1037      1    160      1    152      1      54     9.9979E+01  4.728E+08  7.939E-03  5.106E-01
    1038      1    160      1    154      1      54     9.2988E+01  2.768E+07  1.000E-30  9.238E-02
    1039      1    160      1    159      1      54     6.4994E+00  5.300E+03  6.364E-04  2.571E-01
    1040      1    161      1    127      1      54     1.1932E+03  1.040E+10  1.325E-05  3.043E+00
    1041      1    161      1    132      1      54     7.0745E+02  7.009E+09  7.384E-05  1.766E+00
    1042      1    161      1    138      1      54     4.1436E+02  3.582E+09  3.818E-04  8.687E-01
    1043      1    161      1    140      1      54     4.1312E+02  9.978E+06  1.000E-30  3.091E-01
    1044      1    161      1    145      1      54     2.2406E+02  1.538E+09  1.789E-03  5.045E-01
    1045      1    161      1    147      1      54     2.2323E+02  1.684E+07  1.000E-30  1.314E-01
    1046      1    161      1    153      1      54     9.3583E+01  4.702E+08  1.364E-02  2.827E-01
    1047      1    161      1    155      1      54     9.3001E+01  1.534E+07  1.000E-30  5.409E-02
    1048      1    161      1    160      1      54     2.5061E-01  1.406E-01  4.515E-04  1.303E-01
    1049      1    162      1    133      1      54     7.0646E+02  4.019E+09  5.153E-05  1.192E+00
    1050      1    162      1    139      1      54     4.1380E+02  3.264E+09  4.282E-04  5.799E-01
    1051      1    162      1    146      1      54     2.2375E+02  1.740E+09  2.545E-03  3.299E-01
    1052      1    162      1    148      1      54     2.2316E+02  4.258E+06  1.000E-30  1.087E-01
    1053      1    162      1    154      1      54     9.3412E+01  5.923E+08  2.259E-02  1.791E-01
    1054      1    162      1    161      1      54     1.7317E-01  2.777E-02  3.782E-04  7.597E-02
    1381      1    165      1    164      1       1     1.0199E+01  1.713E+03  2.263E-04  2.133E-02
    1384      1    167      1    164      1       1     1.0199E+01  3.426E+03  4.526E-04  2.133E-02
    1387      1    169      1    164      1       1     1.2088E+01  1.431E+03  7.617E-05  3.799E-02
    1389      1    169      1    166      1       1     1.8887E+00  3.002E+01  2.773E-05  5.163E-02
    1392      1    168      1    165      1       1     1.8887E+00  9.385E-01  9.367E-07  4.764E-02
    1394      1    168      1    167      1       1     1.8886E+00  1.877E+00  1.873E-06  4.764E-02
    1396      1    170      1    165      1       1     1.8887E+00  4.803E+01  7.342E-05  3.169E-02
    1398      1    170      1    167      1       1     1.8887E+00  9.601E+01  1.468E-04  3.169E-02
    1399      1    172      1    164      1       1     1.2749E+01  1.528E+02  1.800E-05  5.780E-02
    1401      1    172      1    166      1       1     2.5497E+00  4.338E+00  1.058E-06  4.175E-01
    1404      1    172      1    168      1       1     6.6104E-01  3.567E-01  2.986E-06  1.582E-01
    1405      1    172      1    170      1       1     6.6103E-01  4.043E-02  3.772E-07  1.423E-01
    1407      1    171      1    165      1       1     2.5497E+00  1.287E-01  9.735E-08  1.355E-01
    1409      1    171      1    167      1       1     2.5497E+00  2.574E-01  1.947E-07  1.355E-01
    1410      1    171      1    169      1       1     6.6103E-01  7.126E-02  5.800E-07  1.629E-01
    1414      1    173      1    165      1       1     2.5497E+00  5.149E+00  5.015E-06  1.056E-01
    1416      1    173      1    167      1       1     2.5497E+00  1.031E+01  1.005E-05  1.056E-01
    1417      1    173      1    169      1       1     6.6104E-01  1.366E+00  1.355E-05  1.330E-01
    1425      1    174      1    170      1       1     6.6103E-01  3.747E+00  5.108E-05  9.684E-02
    1426      1    176      1    164      1       1     1.3054E+01  5.343E+00  5.446E-06  8.860E-02
    1428      1    176      1    166      1       1     2.8557E+00  1.685E-01  6.576E-07  3.058E-01
    1430      1    176      1    168      1       1     9.6701E-01  1.888E-02  5.115E-07  3.365E-01
    1431      1    176      1    170      1       1     9.6699E-01  1.721E-03  4.901E-08  3.206E-01
    1433      1    176      1    171      1       1     3.0597E-01  2.684E-03  1.427E-07  4.232E-01
    1434      1    176      1    173      1       1     3.0596E-01  6.862E-04  3.972E-08  3.933E-01
    1437      1    175      1    165      1       1     2.8557E+00  4.854E-03  1.811E-08  3.198E-01
    1439      1    175      1    167      1       1     2.8556E+00  9.708E-03  3.623E-08  3.198E-01
    1440      1    175      1    169      1       1     9.6700E-01  3.472E-03  9.115E-08  3.472E-01
    1443      1    175      1    172      1       1     3.0596E-01  7.831E-04  4.128E-08  4.292E-01
    1447      1    177      1    165      1       1     2.8557E+00  1.781E-01  7.824E-07  2.719E-01
    1449      1    177      1    167      1       1     2.8557E+00  3.558E-01  1.563E-06  2.719E-01
    1450      1    177      1    169      1       1     9.6700E-01  6.493E-02  1.974E-06  2.993E-01
    1453      1    177      1    172      1       1     3.0597E-01  9.030E-03  5.331E-07  3.813E-01
    1456      1    177      1    174      1       1     3.0596E-01  3.066E-04  2.089E-08  3.359E-01
    1461      1    178      1    170      1       1     9.6699E-01  1.220E-01  4.536E-06  2.452E-01
    1463      1    178      1    173      1       1     3.0596E-01  2.197E-02  1.562E-06  3.179E-01
    1469      1    179      1    174      1       1     3.0596E-01  4.663E-02  4.395E-06  2.397E-01
    1470      1    181      1    164      1       1     1.3221E+01  2.533E-01  2.145E-06  1.197E-01
    1472      1    181      1    166      1       1     3.0219E+00  8.373E-03  1.409E-07  6.332E-01
    1473      1    181      1    168      1       1     1.1332E+00  1.050E-03  6.563E-08  6.639E-01
    1474      1    181      1    170      1       1     1.1332E+00  8.604E-05  5.522E-09  6.480E-01
    1476      1    181      1    171      1       1     4.7217E-01  2.042E-04  1.000E-30  7.506E-01
    1477      1    181      1    173      1       1     4.7216E-01  4.315E-05  1.000E-30  7.207E-01
    1480      1    181      1    175      1       1     1.6620E-01  3.924E-05  1.000E-30  9.343E-01
    1481      1    181      1    177      1       1     1.6620E-01  1.546E-05  1.000E-30  8.865E-01
    1484      1    180      1    165      1       1     3.0219E+00  2.397E-04  3.903E-09  6.545E-01
    1486      1    180      1    167      1       1     3.0218E+00  4.787E-04  7.794E-09  6.545E-01
    1487      1    180      1    169      1       1     1.1332E+00  1.856E-04  1.128E-08  6.819E-01
    1488      1    180      1    172      1       1     4.7217E-01  5.451E-05  1.000E-30  7.639E-01
    1491      1    180      1    176      1       1     1.6620E-01  1.442E-05  1.000E-30  9.416E-01
    1495      1    182      1    165      1       1     3.0219E+00  8.366E-03  1.526E-07  5.847E-01
    1497      1    182      1    167      1       1     3.0219E+00  1.678E-02  3.059E-07  5.847E-01
    1498      1    182      1    169      1       1     1.1332E+00  3.438E-03  2.328E-07  6.121E-01
    1499      1    182      1    172      1       1     4.7217E-01  6.586E-04  1.000E-30  6.941E-01
    1502      1    182      1    174      1       1     4.7216E-01  1.637E-05  1.000E-30  6.487E-01
    1503      1    182      1    176      1       1     1.6620E-01  1.208E-04  1.000E-30  8.718E-01
    1506      1    182      1    178      1       1     1.6620E-01  1.050E-05  1.000E-30  7.965E-01
    1509      1    183      1    170      1       1     1.1332E+00  5.502E-03  4.270E-07  5.361E-01
    1511      1    183      1    173      1       1     4.7216E-01  1.373E-03  1.000E-30  6.088E-01
    1513      1    183      1    177      1       1     1.6620E-01  2.721E-04  1.000E-30  7.745E-01
    1514      1    183      1    179      1       1     1.6620E-01  4.279E-06  1.000E-30  6.784E-01
    1517      1    184      1    174      1       1     4.7216E-01  1.883E-03  1.000E-30  5.013E-01
    1519      1    184      1    178      1       1     1.6620E-01  5.366E-04  1.000E-30  6.491E-01
    1521      1    185      1    179      1       1     1.6620E-01  9.745E-04  1.000E-30  5.048E-01
    1523      1    186      1    165      1       1     3.1221E+00  1.736E-05  1.282E-09  1.206E+00
    1524      1    186      1    167      1       1     3.1221E+00  3.472E-05  2.564E-09  1.206E+00
    1525      1    186      1    169      1       1     1.2334E+00  1.405E-05  3.807E-09  1.233E+00
    1526      1    186      1    172      1       1     5.7238E-01  4.525E-06  5.862E-11  1.315E+00
    1527      1    186      1    176      1       1     2.6642E-01  1.569E-06  1.000E-30  1.493E+00
    1530      1    186      1    181      1       1     1.0021E-01  4.609E-07  3.161E-11  1.820E+00
    1533      1    187      1    164      1       1     1.3321E+01  1.797E-02  9.585E-07  1.593E-01
    1534      1    187      1    166      1       1     3.1221E+00  6.108E-04  4.625E-08  1.176E+00
    1535      1    187      1    168      1       1     1.2334E+00  8.125E-05  2.252E-08  1.206E+00
    1536      1    187      1    170      1       1     1.2334E+00  6.242E-06  1.756E-09  1.190E+00
    1537      1    187      1    171      1       1     5.7238E-01  1.766E-05  2.090E-10  1.293E+00
    1538      1    187      1    173      1       1     5.7238E-01  3.363E-06  5.274E-11  1.263E+00
    1540      1    187      1    175      1       1     2.6642E-01  4.632E-06  1.000E-30  1.477E+00
    1541      1    187      1    177      1       1     2.6642E-01  1.539E-06  1.000E-30  1.429E+00
    1544      1    187      1    180      1       1     1.0022E-01  1.070E-06  7.376E-11  1.811E+00
    1545      1    187      1    182      1       1     1.0021E-01  5.582E-07  4.001E-11  1.741E+00
    1548      1    188      1    165      1       1     3.1221E+00  5.916E-04  4.746E-08  1.110E+00
    1549      1    188      1    167      1       1     3.1221E+00  1.183E-03  9.492E-08  1.110E+00
    1550      1    188      1    169      1       1     1.2334E+00  2.580E-04  7.577E-08  1.137E+00
    1551      1    188      1    172      1       1     5.7238E-01  5.557E-05  7.764E-10  1.219E+00
    1552      1    188      1    174      1       1     5.7238E-01  1.170E-06  2.315E-11  1.174E+00
    1553      1    188      1    176      1       1     2.6642E-01  1.408E-05  1.000E-30  1.397E+00
    1556      1    188      1    178      1       1     2.6642E-01  9.267E-07  1.000E-30  1.322E+00
    1558      1    188      1    181      1       1     1.0022E-01  3.106E-06  2.249E-10  1.724E+00
    1561      1    188      1    183      1       1     1.0021E-01  4.598E-07  3.560E-11  1.612E+00
    1564      1    189      1    170      1       1     1.2334E+00  3.790E-04  1.226E-07  1.035E+00
    1565      1    189      1    173      1       1     5.7238E-01  1.070E-04  1.912E-09  1.108E+00
    1567      1    189      1    177      1       1     2.6642E-01  2.944E-05  1.000E-30  1.274E+00
    1568      1    189      1    179      1       1     2.6642E-01  3.147E-07  1.000E-30  1.178E+00
    1570      1    189      1    182      1       1     1.0021E-01  6.620E-06  5.209E-10  1.586E+00
    1571      1    189      1    184      1       1     1.0021E-01  2.834E-07  2.459E-11  1.439E+00
    1573      1    190      1    174      1       1     5.7238E-01  1.210E-04  2.909E-09  9.659E-01
    1575      1    190      1    178      1       1     2.6642E-01  4.791E-05  1.000E-30  1.114E+00
    1577      1    190      1    183      1       1     1.0021E-01  1.236E-05  1.098E-09  1.404E+00
    1578      1    190      1    185      1       1     1.0021E-01  1.101E-07  1.116E-11  1.231E+00
    1580      1    191      1    179      1       1     2.6642E-01  5.434E-05  1.000E-30  9.263E-01
    1581      1    191      1    184      1       1     1.0021E-01  2.133E-05  2.242E-09  1.188E+00
    1583      1    192      1    185      1       1     1.0021E-01  3.518E-05  4.631E-09  9.480E-01
    1585      1    193      1    165      1       1     3.1872E+00  1.757E-06  4.936E-10  2.051E+00
    1586      1    193      1    167      1       1     3.1871E+00  3.513E-06  9.872E-10  2.051E+00
    1587      1    193      1    169      1       1     1.2985E+00  1.452E-06  1.472E-09  2.078E+00
    1588      1    193      1    172      1       1     6.3742E-01  4.891E-07  1.058E-10  2.160E+00
    1589      1    193      1    176      1       1     3.3146E-01  1.863E-07  1.000E-30  2.338E+00
    1590      1    193      1    181      1       1     1.6526E-01  7.251E-08  8.400E-12  2.665E+00
    1594      1    193      1    187      1       1     6.5043E-02  2.307E-08  1.615E-12  3.207E+00
    1596      1    194      1    164      1       1     1.3386E+01  1.792E-03  4.663E-08  2.013E+00
    1597      1    194      1    166      1       1     3.1871E+00  6.213E-05  1.781E-08  2.011E+00
    1598      1    194      1    168      1       1     1.2985E+00  8.485E-06  8.768E-09  2.042E+00
    1599      1    194      1    170      1       1     1.2985E+00  6.299E-07  6.570E-10  2.026E+00
    1600      1    194      1    171      1       1     6.3743E-01  1.965E-06  4.236E-10  2.128E+00
    1601      1    194      1    173      1       1     6.3742E-01  3.498E-07  8.015E-11  2.098E+00
    1602      1    194      1    175      1       1     3.3146E-01  5.757E-07  1.000E-30  2.312E+00
    1603      1    194      1    177      1       1     3.3146E-01  1.745E-07  1.000E-30  2.264E+00
    1605      1    194      1    180      1       1     1.6526E-01  1.813E-07  2.115E-11  2.646E+00
    1606      1    194      1    182      1       1     1.6526E-01  8.163E-08  9.781E-12  2.577E+00
    1608      1    194      1    186      1       1     6.5044E-02  4.783E-08  3.358E-12  3.197E+00
    1610      1    194      1    188      1       1     6.5043E-02  3.031E-08  2.194E-12  3.102E+00
    1613      1    195      1    165      1       1     3.1872E+00  5.894E-05  1.764E-08  1.925E+00
    1614      1    195      1    167      1       1     3.1871E+00  1.179E-04  3.529E-08  1.925E+00
    1615      1    195      1    169      1       1     1.2985E+00  2.654E-05  2.864E-08  1.953E+00
    1616      1    195      1    172      1       1     6.3742E-01  6.078E-06  1.396E-09  2.035E+00
    1617      1    195      1    174      1       1     6.3742E-01  1.154E-07  2.886E-11  1.989E+00
    1618      1    195      1    176      1       1     3.3146E-01  1.732E-06  1.000E-30  2.212E+00
    1619      1    195      1    178      1       1     3.3146E-01  9.760E-08  1.000E-30  2.137E+00
    1620      1    195      1    181      1       1     1.6526E-01  5.280E-07  6.418E-11  2.539E+00
    1623      1    195      1    183      1       1     1.6526E-01  6.085E-08  7.739E-12  2.428E+00
    1626      1    195      1    187      1       1     6.5044E-02  1.326E-07  9.661E-12  3.082E+00
    1628      1    195      1    189      1       1     6.5043E-02  2.801E-08  2.148E-12  2.927E+00
    1631      1    196      1    170      1       1     1.2985E+00  3.703E-05  4.297E-08  1.821E+00
    1632      1    196      1    173      1       1     6.3742E-01  1.113E-05  2.827E-09  1.893E+00
    1633      1    196      1    177      1       1     3.3146E-01  3.456E-06  1.000E-30  2.059E+00
    1634      1    196      1    179      1       1     3.3146E-01  2.995E-08  1.000E-30  1.963E+00
    1636      1    196      1    182      1       1     1.6526E-01  1.078E-06  1.404E-10  2.372E+00
    1637      1    196      1    184      1       1     1.6526E-01  3.273E-08  4.543E-12  2.224E+00
    1639      1    196      1    188      1       1     6.5043E-02  2.712E-07  2.101E-11  2.897E+00
    1640      1    196      1    190      1       1     6.5043E-02  2.083E-08  1.739E-12  2.689E+00
    1642      1    197      1    174      1       1     6.3742E-01  1.129E-05  3.280E-09  1.711E+00
    1643      1    197      1    178      1       1     3.3146E-01  5.055E-06  1.000E-30  1.859E+00
    1645      1    197      1    183      1       1     1.6526E-01  1.819E-06  2.611E-10  2.150E+00
    1646      1    197      1    185      1       1     1.6526E-01  1.050E-08  1.640E-12  1.976E+00
    1648      1    197      1    189      1       1     6.5043E-02  4.843E-07  4.103E-11  2.649E+00
    1649      1    197      1    191      1       1     6.5043E-02  1.223E-08  1.145E-12  2.398E+00
    1651      1    198      1    179      1       1     3.3146E-01  4.614E-06  1.000E-30  1.622E+00
    1652      1    198      1    184      1       1     1.6526E-01  2.539E-06  4.161E-10  1.883E+00
    1653      1    198      1    190      1       1     6.5043E-02  8.090E-07  7.733E-11  2.348E+00
    1656      1    199      1    185      1       1     1.6526E-01  2.532E-06  4.934E-10  1.584E+00
    1657      1    199      1    191      1       1     6.5043E-02  1.281E-06  1.433E-10  2.005E+00
    1659      1    200      1    192      1       1     6.5043E-02  1.968E-06  2.700E-10  1.636E+00
    1661      1    201      1    165      1       1     3.2317E+00  2.287E-07  2.131E-10  3.280E+00
    1662      1    201      1    167      1       1     3.2317E+00  4.574E-07  4.262E-10  3.280E+00
    1663      1    201      1    169      1       1     1.3431E+00  1.917E-07  6.360E-10  3.307E+00
    1664      1    201      1    172      1       1     6.8202E-01  6.655E-08  6.373E-11  3.389E+00
    1665      1    201      1    176      1       1     3.7605E-01  2.651E-08  1.000E-30  3.567E+00
    1666      1    201      1    181      1       1     2.0985E-01  1.136E-08  3.038E-12  3.894E+00
    1673      1    202      1    164      1       1     1.3431E+01  2.311E-04  2.019E-08  3.231E+00
    1674      1    202      1    166      1       1     3.2317E+00  8.130E-06  7.694E-09  3.229E+00
    1675      1    202      1    168      1       1     1.3431E+00  1.140E-06  3.842E-09  3.260E+00
    1676      1    202      1    170      1       1     1.3430E+00  8.156E-08  2.766E-10  3.244E+00
    1677      1    202      1    171      1       1     6.8202E-01  2.711E-07  2.600E-10  3.346E+00
    1678      1    202      1    173      1       1     6.8201E-01  4.649E-08  4.634E-11  3.316E+00
    1679      1    202      1    175      1       1     3.7606E-01  8.425E-08  1.000E-30  3.530E+00
    1680      1    202      1    177      1       1     3.7605E-01  2.399E-08  1.000E-30  3.482E+00
    1681      1    202      1    180      1       1     2.0985E-01  2.984E-08  8.043E-12  3.864E+00
    1682      1    202      1    182      1       1     2.0985E-01  1.223E-08  3.357E-12  3.795E+00
    1683      1    202      1    186      1       1     1.0964E-01  1.069E-08  1.041E-12  4.415E+00
    1692      1    203      1    165      1       1     3.2317E+00  7.606E-06  7.448E-09  3.120E+00
    1693      1    203      1    167      1       1     3.2317E+00  1.521E-05  1.490E-08  3.120E+00
    1694      1    203      1    169      1       1     1.3431E+00  3.493E-06  1.218E-08  3.148E+00
    1695      1    203      1    172      1       1     6.8202E-01  8.299E-07  8.339E-10  3.230E+00
    1696      1    203      1    174      1       1     6.8201E-01  1.476E-08  1.567E-11  3.184E+00
    1697      1    203      1    176      1       1     3.7605E-01  2.514E-07  1.000E-30  3.408E+00
    1698      1    203      1    178      1       1     3.7605E-01  1.282E-08  1.000E-30  3.332E+00
    1699      1    203      1    181      1       1     2.0985E-01  8.629E-08  2.407E-11  3.735E+00
    1702      1    203      1    187      1       1     1.0964E-01  2.987E-08  3.002E-12  4.277E+00
    1710      1    204      1    170      1       1     1.3430E+00  4.723E-06  1.742E-08  2.982E+00
    1711      1    204      1    173      1       1     6.8202E-01  1.473E-06  1.593E-09  3.055E+00
    1712      1    204      1    177      1       1     3.7605E-01  4.868E-07  1.000E-30  3.221E+00
    1714      1    204      1    182      1       1     2.0985E-01  1.720E-07  5.069E-11  3.533E+00
    1717      1    204      1    188      1       1     1.0964E-01  5.975E-08  6.327E-12  4.058E+00
    1720      1    204      1    195      1       1     4.4593E-02  1.637E-08  1.297E-12  4.873E+00
    1723      1    205      1    174      1       1     6.8201E-01  1.400E-06  1.673E-09  2.828E+00
    1724      1    205      1    178      1       1     3.7605E-01  6.672E-07  1.000E-30  2.975E+00
    1725      1    205      1    183      1       1     2.0985E-01  2.718E-07  8.666E-11  3.266E+00
    1728      1    205      1    189      1       1     1.0964E-01  1.012E-07  1.155E-11  3.765E+00
    1731      1    205      1    196      1       1     4.4593E-02  2.842E-08  2.412E-12  4.550E+00
    1734      1    206      1    179      1       1     3.7605E-01  5.355E-07  1.000E-30  2.682E+00
    1735      1    206      1    184      1       1     2.0985E-01  3.342E-07  1.182E-10  2.943E+00
    1736      1    206      1    190      1       1     1.0964E-01  1.491E-07  1.880E-11  3.407E+00
    1738      1    206      1    197      1       1     4.4593E-02  4.620E-08  4.296E-12  4.153E+00
    1741      1    207      1    185      1       1     2.0985E-01  2.625E-07  1.061E-10  2.576E+00
    1742      1    207      1    191      1       1     1.0964E-01  1.861E-07  2.666E-11  2.997E+00
    1743      1    207      1    198      1       1     4.4593E-02  7.082E-08  7.404E-12  3.692E+00
    1746      1    208      1    185      1       1     2.4771E-01  3.952E-08  3.365E-11  4.025E+00
    1747      1    208      1    191      1       1     1.4750E-01  3.424E-08  8.384E-12  4.447E+00
    1748      1    208      1    198      1       1     8.2456E-02  2.085E-08  2.101E-12  5.142E+00
    1750      1    208      1    206      1       1     3.7863E-02  1.074E-08  7.823E-13  6.202E+00
    1752      1    209      1    170      1       1     1.3809E+00  7.554E-07  7.952E-09  4.621E+00
    1753      1    209      1    173      1       1     7.1991E-01  2.456E-07  8.780E-10  4.694E+00
    1754      1    209      1    177      1       1     4.1395E-01  8.639E-08  1.000E-30  4.860E+00
    1756      1    209      1    182      1       1     2.4775E-01  3.382E-08  2.243E-11  5.172E+00
    1758      1    209      1    188      1       1     1.4753E-01  1.424E-08  2.723E-12  5.697E+00
    1767      1    210      1    179      1       1     4.1400E-01  8.382E-08  1.000E-30  4.207E+00
    1768      1    210      1    184      1       1     2.4780E-01  5.814E-08  4.457E-11  4.468E+00
    1769      1    210      1    190      1       1     1.4759E-01  3.159E-08  6.968E-12  4.933E+00
    1771      1    210      1    197      1       1     8.2546E-02  1.558E-08  1.419E-12  5.678E+00
    1775      1    211      1    164      1       1     1.3469E+01  3.698E-05  9.642E-09  4.933E+00
    1776      1    211      1    166      1       1     3.2697E+00  1.311E-06  3.651E-09  4.931E+00
    1777      1    211      1    168      1       1     1.3810E+00  1.877E-07  1.838E-09  4.962E+00
    1778      1    211      1    170      1       1     1.3810E+00  1.325E-08  1.303E-10  4.946E+00
    1779      1    211      1    171      1       1     7.2000E-01  4.666E-08  1.517E-10  5.048E+00
    1781      1    211      1    175      1       1     4.1404E-01  1.541E-08  1.000E-30  5.232E+00
    1796      1    212      1    165      1       1     3.2697E+00  1.216E-06  3.480E-09  4.797E+00
    1797      1    212      1    167      1       1     3.2697E+00  2.432E-06  6.959E-09  4.797E+00
    1798      1    212      1    169      1       1     1.3810E+00  5.728E-07  5.763E-09  4.825E+00
    1799      1    212      1    172      1       1     7.2001E-01  1.411E-07  4.759E-10  4.907E+00
    1801      1    212      1    176      1       1     4.1404E-01  4.565E-08  1.000E-30  5.085E+00
    1803      1    212      1    181      1       1     2.4784E-01  1.735E-08  1.099E-11  5.412E+00
    1815      1    213      1    165      1       1     3.2697E+00  3.680E-08  1.012E-10  4.995E+00
    1816      1    213      1    167      1       1     3.2697E+00  7.360E-08  2.023E-10  4.995E+00
    1817      1    213      1    169      1       1     1.3810E+00  3.149E-08  3.045E-10  5.022E+00
    1818      1    213      1    172      1       1     7.2001E-01  1.126E-08  3.653E-11  5.104E+00
    1829      1    214      1    174      1       1     7.2002E-01  2.225E-07  8.597E-10  4.416E+00
    1830      1    214      1    178      1       1     4.1406E-01  1.131E-07  1.000E-30  4.564E+00
    1831      1    214      1    183      1       1     2.4786E-01  5.124E-08  3.616E-11  4.855E+00
    1833      1    214      1    189      1       1     1.4764E-01  2.310E-08  4.693E-12  5.354E+00
    1836      1    214      1    196      1       1     8.2598E-02  1.043E-08  8.776E-13  6.139E+00
