#  File format type:   4
#
#  SPECT3D transition powers file.
#  RUN NAME:  xe_20-200ev_1e18-1e21_4mm
#  Total number of transitions   =     1890
#  Number of written transitions =      687
#  Plasma temperature (eV)       =     2.0000E+01
#  Mass density (g/cm3)          =     1.1216E-03
#  Cell areal density (g/cm2)    =     4.4865E-04
#  Material mass fractions       =     1.0000E+00
#  DCA material number fractions =     1.3000E-02    9.8700E-01
# -----------------------------------------------------
#
#
#   Trans.  Trans  Upper  Upper  Lower  Lower   Ioniz   Energy     Line Power Line Center Line Width
#   Index   Model  Level  Model  Level  Model   Stage   (eV)       (W/cm2)    Opt. Depth      eV
# --------------------------------------------------------------------------------------------------
       1      1      3      1      2      1      52     1.1982E+02  4.339E+08  6.951E-09  4.193E-03
       2      1      4      1      2      1      52     4.9234E+02  3.692E+10  1.962E+00  1.563E-02
       4      1      6      1      5      1      52     1.0651E+02  1.650E+09  1.029E-03  7.871E+01
       6      1      7      1      6      1      52     6.8034E+01  2.165E+08  1.434E-04  9.466E+01
       7      1      9      1      8      1      52     3.8672E+01  9.586E+07  3.431E-03  2.872E+01
       9      1     10      1      9      1      52     3.4641E+01  6.189E+07  9.390E-04  3.135E+01
      11      1     11      1     10      1      52     9.4480E+00  2.154E+05  3.548E-04  8.531E+00
      13      1     12      1      9      1      52     8.3242E+02  3.564E+12  1.000E-30  4.471E+01
      14      1     13      1      8      1      52     8.9349E+02  2.799E+12  8.649E-03  2.722E+01
      16      1     13      1     10      1      52     8.2018E+02  9.431E+11  1.000E-30  1.543E+01
      17      1     13      1     12      1      52     2.2396E+01  2.696E+07  8.690E-03  1.657E+01
      19      1     14      1      9      1      52     8.6975E+02  6.022E+12  4.848E-03  3.747E+01
      21      1     14      1     11      1      52     8.2566E+02  2.250E+11  1.000E-30  2.906E+00
      23      1     14      1     13      1      52     1.4925E+01  5.796E+06  1.706E-03  2.022E+01
      25      1     15      1     10      1      52     8.3968E+02  1.000E+13  1.600E-02  1.280E+01
      28      1     15      1     14      1      52     4.5752E+00  4.242E+04  1.197E-03  4.394E+00
      30      1     16      1     11      1      52     8.3260E+02  1.573E+13  4.172E-02  5.863E+00
      32      1     16      1     15      1      52     2.3647E+00  1.769E+03  6.457E-04  1.756E+00
      34      1     17      1      9      1      52     1.3019E+03  2.991E+12  1.000E-30  4.461E+01
      36      1     17      1     13      1      52     4.4709E+02  7.580E+11  1.000E-30  2.762E+01
      38      1     18      1      8      1      52     1.3534E+03  2.669E+12  4.043E-03  1.584E+01
      40      1     18      1     10      1      52     1.2800E+03  7.306E+11  1.000E-30  8.535E+00
      41      1     18      1     12      1      52     4.8226E+02  4.777E+11  1.639E-02  1.577E+01
      43      1     18      1     14      1      52     4.4493E+02  2.531E+11  1.000E-30  9.487E+00
      45      1     18      1     17      1      52     1.2770E+01  5.939E+06  1.842E-02  9.423E+00
      47      1     19      1      9      1      52     1.3234E+03  5.429E+12  1.147E-03  4.038E+01
      49      1     19      1     11      1      52     1.2793E+03  1.487E+11  1.000E-30  3.998E+00
      51      1     19      1     13      1      52     4.6860E+02  9.357E+11  7.766E-03  2.339E+01
      53      1     19      1     15      1      52     4.4910E+02  9.244E+10  1.000E-30  1.775E+00
      56      1     19      1     18      1      52     8.7378E+00  1.503E+06  3.809E-03  1.173E+01
      58      1     20      1     10      1      52     1.2912E+03  7.819E+12  2.992E-03  1.443E+01
      61      1     20      1     14      1      52     4.5609E+02  1.477E+12  3.039E-02  6.342E+00
      63      1     20      1     16      1      52     4.4915E+02  2.603E+10  1.000E-30  7.059E-01
      65      1     20      1     19      1      52     2.4178E+00  8.066E+03  2.649E-03  2.562E+00
      67      1     21      1     11      1      52     1.2829E+03  8.201E+12  4.811E-03  6.867E+00
      69      1     21      1     15      1      52     4.5271E+02  2.134E+12  7.459E-02  2.889E+00
      72      1     21      1     20      1      52     1.2002E+00  3.907E+02  1.827E-03  1.048E+00
      75      1     22      1     16      1      52     4.5135E+02  2.877E+12  1.525E-01  1.637E+00
      77      1     22      1     21      1      52     1.0028E+00  1.028E+02  1.221E-03  5.467E-01
      79      1     23      1     13      1      52     7.2854E+02  7.267E+11  1.000E-30  2.759E+01
      81      1     23      1     18      1      52     2.6868E+02  2.129E+11  1.000E-30  1.599E+01
      83      1     24      1     12      1      52     7.5883E+02  5.194E+11  7.143E-03  9.967E+00
      85      1     24      1     14      1      52     7.2151E+02  2.256E+11  1.000E-30  5.078E+00
      86      1     24      1     17      1      52     2.8935E+02  1.113E+11  2.846E-02  9.968E+00
      88      1     24      1     19      1      52     2.6784E+02  7.962E+10  1.000E-30  6.257E+00
      90      1     24      1     23      1      52     7.9016E+00  1.594E+06  3.414E-02  5.888E+00
      92      1     25      1     13      1      52     7.4204E+02  9.902E+11  1.927E-03  2.489E+01
      94      1     25      1     15      1      52     7.2254E+02  7.290E+10  1.000E-30  1.753E+00
      96      1     25      1     18      1      52     2.8218E+02  2.087E+11  1.402E-02  1.336E+01
      98      1     25      1     20      1      52     2.7102E+02  3.569E+10  1.000E-30  1.245E+00
     101      1     25      1     24      1      52     5.5989E+00  4.794E+05  7.355E-03  7.418E+00
     103      1     26      1     14      1      52     7.2843E+02  1.471E+12  6.318E-03  7.207E+00
     105      1     26      1     16      1      52     7.2149E+02  1.713E+10  1.000E-30  1.192E+00
     107      1     26      1     19      1      52     2.7476E+02  3.071E+11  5.225E-02  3.613E+00
     109      1     26      1     21      1      52     2.7114E+02  1.520E+10  1.000E-30  4.789E-01
     112      1     26      1     25      1      52     1.3194E+00  1.571E+03  4.810E-03  1.690E+00
     114      1     27      1     15      1      52     7.2446E+02  1.828E+12  1.213E-02  3.418E+00
     117      1     27      1     20      1      52     2.7295E+02  4.094E+11  1.198E-01  1.660E+00
     119      1     27      1     22      1      52     2.7075E+02  4.491E+09  1.000E-30  2.782E-01
     121      1     27      1     26      1      52     6.0740E-01  6.836E+01  3.584E-03  7.229E-01
     123      1     28      1     16      1      52     7.2273E+02  1.684E+12  1.495E-02  2.008E+00
     125      1     28      1     21      1      52     2.7238E+02  5.203E+11  2.325E-01  9.543E-01
     128      1     28      1     27      1      52     6.3240E-01  4.815E+01  3.151E-03  3.979E-01
     129      1     29      1     13      1      52     9.1039E+02  5.779E+11  1.000E-30  2.757E+01
     131      1     29      1     18      1      52     4.5053E+02  2.213E+11  1.000E-30  1.597E+01
     134      1     29      1     24      1      52     1.7396E+02  7.048E+10  1.000E-30  1.016E+01
     136      1     30      1     12      1      52     9.3797E+02  4.394E+11  4.703E-03  6.744E+00
     137      1     30      1     14      1      52     9.0065E+02  1.715E+11  1.000E-30  4.482E+00
     138      1     30      1     17      1      52     4.6848E+02  1.327E+11  1.153E-02  6.745E+00
     140      1     30      1     19      1      52     4.4698E+02  7.838E+10  1.000E-30  3.566E+00
     142      1     30      1     23      1      52     1.8704E+02  3.205E+10  4.578E-02  6.760E+00
     144      1     30      1     25      1      52     1.7354E+02  2.849E+10  1.000E-30  4.393E+00
     146      1     30      1     29      1      52     5.1810E+00  4.916E+05  5.739E-02  3.949E+00
     147      1     31      1     13      1      52     9.1941E+02  8.266E+11  8.159E-04  2.577E+01
     148      1     31      1     15      1      52     8.9991E+02  5.176E+10  1.000E-30  2.503E+00
     150      1     31      1     18      1      52     4.5956E+02  2.461E+11  3.531E-03  1.424E+01
     152      1     31      1     20      1      52     4.4840E+02  3.180E+10  1.000E-30  9.882E-01
     155      1     31      1     24      1      52     1.8298E+02  5.844E+10  2.332E-02  8.359E+00
     157      1     31      1     26      1      52     1.7606E+02  1.457E+10  1.000E-30  9.657E-01
     160      1     31      1     30      1      52     3.8407E+00  1.831E+05  1.276E-02  5.100E+00
     161      1     32      1     14      1      52     9.0519E+02  1.172E+12  2.439E-03  7.698E+00
     162      1     32      1     16      1      52     8.9825E+02  1.105E+10  1.000E-30  1.683E+00
     164      1     32      1     19      1      52     4.5152E+02  3.585E+11  1.142E-02  4.110E+00
     166      1     32      1     21      1      52     4.4790E+02  1.185E+10  1.000E-30  6.664E-01
     169      1     32      1     25      1      52     1.7808E+02  8.067E+10  8.168E-02  2.310E+00
     171      1     32      1     27      1      52     1.7615E+02  7.480E+09  1.000E-30  4.118E-01
     174      1     32      1     31      1      52     7.0280E-01  2.733E+02  7.565E-03  1.248E+00
     175      1     33      1     15      1      52     9.0089E+02  1.317E+12  4.081E-03  3.754E+00
     177      1     33      1     20      1      52     4.4938E+02  4.623E+11  2.244E-02  1.983E+00
     179      1     33      1     22      1      52     4.4717E+02  2.905E+09  1.000E-30  5.109E-01
     181      1     33      1     26      1      52     1.7704E+02  1.021E+11  1.766E-01  1.095E+00
     183      1     33      1     28      1      52     1.7580E+02  3.331E+09  1.000E-30  2.537E-01
     185      1     33      1     32      1      52     2.7490E-01  8.041E+00  5.538E-03  5.897E-01
     186      1     34      1     16      1      52     8.9895E+02  9.732E+11  3.957E-03  2.238E+00
     188      1     34      1     21      1      52     4.4860E+02  5.176E+11  3.326E-02  1.184E+00
     191      1     34      1     27      1      52     1.7685E+02  1.224E+11  3.161E-01  6.500E-01
     194      1     34      1     33      1      52     4.2420E-01  2.068E+01  4.775E-03  3.626E-01
     195      1     35      1     13      1      52     1.0346E+03  4.458E+11  1.000E-30  2.763E+01
     196      1     35      1     18      1      52     5.7478E+02  1.879E+11  1.000E-30  1.603E+01
     198      1     35      1     24      1      52     2.9820E+02  7.894E+10  1.000E-30  1.015E+01
     201      1     35      1     30      1      52     1.1906E+02  2.695E+10  1.000E-30  6.919E+00
     203      1     36      1     12      1      52     1.0606E+03  3.515E+11  3.613E-03  4.851E+00
     204      1     36      1     14      1      52     1.0233E+03  1.287E+11  1.000E-30  5.268E+00
     205      1     36      1     17      1      52     5.9109E+02  1.203E+11  7.189E-03  4.852E+00
     206      1     36      1     19      1      52     5.6958E+02  6.403E+10  1.000E-30  2.705E+00
     207      1     36      1     23      1      52     3.0964E+02  4.146E+10  1.746E-02  4.861E+00
     209      1     36      1     25      1      52     2.9614E+02  3.048E+10  1.000E-30  2.725E+00
     211      1     36      1     29      1      52     1.2779E+02  1.075E+10  6.870E-02  4.876E+00
     213      1     36      1     31      1      52     1.1877E+02  1.145E+10  1.000E-30  3.284E+00
     215      1     36      1     35      1      52     3.5433E+00  1.672E+05  8.704E-02  2.879E+00
     216      1     37      1     13      1      52     1.0410E+03  6.566E+11  4.365E-04  2.635E+01
     217      1     37      1     15      1      52     1.0215E+03  3.718E+10  1.000E-30  3.083E+00
     218      1     37      1     18      1      52     5.8110E+02  2.206E+11  1.502E-03  1.481E+01
     219      1     37      1     20      1      52     5.6995E+02  2.450E+10  1.000E-30  1.376E+00
     221      1     37      1     24      1      52     3.0452E+02  7.450E+10  5.887E-03  8.933E+00
     223      1     37      1     26      1      52     2.9760E+02  1.422E+10  1.000E-30  7.262E-01
     226      1     37      1     30      1      52     1.2539E+02  1.936E+10  3.580E-02  5.699E+00
     228      1     37      1     32      1      52     1.2084E+02  6.389E+09  1.000E-30  8.422E-01
     231      1     37      1     36      1      52     2.7803E+00  8.089E+04  2.032E-02  3.754E+00
     232      1     38      1     14      1      52     1.0264E+03  8.980E+11  1.230E-03  8.014E+00
     233      1     38      1     16      1      52     1.0194E+03  7.438E+09  1.000E-30  2.025E+00
     234      1     38      1     19      1      52     5.7269E+02  3.151E+11  4.486E-03  4.452E+00
     235      1     38      1     21      1      52     5.6908E+02  8.407E+09  1.000E-30  9.770E-01
     237      1     38      1     25      1      52     2.9925E+02  1.065E+11  1.823E-02  2.645E+00
     239      1     38      1     27      1      52     2.9733E+02  6.576E+09  1.000E-30  4.866E-01
     242      1     38      1     31      1      52     1.2188E+02  2.521E+10  1.155E-01  1.660E+00
     244      1     38      1     33      1      52     1.2090E+02  3.665E+09  1.000E-30  4.318E-01
     247      1     38      1     37      1      52     3.3030E-01  3.289E+01  1.037E-02  1.047E+00
     248      1     39      1     15      1      52     1.0219E+03  9.437E+11  1.883E-03  3.983E+00
     249      1     39      1     20      1      52     5.7035E+02  3.827E+11  7.961E-03  2.213E+00
     250      1     39      1     22      1      52     5.6815E+02  1.845E+09  1.000E-30  7.344E-01
     252      1     39      1     26      1      52     2.9801E+02  1.369E+11  3.488E-02  1.319E+00
     254      1     39      1     28      1      52     2.9677E+02  2.541E+09  1.000E-30  3.952E-01
     256      1     39      1     32      1      52     1.2125E+02  3.078E+10  2.213E-01  8.497E-01
     258      1     39      1     34      1      52     1.2055E+02  1.958E+09  1.000E-30  3.009E-01
     260      1     39      1     38      1      52     7.3900E-02  1.875E-01  7.238E-03  5.097E-01
     261      1     40      1     16      1      52     1.0198E+03  6.148E+11  1.582E-03  2.414E+00
     262      1     40      1     21      1      52     5.6945E+02  3.821E+11  1.022E-02  1.353E+00
     264      1     40      1     27      1      52     2.9770E+02  1.613E+11  5.260E-02  8.201E-01
     267      1     40      1     33      1      52     1.2127E+02  4.088E+10  3.530E-01  5.488E-01
     270      1     40      1     39      1      52     2.9800E-01  9.137E+00  5.029E-03  4.049E-01
     271      1     41      1     13      1      52     1.1233E+03  3.441E+11  1.000E-30  2.771E+01
     272      1     41      1     18      1      52     6.6340E+02  1.525E+11  1.000E-30  1.612E+01
     273      1     41      1     24      1      52     3.8682E+02  7.027E+10  1.000E-30  1.024E+01
     275      1     41      1     30      1      52     2.0768E+02  3.158E+10  1.000E-30  7.003E+00
     278      1     41      1     36      1      52     8.5076E+01  1.137E+10  1.000E-30  5.077E+00
     280      1     42      1     12      1      52     1.1482E+03  2.775E+11  2.961E-03  3.673E+00
     281      1     42      1     14      1      52     1.1108E+03  9.752E+10  1.000E-30  6.127E+00
     282      1     42      1     17      1      52     6.7867E+02  1.015E+11  5.263E-03  3.674E+00
     283      1     42      1     19      1      52     6.5716E+02  5.061E+10  1.000E-30  2.911E+00
     284      1     42      1     23      1      52     3.9722E+02  3.965E+10  1.028E-02  3.689E+00
     285      1     42      1     25      1      52     3.8372E+02  2.636E+10  1.000E-30  2.008E+00
     286      1     42      1     29      1      52     2.1536E+02  1.497E+10  2.463E-02  3.717E+00
     288      1     42      1     31      1      52     2.0634E+02  1.299E+10  1.000E-30  2.234E+00
     290      1     42      1     35      1      52     9.1119E+01  4.072E+09  9.557E-02  3.758E+00
     292      1     42      1     37      1      52     8.4795E+01  5.042E+09  1.000E-30  2.633E+00
     294      1     42      1     41      1      52     2.4992E+00  6.196E+04  1.155E-01  2.356E+00
     295      1     43      1     13      1      52     1.1279E+03  5.154E+11  2.647E-04  2.681E+01
     296      1     43      1     15      1      52     1.1084E+03  2.732E+10  1.000E-30  3.518E+00
     297      1     43      1     18      1      52     6.6800E+02  1.848E+11  8.056E-04  1.522E+01
     298      1     43      1     20      1      52     6.5684E+02  1.859E+10  1.000E-30  1.767E+00
     299      1     43      1     24      1      52     3.9142E+02  7.084E+10  2.506E-03  9.336E+00
     300      1     43      1     26      1      52     3.8450E+02  1.167E+10  1.000E-30  9.371E-01
     302      1     43      1     30      1      52     2.1228E+02  2.622E+10  9.003E-03  6.090E+00
     304      1     43      1     32      1      52     2.0774E+02  6.680E+09  1.000E-30  6.839E-01
     307      1     43      1     36      1      52     8.9678E+01  7.276E+09  5.092E-02  4.177E+00
     309      1     43      1     38      1      52     8.6568E+01  2.996E+09  1.000E-30  8.316E-01
     312      1     43      1     42      1      52     2.1031E+00  4.004E+04  2.982E-02  2.981E+00
     313      1     44      1     15      1      52     1.1084E+03  6.951E+11  1.034E-03  4.178E+00
     314      1     44      1     20      1      52     6.5688E+02  3.020E+11  3.743E-03  2.401E+00
     315      1     44      1     22      1      52     6.5468E+02  1.236E+09  1.000E-30  9.230E-01
     316      1     44      1     26      1      52     3.8454E+02  1.252E+11  1.252E-02  1.513E+00
     317      1     44      1     28      1      52     3.8330E+02  1.791E+09  1.000E-30  5.768E-01
     319      1     44      1     32      1      52     2.0778E+02  4.670E+10  4.462E-02  1.039E+00
     321      1     44      1     34      1      52     2.0708E+02  1.688E+09  1.000E-30  4.127E-01
     323      1     44      1     38      1      52     8.6605E+01  1.200E+10  2.320E-01  7.855E-01
     325      1     44      1     40      1      52     8.6233E+01  1.099E+09  1.000E-30  4.058E-01
     327      1     45      1     14      1      52     1.1130E+03  6.902E+11  7.166E-04  8.288E+00
     328      1     45      1     16      1      52     1.1061E+03  5.208E+09  1.000E-30  2.292E+00
     329      1     45      1     19      1      52     6.5935E+02  2.588E+11  2.274E-03  4.713E+00
     330      1     45      1     21      1      52     6.5574E+02  6.079E+09  1.000E-30  1.238E+00
     331      1     45      1     25      1      52     3.8591E+02  1.002E+11  7.143E-03  2.906E+00
     332      1     45      1     27      1      52     3.8399E+02  5.044E+09  1.000E-30  7.137E-01
     334      1     45      1     31      1      52     2.0854E+02  3.651E+10  2.587E-02  1.914E+00
     336      1     45      1     33      1      52     2.0756E+02  3.537E+09  1.000E-30  4.827E-01
     339      1     45      1     37      1      52     8.6990E+01  9.088E+09  1.426E-01  1.359E+00
     341      1     45      1     39      1      52     8.6586E+01  1.855E+09  1.000E-30  5.163E-01
     344      1     45      1     43      1      52     9.2200E-02  8.142E-01  1.430E-02  8.099E-01
     345      1     45      1     44      1      52     5.4600E-02  1.143E-01  1.000E-30  5.249E-01
     346      1     46      1     16      1      52     1.1062E+03  4.142E+11  7.817E-04  2.567E+00
     347      1     46      1     21      1      52     6.5590E+02  2.785E+11  4.337E-03  1.506E+00
     348      1     46      1     27      1      52     3.8415E+02  1.393E+11  1.687E-02  9.750E-01
     350      1     46      1     33      1      52     2.0772E+02  5.790E+10  6.269E-02  6.985E-01
     353      1     46      1     39      1      52     8.6749E+01  1.499E+10  3.148E-01  5.668E-01
     355      1     46      1     44      1      52     2.1720E-01  4.258E+00  4.370E-03  5.158E-01
     357      1     48      1     47      1      52     3.1750E+02  1.271E+10  7.039E-04  1.839E+02
     358      1     49      1     48      1      52     3.6284E+02  6.896E+10  3.871E-05  2.762E+02
     359      1     51      1     50      1      52     7.7750E-01  1.808E+02  3.294E-04  1.384E+02
     360      1     52      1     51      1      52     6.6689E+02  1.070E+12  1.000E-30  4.204E+02
     361      1     54      1     53      1      52     3.0082E+01  6.410E+07  1.000E-30  1.845E+02
     362      1     55      1     53      1      52     1.0120E+02  1.320E+09  9.357E-04  8.075E+01
     363      1     56      1     54      1      52     1.0442E+02  1.482E+09  1.038E-03  7.433E+01
     364      1     56      1     55      1      52     3.3297E+01  8.632E+07  1.000E-30  1.922E+02
     365      1     57      1     55      1      52     9.2670E+01  7.386E+08  1.653E-04  1.109E+02
     367      1     58      1     56      1      52     9.3608E+01  7.653E+08  1.732E-04  1.064E+02
     368      1     58      1     57      1      52     3.4235E+01  9.369E+07  1.000E-30  1.948E+02
     369      1     61      1     60      1      53     7.7081E+01  5.129E+07  1.650E-09  2.891E-03
     370      1     62      1     60      1      53     8.3045E+01  7.715E+07  1.000E-30  3.070E-03
     373      1     63      1     61      1      53     8.0094E+00  1.337E+02  1.000E-30  8.179E-04
     375      1     64      1     60      1      53     4.6515E+02  3.734E+10  1.265E+00  1.475E-02
     378      1     65      1     60      1      53     5.0090E+02  3.623E+10  7.802E-10  1.579E-02
     380      1     65      1     63      1      53     4.1581E+02  1.052E+10  2.729E+00  1.325E-02
     381      1     67      1     66      1      53     9.2071E+01  8.860E+08  1.175E-03  5.729E+01
     383      1     68      1     67      1      53     2.1266E+02  1.162E+10  2.241E-04  3.994E+01
     385      1     69      1     67      1      53     2.3259E+02  8.956E+09  1.000E-30  2.160E+01
     386      1     71      1     70      1      53     1.8245E+01  5.866E+06  4.482E-03  1.283E+01
     388      1     72      1     71      1      53     7.1086E+01  1.050E+09  1.692E-03  3.417E+01
     390      1     73      1     72      1      53     1.1156E+02  4.027E+09  3.425E-03  1.007E+01
     392      1     74      1     71      1      53     8.8734E+02  4.241E+12  1.000E-30  4.805E+01
     393      1     75      1     70      1      53     9.0769E+02  2.998E+12  8.122E-03  2.959E+01
     395      1     75      1     72      1      53     8.1835E+02  8.862E+11  1.000E-30  1.671E+01
     396      1     75      1     74      1      53     2.1014E+00  1.214E+04  1.666E-02  4.766E+00
     398      1     76      1     71      1      53     9.4411E+02  8.135E+12  4.738E-03  4.049E+01
     400      1     76      1     73      1      53     7.6146E+02  1.566E+11  1.000E-30  3.143E+00
     402      1     76      1     75      1      53     5.4666E+01  9.707E+08  5.204E-03  2.272E+01
     404      1     77      1     72      1      53     9.7713E+02  1.762E+13  1.657E-02  1.384E+01
     407      1     77      1     76      1      53     1.0411E+02  1.056E+10  2.198E-02  5.212E+00
     409      1     78      1     73      1      53     1.0763E+03  4.199E+13  4.794E-02  6.360E+00
     411      1     78      1     77      1      53     2.1071E+02  7.575E+10  3.387E-02  2.124E+00
     412      1     79      1     70      1      53     1.3871E+03  2.924E+12  3.641E-03  1.789E+01
     414      1     79      1     72      1      53     1.2978E+03  7.331E+11  1.000E-30  9.303E+00
     415      1     79      1     74      1      53     4.8154E+02  4.794E+11  1.526E-02  1.705E+01
     417      1     79      1     76      1      53     4.2478E+02  1.993E+11  1.000E-30  1.026E+01
     420      1     80      1     71      1      53     1.3753E+03  3.461E+12  1.000E-30  4.801E+01
     422      1     80      1     75      1      53     4.8588E+02  9.825E+11  1.000E-30  2.967E+01
     424      1     80      1     79      1      53     6.4349E+00  1.267E+06  1.000E-30  1.653E+01
     426      1     81      1     71      1      53     1.4208E+03  6.957E+12  1.099E-03  4.366E+01
     428      1     81      1     73      1      53     1.2382E+03  1.260E+11  1.000E-30  4.305E+00
     430      1     81      1     75      1      53     5.3137E+02  1.505E+12  7.936E-03  2.525E+01
     432      1     81      1     77      1      53     3.7259E+02  4.235E+10  1.000E-30  1.927E+00
     434      1     81      1     79      1      53     5.1923E+01  1.699E+09  1.884E-02  1.308E+01
     438      1     82      1     76      1      53     5.7966E+02  3.674E+12  3.420E-02  6.862E+00
     440      1     82      1     78      1      53     2.6484E+02  3.039E+09  1.000E-30  7.692E-01
     442      1     82      1     81      1      53     1.0296E+02  2.243E+10  9.011E-02  3.049E+00
     443      1     83      1     74      1      53     7.7070E+02  5.489E+11  6.490E-03  1.105E+01
     445      1     83      1     76      1      53     7.1393E+02  2.051E+11  1.000E-30  5.499E+00
     447      1     83      1     80      1      53     2.8272E+02  1.024E+11  2.597E-02  1.073E+01
     448      1     83      1     81      1      53     2.3723E+02  4.644E+10  1.000E-30  6.761E+00
     451      1     84      1     75      1      53     7.7945E+02  8.899E+11  1.000E-30  2.964E+01
     452      1     84      1     79      1      53     3.0001E+02  3.054E+11  1.000E-30  1.714E+01
     455      1     84      1     83      1      53     1.0851E+01  8.903E+06  1.000E-30  1.132E+01
     457      1     85      1     75      1      53     8.2063E+02  1.440E+12  1.923E-03  2.682E+01
     459      1     85      1     77      1      53     6.6185E+02  4.962E+10  1.000E-30  1.885E+00
     460      1     85      1     79      1      53     3.4119E+02  4.329E+11  1.530E-02  1.439E+01
     463      1     85      1     82      1      53     1.8630E+02  7.704E+09  1.000E-30  1.334E+00
     464      1     85      1     83      1      53     5.2031E+01  3.117E+09  5.737E-02  8.249E+00
     467      1     86      1     77      1      53     6.7729E+02  9.943E+12  9.835E-02  3.138E+00
     470      1     86      1     82      1      53     2.0174E+02  1.679E+11  1.702E-01  1.254E+00
     473      1     87      1     78      1      53     5.1236E+02  4.611E+12  1.526E-01  1.792E+00
     475      1     87      1     86      1      53     4.5782E+01  4.046E+08  4.506E-02  6.523E-01
     477      1     88      1     76      1      53     8.6948E+02  2.874E+12  6.718E-03  7.791E+00
     479      1     88      1     78      1      53     5.5466E+02  5.802E+09  1.000E-30  1.301E+00
     481      1     88      1     81      1      53     3.9278E+02  1.206E+12  6.598E-02  3.914E+00
     484      1     88      1     85      1      53     1.0351E+02  3.811E+10  2.806E-01  1.989E+00
     485      1     88      1     86      1      53     8.8076E+01  2.413E+08  1.000E-30  5.125E-01
     487      1     89      1     74      1      53     9.5869E+02  4.743E+11  4.092E-03  7.830E+00
     488      1     89      1     76      1      53     9.0192E+02  1.640E+11  1.000E-30  4.864E+00
     490      1     89      1     80      1      53     4.7071E+02  1.348E+11  1.054E-02  7.382E+00
     491      1     89      1     81      1      53     4.2522E+02  6.109E+10  1.000E-30  3.845E+00
     494      1     89      1     84      1      53     1.7714E+02  2.615E+10  4.063E-02  7.267E+00
     495      1     89      1     85      1      53     1.3596E+02  1.022E+10  1.000E-30  4.714E+00
     497      1     90      1     75      1      53     9.7022E+02  6.980E+11  1.000E-30  2.968E+01
     498      1     90      1     79      1      53     4.9078E+02  2.910E+11  1.000E-30  1.719E+01
     501      1     90      1     83      1      53     2.0163E+02  1.179E+11  1.000E-30  1.086E+01
     504      1     90      1     89      1      53     1.3639E+01  1.521E+07  1.000E-30  4.032E+00
     505      1     91      1     75      1      53     1.0099E+03  1.164E+12  8.048E-04  2.776E+01
     506      1     91      1     77      1      53     8.5110E+02  3.995E+10  1.000E-30  2.691E+00
     507      1     91      1     79      1      53     5.3043E+02  4.229E+11  3.666E-03  1.533E+01
     510      1     91      1     82      1      53     3.7555E+02  1.509E+10  1.000E-30  1.044E+00
     511      1     91      1     83      1      53     2.4127E+02  1.709E+11  2.780E-02  8.997E+00
     515      1     91      1     88      1      53     8.5729E+01  7.897E+08  1.000E-30  1.033E+00
     516      1     91      1     89      1      53     5.3287E+01  5.384E+09  1.525E-01  5.582E+00
     518      1     92      1     74      1      53     1.0879E+03  3.844E+11  2.899E-03  6.121E+00
     519      1     92      1     76      1      53     1.0312E+03  1.261E+11  1.000E-30  5.699E+00
     520      1     92      1     80      1      53     5.9995E+02  1.265E+11  6.441E-03  5.442E+00
     521      1     92      1     81      1      53     5.5446E+02  5.473E+10  1.000E-30  2.924E+00
     523      1     92      1     84      1      53     3.0638E+02  3.948E+10  1.581E-02  5.264E+00
     524      1     92      1     85      1      53     2.6520E+02  1.861E+10  1.000E-30  2.922E+00
     527      1     92      1     90      1      53     1.1560E+02  7.349E+09  5.853E-02  5.219E+00
     528      1     92      1     91      1      53     7.5952E+01  1.822E+09  1.000E-30  3.505E+00
     529      1     93      1     75      1      53     1.1014E+03  5.366E+11  1.000E-30  2.974E+01
     530      1     93      1     79      1      53     6.2192E+02  2.420E+11  1.000E-30  1.725E+01
     531      1     93      1     83      1      53     3.3276E+02  1.143E+11  1.000E-30  1.092E+01
     534      1     93      1     89      1      53     1.4478E+02  5.425E+10  1.000E-30  7.424E+00
     537      1     93      1     92      1      53     1.5538E+01  6.364E+07  1.000E-30  5.515E+00
     538      1     94      1     76      1      53     1.0597E+03  2.118E+12  2.534E-03  8.346E+00
     539      1     94      1     78      1      53     7.4491E+02  5.053E+09  1.000E-30  1.824E+00
     541      1     94      1     81      1      53     5.8303E+02  9.549E+11  1.310E-02  4.443E+00
     544      1     94      1     85      1      53     2.9377E+02  5.500E+11  1.204E-01  2.493E+00
     545      1     94      1     86      1      53     2.7833E+02  1.706E+09  1.000E-30  7.076E-01
     549      1     94      1     91      1      53     1.0453E+02  5.232E+10  7.013E-01  1.442E+00
     552      1     95      1     77      1      53     9.6122E+02  5.439E+12  1.426E-02  3.713E+00
     555      1     95      1     82      1      53     4.8567E+02  3.669E+12  1.899E-01  1.797E+00
     558      1     95      1     87      1      53     2.3815E+02  2.595E+09  1.000E-30  3.065E-01
     559      1     95      1     88      1      53     1.9586E+02  2.443E+11  5.285E-01  8.632E-01
     561      1     95      1     94      1      53     5.5996E+00  6.074E+04  6.584E-03  4.420E-01
     562      1     96      1     75      1      53     1.1409E+03  9.138E+11  4.281E-04  2.839E+01
     563      1     96      1     77      1      53     9.8211E+02  3.066E+10  1.000E-30  3.314E+00
     564      1     96      1     79      1      53     6.6145E+02  3.580E+11  1.540E-03  1.590E+01
     565      1     96      1     82      1      53     5.0657E+02  1.478E+10  1.000E-30  1.456E+00
     566      1     96      1     83      1      53     3.7229E+02  1.607E+11  6.492E-03  9.569E+00
     569      1     96      1     88      1      53     2.1675E+02  3.857E+09  1.000E-30  7.636E-01
     570      1     96      1     89      1      53     1.8430E+02  8.661E+10  4.781E-02  6.109E+00
     573      1     96      1     92      1      53     5.5065E+01  8.369E+09  3.547E-01  4.066E+00
     575      1     96      1     94      1      53     2.6491E+01  1.385E+07  1.000E-30  8.922E-01
     578      1     97      1     78      1      53     7.9354E+02  2.353E+12  1.448E-02  2.188E+00
     580      1     97      1     86      1      53     3.2696E+02  1.022E+12  2.495E-01  1.026E+00
     584      1     97      1     95      1      53     4.3029E+01  8.042E+08  1.738E-01  4.722E-01
     585      1     98      1     74      1      53     1.1808E+03  3.066E+11  2.112E-03  5.235E+00
     586      1     98      1     76      1      53     1.1240E+03  9.709E+10  1.000E-30  6.620E+00
     587      1     98      1     80      1      53     6.9278E+02  1.092E+11  4.521E-03  4.319E+00
     588      1     98      1     81      1      53     6.4729E+02  4.536E+10  1.000E-30  3.133E+00
     589      1     98      1     84      1      53     3.9921E+02  4.007E+10  9.322E-03  4.050E+00
     590      1     98      1     85      1      53     3.5803E+02  1.900E+10  1.000E-30  2.144E+00
     592      1     98      1     90      1      53     2.0843E+02  1.305E+10  2.200E-02  3.993E+00
     593      1     98      1     91      1      53     1.6878E+02  5.531E+09  1.000E-30  2.375E+00
     595      1     98      1     93      1      53     7.7294E+01  2.173E+09  7.702E-02  3.994E+00
     597      1     98      1     96      1      53     3.7767E+01  1.879E+08  1.000E-30  2.785E+00
     598      1     99      1     75      1      53     1.1956E+03  4.149E+11  1.000E-30  2.982E+01
     599      1     99      1     79      1      53     7.1611E+02  1.942E+11  1.000E-30  1.733E+01
     600      1     99      1     83      1      53     4.2696E+02  9.773E+10  1.000E-30  1.100E+01
     601      1     99      1     89      1      53     2.3897E+02  5.175E+10  1.000E-30  7.505E+00
     604      1     99      1     92      1      53     1.0973E+02  2.900E+10  1.000E-30  5.404E+00
     607      1     99      1     98      1      53     1.6897E+01  1.685E+08  1.000E-30  4.307E+00
     608      1    100      1     75      1      53     1.2357E+03  7.155E+11  2.596E-04  2.886E+01
     609      1    100      1     77      1      53     1.0769E+03  2.351E+10  1.000E-30  3.773E+00
     610      1    100      1     79      1      53     7.5626E+02  2.933E+11  8.193E-04  1.636E+01
     611      1    100      1     82      1      53     6.0138E+02  1.266E+10  1.000E-30  1.869E+00
     612      1    100      1     83      1      53     4.6710E+02  1.391E+11  2.696E-03  1.003E+01
     613      1    100      1     88      1      53     3.1156E+02  4.847E+09  1.000E-30  9.808E-01
     614      1    100      1     89      1      53     2.7912E+02  7.584E+10  1.072E-02  6.523E+00
     617      1    100      1     92      1      53     1.4988E+02  5.344E+10  7.788E-02  4.454E+00
     619      1    100      1     94      1      53     1.2130E+02  7.481E+08  1.000E-30  7.050E-01
     621      1    100      1     98      1      53     5.7044E+01  1.152E+10  7.280E-01  3.190E+00
     623      1    101      1     76      1      53     1.1918E+03  1.570E+12  1.271E-03  8.660E+00
     624      1    101      1     78      1      53     8.7698E+02  3.942E+09  1.000E-30  2.189E+00
     625      1    101      1     81      1      53     7.1510E+02  7.349E+11  4.986E-03  4.802E+00
     627      1    101      1     85      1      53     4.2583E+02  4.156E+11  2.313E-02  2.845E+00
     628      1    101      1     86      1      53     4.1039E+02  2.200E+09  1.000E-30  1.035E+00
     631      1    101      1     91      1      53     2.3659E+02  3.132E+11  2.008E-01  1.775E+00
     634      1    101      1     95      1      53     1.2646E+02  2.609E+08  1.000E-30  5.137E-01
     635      1    101      1     96      1      53     1.0557E+02  6.227E+10  1.427E+00  1.179E+00
     638      1    101      1    100      1      53     1.0760E+01  5.689E+05  6.152E-03  8.550E-01
     639      1    102      1     77      1      53     1.1469E+03  3.334E+12  4.626E-03  4.066E+00
     641      1    102      1     82      1      53     6.7131E+02  2.188E+12  2.977E-02  2.144E+00
     644      1    102      1     87      1      53     4.2378E+02  2.261E+09  1.000E-30  5.510E-01
     645      1    102      1     88      1      53     3.8149E+02  1.781E+12  3.248E-01  1.191E+00
     647      1    102      1     94      1      53     1.9123E+02  2.807E+11  1.196E+00  6.865E-01
     650      1    102      1     97      1      53     1.4260E+02  1.385E+09  1.000E-30  2.739E-01
     652      1    102      1    101      1      53     5.9168E+01  8.734E+07  7.409E-03  4.572E-01
     653      1    103      1     76      1      53     1.2875E+03  1.191E+12  7.358E-04  8.996E+00
     654      1    103      1     78      1      53     9.7272E+02  3.024E+09  1.000E-30  2.468E+00
     655      1    103      1     81      1      53     8.1083E+02  5.696E+11  2.498E-03  5.080E+00
     656      1    103      1     85      1      53     5.2157E+02  3.218E+11  8.691E-03  3.117E+00
     657      1    103      1     86      1      53     5.0613E+02  2.079E+09  1.000E-30  1.307E+00
     659      1    103      1     91      1      53     3.3233E+02  2.234E+11  3.719E-02  2.047E+00
     662      1    103      1     95      1      53     2.2220E+02  5.669E+08  1.000E-30  7.504E-01
     663      1    103      1     96      1      53     2.0131E+02  2.150E+11  3.023E-01  1.432E+00
     665      1    103      1    100      1      53     1.0650E+02  1.083E+11  2.380E+00  1.090E+00
     667      1    103      1    102      1      53     3.6571E+01  8.193E+06  1.000E-30  4.981E-01
     668      1    104      1     78      1      53     9.7661E+02  1.305E+12  3.802E-03  2.435E+00
     670      1    104      1     86      1      53     5.1003E+02  8.316E+11  3.402E-02  1.267E+00
     674      1    104      1     95      1      53     2.2610E+02  3.040E+11  3.596E-01  7.041E-01
     677      1    104      1    102      1      53     4.0464E+01  1.231E+09  3.851E-01  4.146E-01
     679      1    105      1     77      1      53     1.2750E+03  2.203E+12  2.093E-03  4.308E+00
     680      1    105      1     82      1      53     7.9944E+02  1.422E+12  9.996E-03  2.386E+00
     682      1    105      1     87      1      53     5.5191E+02  1.589E+09  1.000E-30  7.868E-01
     683      1    105      1     88      1      53     5.0962E+02  1.098E+12  5.296E-02  1.427E+00
     685      1    105      1     94      1      53     3.1936E+02  1.057E+12  4.780E-01  9.127E-01
     688      1    105      1     97      1      53     2.7073E+02  1.701E+09  1.000E-30  4.200E-01
     690      1    105      1    101      1      53     1.8730E+02  4.492E+11  2.039E+00  6.449E-01
     692      1    105      1    103      1      53     9.1560E+01  1.415E+08  2.574E-03  5.324E-01
     693      1    105      1    104      1      53     8.7667E+01  5.273E+08  1.000E-30  3.160E-01
     694      1    106      1     78      1      53     1.1024E+03  8.070E+11  1.517E-03  2.615E+00
     695      1    106      1     86      1      53     6.3583E+02  5.715E+11  1.028E-02  1.448E+00
     698      1    106      1     95      1      53     3.5190E+02  3.021E+11  5.557E-02  8.836E-01
     701      1    106      1    102      1      53     1.6626E+02  1.317E+11  4.371E-01  5.845E-01
     704      1    106      1    105      1      53     3.8133E+01  1.578E+09  5.807E-01  4.416E-01
     705      1    107      1     77      1      53     1.3672E+03  1.541E+12  1.133E-03  4.508E+00
     706      1    107      1     82      1      53     8.9170E+02  9.861E+11  4.544E-03  2.586E+00
     707      1    107      1     87      1      53     6.4417E+02  1.123E+09  1.000E-30  9.857E-01
     708      1    107      1     88      1      53     6.0188E+02  7.195E+11  1.760E-02  1.627E+00
     710      1    107      1     94      1      53     4.1162E+02  6.572E+11  7.886E-02  1.113E+00
     712      1    107      1     97      1      53     3.6299E+02  1.389E+09  1.000E-30  6.093E-01
     714      1    107      1    101      1      53     2.7956E+02  8.758E+11  5.913E-01  8.336E-01
     716      1    107      1    103      1      53     1.8382E+02  5.811E+11  2.688E+00  7.031E-01
     717      1    107      1    104      1      53     1.7993E+02  9.275E+08  1.000E-30  4.291E-01
     719      1    107      1    106      1      53     5.4126E+01  1.649E+08  1.000E-30  4.165E-01
     720      1    108      1     78      1      53     1.1926E+03  5.381E+11  7.527E-04  2.765E+00
     721      1    108      1     86      1      53     7.2599E+02  4.027E+11  4.339E-03  1.604E+00
     723      1    108      1     95      1      53     4.4206E+02  2.331E+11  1.752E-02  1.034E+00
     725      1    108      1    102      1      53     2.5642E+02  1.285E+11  7.082E-02  7.372E-01
     728      1    108      1    105      1      53     1.2829E+02  6.387E+10  4.309E-01  5.904E-01
     730      1    108      1    107      1      53     3.6034E+01  1.987E+09  6.763E-01  5.409E-01
     731      1    110      1    109      1      53     1.0325E+02  2.409E+09  1.000E-30  3.596E+02
     732      1    111      1    109      1      53     6.2828E+02  6.104E+11  4.529E-05  4.025E+02
     733      1    114      1    113      1      54     7.1415E+00  7.350E+03  1.000E-30  7.751E-04
     735      1    115      1    114      1      54     4.2027E+02  1.914E+10  1.839E+00  1.332E-02
     736      1    117      1    116      1      54     8.2284E+01  1.169E+08  9.491E+00  5.649E-03
     737      1    118      1    117      1      54     6.5579E+01  1.724E+08  1.220E-04  9.899E+01
     739      1    120      1    119      1      54     2.7707E+01  7.365E+06  4.183E+00  1.133E-02
     740      1    121      1    120      1      54     3.4184E+01  5.430E+07  7.616E-04  3.528E+01
     743      1    122      1    121      1      54     1.1729E+01  4.750E+05  3.471E-04  1.005E+01
     745      1    124      1    119      1      54     9.4819E+02  3.581E+12  8.044E-03  3.131E+01
     746      1    124      1    121      1      54     8.8629E+02  1.154E+12  1.000E-30  1.765E+01
     747      1    123      1    120      1      54     9.0352E+02  4.214E+12  1.000E-30  5.145E+01
     749      1    124      1    123      1      54     1.6956E+01  3.678E+06  1.889E+00  3.682E-02
     750      1    125      1    120      1      54     9.3511E+02  7.620E+12  4.301E-03  4.297E+01
     753      1    125      1    122      1      54     8.8920E+02  2.813E+11  1.000E-30  3.385E+00
     754      1    125      1    124      1      54     1.4632E+01  4.987E+06  1.409E-03  2.235E+01
     757      1    126      1    121      1      54     9.0719E+02  1.266E+13  1.371E-02  1.495E+01
     759      1    126      1    125      1      54     6.2624E+00  1.373E+05  1.278E-03  5.194E+00
     761      1    127      1    122      1      54     9.0472E+02  2.046E+13  3.606E-02  6.826E+00
     763      1    127      1    126      1      54     9.2648E+00  1.646E+05  8.549E-04  2.053E+00
     765      1    129      1    121      1      54     1.3816E+03  8.952E+11  1.000E-30  9.929E+00
     767      1    129      1    123      1      54     5.1224E+02  6.170E+11  1.535E-02  1.812E+01
     768      1    129      1    125      1      54     4.8065E+02  3.102E+11  1.000E-30  1.083E+01
     770      1    128      1    120      1      54     1.4063E+03  3.531E+12  1.000E-30  5.133E+01
     772      1    128      1    124      1      54     4.8585E+02  9.054E+11  1.000E-30  3.179E+01
     775      1    129      1    128      1      54     9.4325E+00  8.717E+05  1.308E+00  6.259E-02
     777      1    130      1    120      1      54     1.4246E+03  4.463E+12  8.600E-03  3.592E+00
     779      1    130      1    122      1      54     1.3787E+03  1.872E+11  1.000E-30  4.629E+00
     780      1    130      1    124      1      54     5.0408E+02  1.188E+12  6.886E-03  2.687E+01
     783      1    130      1    126      1      54     4.8319E+02  1.155E+11  1.000E-30  2.068E+00
     785      1    130      1    129      1      54     8.7978E+00  1.427E+06  3.192E-03  1.301E+01
     788      1    131      1    121      1      54     1.3942E+03  9.861E+12  2.565E-03  1.685E+01
     790      1    131      1    125      1      54     4.9329E+02  1.882E+12  2.604E-02  7.408E+00
     791      1    131      1    127      1      54     4.7777E+02  3.107E+10  1.000E-30  8.127E-01
     793      1    131      1    130      1      54     3.8408E+00  4.699E+04  3.235E-03  3.050E+00
     795      1    132      1    122      1      54     1.3904E+03  1.047E+13  4.137E-03  8.006E+00
     797      1    132      1    126      1      54     4.9497E+02  2.839E+12  6.440E-02  3.363E+00
     799      1    132      1    131      1      54     7.9348E+00  1.911E+05  2.653E-03  1.223E+00
     800      1    133      1    127      1      54     4.8686E+02  3.697E+12  1.311E-01  1.904E+00
     801      1    133      1    132      1      54     1.1594E+00  1.701E+02  1.139E-03  6.286E-01
     802      1    134      1    124      1      54     7.8763E+02  8.641E+11  1.000E-30  3.172E+01
     804      1    134      1    129      1      54     2.9235E+02  2.542E+11  1.000E-30  1.840E+01
     808      1    135      1    123      1      54     8.1021E+02  6.669E+11  6.523E-03  1.150E+01
     809      1    135      1    125      1      54     7.7862E+02  2.770E+11  1.000E-30  1.004E+01
     811      1    135      1    128      1      54     3.0740E+02  1.439E+11  2.667E-02  1.144E+01
     812      1    135      1    130      1      54     2.8917E+02  9.730E+10  1.000E-30  5.840E+00
     814      1    135      1    134      1      54     5.6221E+00  4.123E+05  4.677E-02  3.138E+00
     815      1    136      1    124      1      54     7.9909E+02  1.251E+12  1.530E-03  3.170E+01
     818      1    136      1    126      1      54     7.7820E+02  9.152E+10  1.000E-30  5.000E+00
     819      1    136      1    129      1      54     3.0380E+02  2.672E+11  1.040E-02  1.837E+01
     822      1    136      1    131      1      54     2.9116E+02  4.431E+10  1.000E-30  2.932E+00
     825      1    136      1    135      1      54     5.8334E+00  5.201E+05  6.290E-03  8.308E+00
     827      1    137      1    125      1      54     7.8707E+02  1.868E+12  4.543E-03  1.004E+01
     828      1    137      1    127      1      54     7.7154E+02  2.095E+10  1.000E-30  3.025E+00
     830      1    137      1    130      1      54     2.9761E+02  4.018E+11  3.234E-02  5.850E+00
     831      1    137      1    132      1      54     2.8584E+02  1.748E+10  1.000E-30  1.783E+00
     833      1    137      1    136      1      54     2.6080E+00  1.937E+04  6.624E-03  1.972E+00
     835      1    138      1    126      1      54     7.8806E+02  2.391E+12  8.387E-03  4.995E+00
     837      1    138      1    131      1      54     3.0103E+02  5.990E+11  6.989E-02  2.926E+00
     838      1    138      1    133      1      54     2.9194E+02  5.656E+09  1.000E-30  1.203E+00
     840      1    138      1    137      1      54     7.2571E+00  2.052E+05  5.551E-03  8.256E-01
     841      1    139      1    127      1      54     7.7953E+02  2.122E+12  9.929E-03  3.016E+00
     842      1    139      1    132      1      54     2.9383E+02  7.273E+11  1.249E-01  1.775E+00
     843      1    139      1    138      1      54     7.3047E-01  7.941E+01  3.014E-03  4.451E-01
     844      1    140      1    133      1      54     2.9317E+02  9.181E+11  2.125E-01  1.189E+00
     845      1    140      1    139      1      54     5.0455E-01  9.957E+00  1.503E-03  2.761E-01
     846      1    141      1    124      1      54     9.8280E+02  6.881E+11  1.000E-30  3.172E+01
     847      1    141      1    129      1      54     4.8751E+02  2.650E+11  1.000E-30  1.838E+01
     851      1    141      1    135      1      54     1.8954E+02  8.494E+10  1.000E-30  1.162E+01
     853      1    142      1    123      1      54     1.0032E+03  5.621E+11  4.268E-03  7.764E+00
     854      1    142      1    125      1      54     9.7165E+02  2.104E+11  1.000E-30  1.009E+01
     856      1    142      1    128      1      54     5.0043E+02  1.710E+11  1.058E-02  7.763E+00
     857      1    142      1    130      1      54     4.8220E+02  9.582E+10  1.000E-30  5.890E+00
     859      1    142      1    134      1      54     1.9865E+02  4.146E+10  4.319E-02  7.711E+00
     861      1    142      1    136      1      54     1.8719E+02  3.485E+10  1.000E-30  4.986E+00
     863      1    142      1    141      1      54     3.4847E+00  1.039E+05  7.763E-02  2.071E+00
     864      1    143      1    124      1      54     9.9046E+02  1.042E+12  6.683E-04  3.171E+01
     865      1    143      1    126      1      54     9.6956E+02  6.508E+10  1.000E-30  5.041E+00
     866      1    143      1    129      1      54     4.9517E+02  3.115E+11  2.766E-03  1.837E+01
     869      1    143      1    131      1      54     4.8253E+02  3.972E+10  1.000E-30  2.974E+00
     872      1    143      1    135      1      54     1.9720E+02  7.513E+10  2.085E-02  9.567E+00
     874      1    143      1    137      1      54     1.8876E+02  1.793E+10  1.000E-30  1.098E+00
     877      1    143      1    142      1      54     4.1712E+00  2.245E+05  1.104E-02  5.625E+00
     878      1    144      1    125      1      54     9.7774E+02  1.479E+12  1.863E-03  1.009E+01
     879      1    144      1    127      1      54     9.6221E+02  1.357E+10  1.000E-30  3.065E+00
     881      1    144      1    130      1      54     4.8829E+02  4.566E+11  7.992E-03  5.886E+00
     882      1    144      1    132      1      54     4.7651E+02  1.415E+10  1.000E-30  1.823E+00
     884      1    144      1    136      1      54     1.9328E+02  1.050E+11  7.118E-02  2.666E+00
     885      1    144      1    138      1      54     1.8342E+02  8.180E+09  1.000E-30  4.489E-01
     887      1    144      1    143      1      54     1.9160E+00  9.546E+03  1.150E-02  1.421E+00
     888      1    145      1    126      1      54     9.7835E+02  1.699E+12  3.063E-03  5.032E+00
     890      1    145      1    131      1      54     4.9132E+02  6.179E+11  1.521E-02  2.964E+00
     891      1    145      1    133      1      54     4.8223E+02  3.660E+09  1.000E-30  1.241E+00
     893      1    145      1    137      1      54     1.9755E+02  1.486E+11  1.591E-01  1.242E+00
     894      1    145      1    139      1      54     1.8956E+02  4.177E+09  1.000E-30  2.670E-01
     896      1    145      1    144      1      54     6.8766E+00  2.214E+05  8.942E-03  6.487E-01
     897      1    146      1    127      1      54     9.6958E+02  1.221E+12  2.901E-03  3.051E+00
     898      1    146      1    132      1      54     4.8388E+02  6.599E+11  2.186E-02  1.809E+00
     899      1    146      1    138      1      54     1.9078E+02  1.581E+11  2.834E-01  7.289E-01
     900      1    146      1    140      1      54     1.8955E+02  1.281E+09  1.000E-30  1.939E-01
     901      1    146      1    145      1      54     4.8959E-01  3.391E+01  4.803E-03  3.881E-01
     902      1    147      1    133      1      54     4.8306E+02  5.531E+11  2.230E-02  1.222E+00
     903      1    147      1    139      1      54     1.9039E+02  1.831E+11  4.688E-01  4.834E-01
     904      1    147      1    146      1      54     3.3818E-01  5.654E+00  2.834E-03  2.655E-01
     905      1    148      1    140      1      54     1.9013E+02  2.015E+11  7.466E-01  3.420E-01
     906      1    148      1    147      1      54     2.4746E-01  8.799E-01  1.280E-03  1.925E-01
     907      1    149      1    124      1      54     1.1162E+03  5.308E+11  1.000E-30  3.176E+01
     908      1    149      1    129      1      54     6.2092E+02  2.249E+11  1.000E-30  1.842E+01
     910      1    149      1    135      1      54     3.2295E+02  9.467E+10  1.000E-30  1.168E+01
     913      1    149      1    142      1      54     1.2992E+02  3.246E+10  1.000E-30  7.928E+00
     915      1    150      1    123      1      54     1.1354E+03  4.489E+11  3.292E-03  5.540E+00
     916      1    150      1    125      1      54     1.1038E+03  1.580E+11  1.000E-30  1.015E+01
     917      1    150      1    128      1      54     6.3256E+02  1.545E+11  6.595E-03  5.539E+00
     918      1    150      1    130      1      54     6.1433E+02  7.855E+10  1.000E-30  5.948E+00
     919      1    150      1    134      1      54     3.3078E+02  5.326E+10  1.610E-02  5.546E+00
     921      1    150      1    136      1      54     3.1933E+02  3.731E+10  1.000E-30  3.070E+00
     923      1    150      1    141      1      54     1.3562E+02  1.390E+10  6.493E-02  5.557E+00
     925      1    150      1    143      1      54     1.2796E+02  1.394E+10  1.000E-30  3.703E+00
     927      1    150      1    149      1      54     2.2069E+00  2.676E+04  1.183E-01  1.448E+00
     928      1    151      1    124      1      54     1.1216E+03  8.252E+11  3.640E-04  3.174E+01
     929      1    151      1    126      1      54     1.1007E+03  4.677E+10  1.000E-30  5.099E+00
     930      1    151      1    129      1      54     6.2630E+02  2.789E+11  1.220E-03  1.840E+01
     931      1    151      1    131      1      54     6.1366E+02  3.067E+10  1.000E-30  3.031E+00
     933      1    151      1    135      1      54     3.2833E+02  9.463E+10  5.219E-03  1.020E+01
     935      1    151      1    137      1      54     3.1989E+02  1.766E+10  1.000E-30  7.971E-01
     937      1    151      1    142      1      54     1.3530E+02  2.503E+10  3.224E-02  6.483E+00
     939      1    151      1    144      1      54     1.2921E+02  7.777E+09  1.000E-30  9.271E-01
     941      1    151      1    150      1      54     3.1681E+00  1.144E+05  1.785E-02  4.079E+00
     942      1    152      1    125      1      54     1.1084E+03  1.132E+12  9.727E-04  1.014E+01
     943      1    152      1    127      1      54     1.0929E+03  9.165E+09  1.000E-30  3.120E+00
     944      1    152      1    130      1      54     6.1900E+02  3.989E+11  3.367E-03  5.943E+00
     945      1    152      1    132      1      54     6.0722E+02  1.021E+10  1.000E-30  1.879E+00
     947      1    152      1    136      1      54     3.2399E+02  1.356E+11  1.587E-02  3.042E+00
     948      1    152      1    138      1      54     3.1413E+02  7.622E+09  1.000E-30  5.190E-01
     950      1    152      1    143      1      54     1.3263E+02  3.319E+10  1.022E-01  1.887E+00
     951      1    152      1    145      1      54     1.2383E+02  3.756E+09  1.000E-30  4.499E-01
     953      1    152      1    151      1      54     1.4980E+00  5.278E+03  1.643E-02  1.154E+00
     954      1    153      1    126      1      54     1.1088E+03  1.213E+12  1.484E-03  5.085E+00
     955      1    153      1    131      1      54     6.2180E+02  5.027E+11  5.913E-03  3.018E+00
     956      1    153      1    133      1      54     6.1271E+02  2.326E+09  1.000E-30  1.294E+00
     958      1    153      1    137      1      54     3.2803E+02  1.871E+11  3.141E-02  1.493E+00
     959      1    153      1    139      1      54     3.2004E+02  3.210E+09  1.000E-30  4.156E-01
     961      1    153      1    144      1      54     1.3736E+02  4.736E+10  2.112E-01  9.390E-01
     962      1    153      1    146      1      54     1.2999E+02  2.463E+09  1.000E-30  3.022E-01
     963      1    153      1    152      1      54     6.6466E+00  2.411E+05  1.122E-02  6.046E-01
     964      1    154      1    127      1      54     1.0999E+03  7.700E+11  1.230E-03  3.102E+00
     965      1    154      1    132      1      54     6.1421E+02  4.808E+11  7.401E-03  1.860E+00
     966      1    154      1    138      1      54     3.2112E+02  2.039E+11  4.728E-02  9.145E-01
     967      1    154      1    140      1      54     3.1988E+02  8.020E+08  1.000E-30  3.417E-01
     968      1    154      1    145      1      54     1.3082E+02  4.714E+10  3.315E-01  5.910E-01
     969      1    154      1    147      1      54     1.3000E+02  1.137E+09  1.000E-30  2.353E-01
     970      1    154      1    153      1      54     3.4390E-01  1.505E+01  5.464E-03  4.121E-01
     971      1    155      1    133      1      54     6.1329E+02  3.178E+11  5.856E-03  1.270E+00
     972      1    155      1    139      1      54     3.2062E+02  2.116E+11  5.961E-02  6.279E-01
     973      1    155      1    146      1      54     1.3057E+02  6.145E+10  4.907E-01  4.196E-01
     974      1    155      1    148      1      54     1.2999E+02  3.526E+08  1.000E-30  1.936E-01
     975      1    155      1    154      1      54     2.3759E-01  2.797E+00  3.128E-03  3.149E-01
     976      1    156      1    124      1      54     1.2114E+03  4.095E+11  1.000E-30  3.182E+01
     977      1    156      1    129      1      54     7.1613E+02  1.821E+11  1.000E-30  1.848E+01
     978      1    156      1    135      1      54     4.1816E+02  8.452E+10  1.000E-30  1.176E+01
     980      1    156      1    142      1      54     2.2513E+02  3.814E+10  1.000E-30  8.006E+00
     983      1    156      1    150      1      54     9.3002E+01  1.385E+10  1.000E-30  5.762E+00
     985      1    157      1    123      1      54     1.2298E+03  3.548E+11  2.720E-03  4.164E+00
     986      1    157      1    125      1      54     1.1982E+03  1.195E+11  1.000E-30  1.023E+01
     987      1    157      1    128      1      54     7.2695E+02  1.304E+11  4.847E-03  4.163E+00
     988      1    157      1    130      1      54     7.0872E+02  6.216E+10  1.000E-30  6.026E+00
     989      1    157      1    134      1      54     4.2517E+02  5.099E+10  9.530E-03  4.176E+00
     990      1    157      1    136      1      54     4.1371E+02  3.229E+10  1.000E-30  2.251E+00
     991      1    157      1    141      1      54     2.3000E+02  1.925E+10  2.301E-02  4.200E+00
     993      1    157      1    143      1      54     2.2235E+02  1.584E+10  1.000E-30  2.480E+00
     995      1    157      1    149      1      54     9.6594E+01  5.243E+09  9.149E-02  4.237E+00
     997      1    157      1    151      1      54     9.1219E+01  6.066E+09  1.000E-30  2.926E+00
     999      1    157      1    156      1      54     1.3856E+00  6.944E+03  1.529E-01  1.125E+00
    1000      1    158      1    124      1      54     1.2153E+03  6.468E+11  2.237E-04  3.182E+01
    1001      1    158      1    126      1      54     1.1944E+03  3.435E+10  1.000E-30  5.176E+00
    1002      1    158      1    129      1      54     7.2004E+02  2.331E+11  6.682E-04  1.848E+01
    1003      1    158      1    131      1      54     7.0740E+02  2.335E+10  1.000E-30  3.108E+00
    1004      1    158      1    135      1      54     4.2207E+02  8.984E+10  2.219E-03  1.066E+01
    1005      1    158      1    137      1      54     4.1363E+02  1.456E+10  1.000E-30  1.021E+00
    1007      1    158      1    142      1      54     2.2904E+02  3.358E+10  8.078E-03  6.913E+00
    1009      1    158      1    144      1      54     2.2296E+02  8.258E+09  1.000E-30  7.214E-01
    1011      1    158      1    150      1      54     9.6914E+01  9.492E+09  4.656E-02  4.707E+00
    1012      1    158      1    152      1      54     9.2248E+01  3.595E+09  1.000E-30  8.824E-01
    1014      1    158      1    157      1      54     2.5273E+00  6.668E+04  2.666E-02  3.178E+00
    1015      1    159      1    125      1      54     1.2019E+03  8.686E+11  5.808E-04  1.022E+01
    1016      1    159      1    127      1      54     1.1864E+03  6.454E+09  1.000E-30  3.198E+00
    1017      1    159      1    130      1      54     7.1248E+02  3.268E+11  1.783E-03  6.019E+00
    1018      1    159      1    132      1      54     7.0070E+02  7.386E+09  1.000E-30  1.955E+00
    1019      1    159      1    136      1      54     4.1747E+02  1.273E+11  6.279E-03  3.323E+00
    1020      1    159      1    138      1      54     4.0761E+02  5.985E+09  1.000E-30  7.635E-01
    1022      1    159      1    143      1      54     2.2610E+02  4.695E+10  2.301E-02  2.161E+00
    1023      1    159      1    145      1      54     2.1731E+02  3.950E+09  1.000E-30  4.881E-01
    1025      1    159      1    151      1      54     9.4977E+01  1.209E+10  1.315E-01  1.499E+00
    1026      1    159      1    153      1      54     8.6832E+01  1.745E+09  1.000E-30  5.168E-01
    1028      1    159      1    158      1      54     1.2307E+00  3.346E+03  1.985E-02  1.061E+00
    1029      1    160      1    126      1      54     1.2022E+03  8.886E+11  8.399E-04  5.159E+00
    1030      1    160      1    131      1      54     7.1513E+02  3.934E+11  2.947E-03  3.091E+00
    1031      1    160      1    133      1      54     7.0604E+02  1.562E+09  1.000E-30  1.367E+00
    1032      1    160      1    137      1      54     4.2136E+02  1.682E+11  1.142E-02  1.695E+00
    1033      1    160      1    139      1      54     4.1337E+02  2.254E+09  1.000E-30  6.076E-01
    1035      1    160      1    144      1      54     2.3069E+02  6.610E+10  4.235E-02  1.134E+00
    1036      1    160      1    146      1      54     2.2332E+02  2.124E+09  1.000E-30  4.116E-01
    1037      1    160      1    152      1      54     9.9979E+01  1.964E+10  2.367E-01  8.312E-01
    1038      1    160      1    154      1      54     9.2988E+01  1.384E+09  1.000E-30  3.939E-01
    1039      1    160      1    159      1      54     6.4994E+00  2.623E+05  1.130E-02  6.555E-01
    1040      1    161      1    127      1      54     1.1932E+03  5.197E+11  6.344E-04  3.172E+00
    1041      1    161      1    132      1      54     7.0745E+02  3.493E+11  3.378E-03  1.931E+00
    1042      1    161      1    138      1      54     4.1436E+02  1.751E+11  1.545E-02  1.069E+00
    1043      1    161      1    140      1      54     4.1312E+02  4.989E+08  1.000E-30  4.964E-01
    1044      1    161      1    145      1      54     2.2406E+02  7.102E+10  5.921E-02  7.470E-01
    1045      1    161      1    147      1      54     2.2323E+02  8.418E+08  1.000E-30  3.566E-01
    1046      1    161      1    153      1      54     9.3583E+01  1.873E+10  3.103E-01  5.816E-01
    1047      1    161      1    155      1      54     9.3001E+01  7.668E+08  1.000E-30  3.301E-01
    1048      1    161      1    160      1      54     2.5061E-01  6.999E+00  4.860E-03  5.046E-01
    1049      1    162      1    133      1      54     7.0646E+02  2.005E+11  2.296E-03  1.337E+00
    1050      1    162      1    139      1      54     4.1380E+02  1.594E+11  1.620E-02  7.583E-01
    1051      1    162      1    146      1      54     2.2375E+02  8.146E+10  7.386E-02  5.487E-01
    1052      1    162      1    148      1      54     2.2316E+02  2.129E+08  1.000E-30  3.085E-01
    1053      1    162      1    154      1      54     9.3412E+01  2.253E+10  4.035E-01  4.517E-01
    1054      1    162      1    161      1      54     1.7317E-01  1.385E+00  2.698E-03  4.213E-01
    1381      1    165      1    164      1       1     1.0199E+01  1.421E+07  2.900E+00  3.721E-01
    1384      1    167      1    164      1       1     1.0199E+01  2.097E+07  5.800E+00  3.721E-01
    1387      1    169      1    164      1       1     1.2088E+01  3.347E+05  8.341E-01  8.284E-01
    1389      1    169      1    166      1       1     1.8887E+00  9.354E+03  2.899E-01  6.763E-01
    1392      1    168      1    165      1       1     1.8887E+00  3.593E+02  1.012E-03  6.055E+00
    1394      1    168      1    167      1       1     1.8886E+00  7.179E+02  2.025E-03  6.055E+00
    1396      1    170      1    165      1       1     1.8887E+00  1.835E+04  7.940E-02  3.952E+00
    1398      1    170      1    167      1       1     1.8887E+00  3.437E+04  1.587E-01  3.952E+00
    1399      1    172      1    164      1       1     1.2749E+01  2.546E+03  1.826E-01  1.415E+00
    1401      1    172      1    166      1       1     2.5497E+00  8.374E+01  9.880E-03  5.622E+00
    1404      1    172      1    168      1       1     6.6104E-01  6.951E+00  3.429E-05  2.078E+01
    1405      1    172      1    170      1       1     6.6103E-01  7.879E-01  4.640E-06  1.867E+01
    1407      1    171      1    165      1       1     2.5497E+00  2.314E+00  9.397E-05  1.756E+01
    1409      1    171      1    167      1       1     2.5497E+00  4.627E+00  1.879E-04  1.756E+01
    1410      1    171      1    169      1       1     6.6103E-01  1.281E+00  6.833E-06  2.139E+01
    1414      1    173      1    165      1       1     2.5497E+00  1.152E+02  4.848E-03  1.361E+01
    1416      1    173      1    167      1       1     2.5497E+00  2.297E+02  9.711E-03  1.361E+01
    1417      1    173      1    169      1       1     6.6104E-01  3.069E+01  1.605E-04  1.745E+01
    1425      1    174      1    170      1       1     6.6103E-01  9.989E+01  6.330E-04  1.269E+01
    1426      1    176      1    164      1       1     1.3054E+01  1.181E+01  5.293E-02  2.346E+00
    1428      1    176      1    166      1       1     2.8557E+00  3.911E-01  5.648E-04  3.997E+01
    1430      1    176      1    168      1       1     9.6701E-01  4.385E-02  4.024E-06  4.424E+01
    1431      1    176      1    170      1       1     9.6699E-01  3.997E-03  4.132E-07  4.214E+01
    1433      1    176      1    171      1       1     3.0597E-01  6.234E-03  1.000E-30  5.575E+01
    1434      1    176      1    173      1       1     3.0596E-01  1.594E-03  7.710E-22  5.180E+01
    1437      1    175      1    165      1       1     2.8557E+00  9.309E-03  1.565E-05  4.181E+01
    1439      1    175      1    167      1       1     2.8556E+00  1.862E-02  3.131E-05  4.181E+01
    1440      1    175      1    169      1       1     9.6700E-01  6.659E-03  7.366E-07  4.565E+01
    1443      1    175      1    172      1       1     3.0596E-01  1.502E-03  1.000E-30  5.653E+01
    1447      1    177      1    165      1       1     2.8557E+00  5.889E-01  6.765E-04  3.550E+01
    1449      1    177      1    167      1       1     2.8557E+00  1.175E+00  1.351E-03  3.550E+01
    1450      1    177      1    169      1       1     9.6700E-01  2.148E-01  1.598E-05  3.934E+01
    1453      1    177      1    172      1       1     3.0597E-01  2.987E-02  1.000E-30  5.022E+01
    1456      1    177      1    174      1       1     3.0596E-01  1.014E-03  1.000E-30  4.424E+01
    1461      1    178      1    170      1       1     9.6699E-01  6.404E-01  3.833E-05  3.221E+01
    1463      1    178      1    173      1       1     3.0596E-01  1.153E-01  1.527E-20  4.187E+01
    1469      1    179      1    174      1       1     3.0596E-01  4.023E-01  1.000E-30  3.156E+01
    1470      1    181      1    164      1       1     1.3221E+01  5.446E-03  2.113E-02  3.291E+00
    1472      1    181      1    166      1       1     3.0219E+00  1.837E-04  1.398E-04  8.311E+01
    1473      1    181      1    168      1       1     1.1332E+00  2.303E-05  8.641E-07  8.738E+01
    1474      1    181      1    170      1       1     1.1332E+00  1.888E-06  7.785E-08  8.528E+01
    1476      1    181      1    171      1       1     4.7217E-01  4.480E-06  1.000E-30  9.889E+01
    1477      1    181      1    173      1       1     4.7216E-01  9.468E-07  8.834E-23  9.494E+01
    1480      1    181      1    175      1       1     1.6620E-01  8.611E-07  1.000E-30  1.231E+02
    1484      1    180      1    165      1       1     3.0219E+00  3.559E-06  3.897E-06  8.592E+01
    1486      1    180      1    167      1       1     3.0218E+00  7.106E-06  7.782E-06  8.592E+01
    1487      1    180      1    169      1       1     1.1332E+00  2.756E-06  1.528E-07  8.975E+01
    1488      1    180      1    172      1       1     4.7217E-01  8.093E-07  4.387E-23  1.006E+02
    1495      1    182      1    165      1       1     3.0219E+00  3.845E-04  1.523E-04  7.671E+01
    1497      1    182      1    167      1       1     3.0219E+00  7.712E-04  3.055E-04  7.671E+01
    1498      1    182      1    169      1       1     1.1332E+00  1.580E-04  3.152E-06  8.055E+01
    1499      1    182      1    172      1       1     4.7217E-01  3.027E-05  1.000E-30  9.144E+01
    1502      1    182      1    174      1       1     4.7216E-01  7.523E-07  1.000E-30  8.545E+01
    1503      1    182      1    176      1       1     1.6620E-01  5.550E-06  1.000E-30  1.149E+02
    1506      1    182      1    178      1       1     1.6620E-01  4.826E-07  1.000E-30  1.050E+02
    1509      1    183      1    170      1       1     1.1332E+00  6.931E-04  6.020E-06  7.053E+01
    1511      1    183      1    173      1       1     4.7216E-01  1.730E-04  1.000E-30  8.019E+01
    1513      1    183      1    177      1       1     1.6620E-01  3.427E-05  9.281E-23  1.021E+02
    1514      1    183      1    179      1       1     1.6620E-01  5.390E-07  1.000E-30  8.940E+01
    1517      1    184      1    174      1       1     4.7216E-01  7.614E-04  1.000E-30  6.602E+01
    1519      1    184      1    178      1       1     1.6620E-01  2.170E-04  1.000E-30  8.554E+01
    1521      1    185      1    179      1       1     1.6620E-01  1.302E-03  1.000E-30  6.653E+01
    1583      1    192      1    185      1       1     1.0021E-01  9.258E-07  2.256E-23  1.250E+02
