#  File format type:   4
#
#  SPECT3D transition powers file.
#  RUN NAME:  xe_20-200ev_1e18-1e21_4mm
#  Total number of transitions   =     1890
#  Number of written transitions =      786
#  Plasma temperature (eV)       =     1.2000E+02
#  Mass density (g/cm3)          =     3.3649E-04
#  Cell areal density (g/cm2)    =     1.3459E-04
#  Material mass fractions       =     1.0000E+00
#  DCA material number fractions =     1.3000E-02    9.8700E-01
# -----------------------------------------------------
#
#
#   Trans.  Trans  Upper  Upper  Lower  Lower   Ioniz   Energy     Line Power Line Center Line Width
#   Index   Model  Level  Model  Level  Model   Stage   (eV)       (W/cm2)    Opt. Depth      eV
# --------------------------------------------------------------------------------------------------
       1      1      3      1      2      1      52     1.1982E+02  1.302E+08  2.953E-10  8.884E-03
       2      1      4      1      2      1      52     4.9234E+02  2.773E+10  2.521E-01  3.652E-02
       4      1      6      1      5      1      52     1.0651E+02  4.954E+08  3.086E-04  7.871E+01
       6      1      7      1      6      1      52     6.8034E+01  6.494E+07  4.303E-05  9.466E+01
       7      1      9      1      8      1      52     3.8672E+01  2.883E+07  1.030E-03  2.871E+01
       9      1     10      1      9      1      52     3.4641E+01  1.858E+07  2.818E-04  3.134E+01
      11      1     11      1     10      1      52     9.4480E+00  6.462E+04  1.065E-04  8.524E+00
      13      1     12      1      9      1      52     8.3242E+02  1.069E+12  1.000E-30  4.473E+01
      14      1     13      1      8      1      52     8.9349E+02  8.480E+11  2.592E-03  2.724E+01
      16      1     13      1     10      1      52     8.2018E+02  2.829E+11  1.000E-30  1.545E+01
      17      1     13      1     12      1      52     2.2396E+01  8.169E+06  2.611E-03  1.655E+01
      19      1     14      1      9      1      52     8.6975E+02  1.813E+12  1.453E-03  3.750E+01
      21      1     14      1     11      1      52     8.2566E+02  6.749E+10  1.000E-30  2.928E+00
      23      1     14      1     13      1      52     1.4925E+01  1.741E+06  5.122E-04  2.020E+01
      25      1     15      1     10      1      52     8.3968E+02  3.055E+12  4.791E-03  1.283E+01
      28      1     15      1     14      1      52     4.5752E+00  1.274E+04  3.606E-04  4.374E+00
      30      1     16      1     11      1      52     8.3260E+02  4.913E+12  1.246E-02  5.889E+00
      32      1     16      1     15      1      52     2.3647E+00  5.311E+02  1.955E-04  1.740E+00
      34      1     17      1      9      1      52     1.3019E+03  8.973E+11  1.000E-30  4.464E+01
      36      1     17      1     13      1      52     4.4709E+02  2.274E+11  1.000E-30  2.760E+01
      38      1     18      1      8      1      52     1.3534E+03  8.029E+11  1.211E-03  1.587E+01
      40      1     18      1     10      1      52     1.2800E+03  2.192E+11  1.000E-30  8.561E+00
      41      1     18      1     12      1      52     4.8226E+02  1.460E+11  4.923E-03  1.575E+01
      43      1     18      1     14      1      52     4.4493E+02  7.593E+10  1.000E-30  9.469E+00
      45      1     18      1     17      1      52     1.2770E+01  1.815E+06  5.556E-03  9.372E+00
      47      1     19      1      9      1      52     1.3234E+03  1.631E+12  3.438E-04  4.041E+01
      49      1     19      1     11      1      52     1.2793E+03  4.461E+10  1.000E-30  4.026E+00
      51      1     19      1     13      1      52     4.6860E+02  2.833E+11  2.331E-03  2.338E+01
      53      1     19      1     15      1      52     4.4910E+02  2.773E+10  1.000E-30  1.761E+00
      56      1     19      1     18      1      52     8.7378E+00  4.522E+05  1.147E-03  1.168E+01
      58      1     20      1     10      1      52     1.2912E+03  2.351E+12  8.956E-04  1.446E+01
      61      1     20      1     14      1      52     4.5609E+02  4.566E+11  9.133E-03  6.329E+00
      63      1     20      1     16      1      52     4.4915E+02  7.808E+09  1.000E-30  6.967E-01
      65      1     20      1     19      1      52     2.4178E+00  2.424E+03  8.090E-04  2.516E+00
      67      1     21      1     11      1      52     1.2829E+03  2.469E+12  1.436E-03  6.902E+00
      69      1     21      1     15      1      52     4.5271E+02  6.857E+11  2.243E-02  2.881E+00
      72      1     21      1     20      1      52     1.2002E+00  1.173E+02  5.709E-04  1.008E+00
      75      1     22      1     16      1      52     4.5135E+02  9.801E+11  4.580E-02  1.635E+00
      77      1     22      1     21      1      52     1.0028E+00  3.087E+01  3.923E-04  5.141E-01
      79      1     23      1     13      1      52     7.2854E+02  2.180E+11  1.000E-30  2.756E+01
      81      1     23      1     18      1      52     2.6868E+02  6.387E+10  1.000E-30  1.593E+01
      83      1     24      1     12      1      52     7.5883E+02  1.571E+11  2.148E-03  9.939E+00
      85      1     24      1     14      1      52     7.2151E+02  6.767E+10  1.000E-30  5.049E+00
      86      1     24      1     17      1      52     2.8935E+02  3.435E+10  8.589E-03  9.906E+00
      88      1     24      1     19      1      52     2.6784E+02  2.389E+10  1.000E-30  6.196E+00
      90      1     24      1     23      1      52     7.9016E+00  4.943E+05  1.041E-02  5.791E+00
      92      1     25      1     13      1      52     7.4204E+02  2.975E+11  5.786E-04  2.487E+01
      94      1     25      1     15      1      52     7.2254E+02  2.187E+10  1.000E-30  1.729E+00
      96      1     25      1     18      1      52     2.8218E+02  6.363E+10  4.223E-03  1.330E+01
      98      1     25      1     20      1      52     2.7102E+02  1.071E+10  1.000E-30  1.189E+00
     101      1     25      1     24      1      52     5.5989E+00  1.450E+05  2.234E-03  7.323E+00
     103      1     26      1     14      1      52     7.2843E+02  4.446E+11  1.901E-03  7.185E+00
     105      1     26      1     16      1      52     7.2149E+02  5.140E+09  1.000E-30  1.173E+00
     107      1     26      1     19      1      52     2.7476E+02  9.681E+10  1.591E-02  3.558E+00
     109      1     26      1     21      1      52     2.7114E+02  4.561E+09  1.000E-30  4.296E-01
     112      1     26      1     25      1      52     1.3194E+00  4.727E+02  1.526E-03  1.601E+00
     114      1     27      1     15      1      52     7.2446E+02  5.562E+11  3.654E-03  3.403E+00
     117      1     27      1     20      1      52     2.7295E+02  1.361E+11  3.703E-02  1.613E+00
     119      1     27      1     22      1      52     2.7075E+02  1.347E+09  1.000E-30  2.376E-01
     121      1     27      1     26      1      52     6.0740E-01  2.056E+01  1.212E-03  6.421E-01
     123      1     28      1     16      1      52     7.2273E+02  5.140E+11  4.504E-03  2.000E+00
     125      1     28      1     21      1      52     2.7238E+02  1.856E+11  7.296E-02  9.156E-01
     128      1     28      1     27      1      52     6.3240E-01  1.447E+01  1.151E-03  3.276E-01
     129      1     29      1     13      1      52     9.1039E+02  1.734E+11  1.000E-30  2.751E+01
     131      1     29      1     18      1      52     4.5053E+02  6.639E+10  1.000E-30  1.588E+01
     134      1     29      1     24      1      52     1.7396E+02  2.114E+10  1.000E-30  1.003E+01
     136      1     30      1     12      1      52     9.3797E+02  1.323E+11  1.422E-03  6.688E+00
     137      1     30      1     14      1      52     9.0065E+02  5.144E+10  1.000E-30  4.427E+00
     138      1     30      1     17      1      52     4.6848E+02  4.033E+10  3.505E-03  6.656E+00
     140      1     30      1     19      1      52     4.4698E+02  2.352E+10  1.000E-30  3.478E+00
     142      1     30      1     23      1      52     1.8704E+02  1.004E+10  1.399E-02  6.636E+00
     144      1     30      1     25      1      52     1.7354E+02  8.547E+09  1.000E-30  4.270E+00
     146      1     30      1     29      1      52     5.1810E+00  1.555E+05  1.798E-02  3.782E+00
     147      1     31      1     13      1      52     9.1941E+02  2.482E+11  2.452E-04  2.572E+01
     148      1     31      1     15      1      52     8.9991E+02  1.553E+10  1.000E-30  2.451E+00
     150      1     31      1     18      1      52     4.5956E+02  7.401E+10  1.065E-03  1.415E+01
     152      1     31      1     20      1      52     4.4840E+02  9.541E+09  1.000E-30  9.050E-01
     155      1     31      1     24      1      52     1.8298E+02  1.794E+10  7.095E-03  8.237E+00
     157      1     31      1     26      1      52     1.7606E+02  4.371E+09  1.000E-30  8.495E-01
     160      1     31      1     30      1      52     3.8407E+00  5.575E+04  3.954E-03  4.935E+00
     161      1     32      1     14      1      52     9.0519E+02  3.522E+11  7.362E-04  7.650E+00
     162      1     32      1     16      1      52     8.9825E+02  3.316E+09  1.000E-30  1.639E+00
     164      1     32      1     19      1      52     4.5152E+02  1.090E+11  3.495E-03  4.030E+00
     166      1     32      1     21      1      52     4.4790E+02  3.555E+09  1.000E-30  5.915E-01
     169      1     32      1     25      1      52     1.7808E+02  2.603E+10  2.583E-02  2.195E+00
     171      1     32      1     27      1      52     1.7615E+02  2.244E+09  1.000E-30  3.053E-01
     174      1     32      1     31      1      52     7.0280E-01  8.268E+01  2.596E-03  1.091E+00
     175      1     33      1     15      1      52     9.0089E+02  3.963E+11  1.237E-03  3.714E+00
     177      1     33      1     20      1      52     4.4938E+02  1.418E+11  6.994E-03  1.911E+00
     179      1     33      1     22      1      52     4.4717E+02  8.716E+08  1.000E-30  4.462E-01
     181      1     33      1     26      1      52     1.7704E+02  3.509E+10  5.864E-02  9.903E-01
     183      1     33      1     28      1      52     1.7580E+02  9.994E+08  1.000E-30  1.593E-01
     185      1     33      1     32      1      52     2.7490E-01  2.427E+00  2.231E-03  4.438E-01
     186      1     34      1     16      1      52     8.9895E+02  2.927E+11  1.204E-03  2.208E+00
     188      1     34      1     21      1      52     4.4860E+02  1.603E+11  1.058E-02  1.123E+00
     191      1     34      1     27      1      52     1.7685E+02  4.495E+10  1.109E-01  5.577E-01
     194      1     34      1     33      1      52     4.2420E-01  6.218E+00  2.332E-03  2.309E-01
     195      1     35      1     13      1      52     1.0346E+03  1.337E+11  1.000E-30  2.753E+01
     196      1     35      1     18      1      52     5.7478E+02  5.637E+10  1.000E-30  1.590E+01
     198      1     35      1     24      1      52     2.9820E+02  2.368E+10  1.000E-30  9.983E+00
     201      1     35      1     30      1      52     1.1906E+02  8.084E+09  1.000E-30  6.706E+00
     203      1     36      1     12      1      52     1.0606E+03  1.057E+11  1.107E-03  4.750E+00
     204      1     36      1     14      1      52     1.0233E+03  3.861E+10  1.000E-30  5.167E+00
     205      1     36      1     17      1      52     5.9109E+02  3.639E+10  2.219E-03  4.717E+00
     206      1     36      1     19      1      52     5.6958E+02  1.921E+10  1.000E-30  2.571E+00
     207      1     36      1     23      1      52     3.0964E+02  1.265E+10  5.428E-03  4.691E+00
     209      1     36      1     25      1      52     2.9614E+02  9.143E+09  1.000E-30  2.556E+00
     211      1     36      1     29      1      52     1.2779E+02  3.432E+09  2.156E-02  4.663E+00
     213      1     36      1     31      1      52     1.1877E+02  3.436E+09  1.000E-30  3.073E+00
     215      1     36      1     35      1      52     3.5433E+00  5.409E+04  2.877E-02  2.610E+00
     216      1     37      1     13      1      52     1.0410E+03  1.970E+11  1.314E-04  2.625E+01
     217      1     37      1     15      1      52     1.0215E+03  1.115E+10  1.000E-30  2.986E+00
     218      1     37      1     18      1      52     5.8110E+02  6.628E+10  4.545E-04  1.468E+01
     219      1     37      1     20      1      52     5.6995E+02  7.350E+09  1.000E-30  1.247E+00
     221      1     37      1     24      1      52     3.0452E+02  2.250E+10  1.799E-03  8.766E+00
     223      1     37      1     26      1      52     2.9760E+02  4.265E+09  1.000E-30  5.647E-01
     226      1     37      1     30      1      52     1.2539E+02  6.010E+09  1.115E-02  5.489E+00
     228      1     37      1     32      1      52     1.2084E+02  1.917E+09  1.000E-30  6.396E-01
     231      1     37      1     36      1      52     2.7803E+00  2.475E+04  6.586E-03  3.488E+00
     232      1     38      1     14      1      52     1.0264E+03  2.697E+11  3.732E-04  7.922E+00
     233      1     38      1     16      1      52     1.0194E+03  2.231E+09  1.000E-30  1.936E+00
     234      1     38      1     19      1      52     5.7269E+02  9.481E+10  1.385E-03  4.327E+00
     235      1     38      1     21      1      52     5.6908E+02  2.522E+09  1.000E-30  8.579E-01
     237      1     38      1     25      1      52     2.9925E+02  3.251E+10  5.836E-03  2.486E+00
     239      1     38      1     27      1      52     2.9733E+02  1.973E+09  1.000E-30  3.359E-01
     242      1     38      1     31      1      52     1.2188E+02  8.312E+09  3.946E-02  1.458E+00
     244      1     38      1     33      1      52     1.2090E+02  1.100E+09  1.000E-30  2.417E-01
     247      1     38      1     37      1      52     3.3030E-01  9.976E+00  4.171E-03  7.896E-01
     248      1     39      1     15      1      52     1.0219E+03  2.835E+11  5.770E-04  3.901E+00
     249      1     39      1     20      1      52     5.7035E+02  1.159E+11  2.527E-03  2.099E+00
     250      1     39      1     22      1      52     5.6815E+02  5.536E+08  1.000E-30  6.275E-01
     252      1     39      1     26      1      52     2.9801E+02  4.241E+10  1.178E-02  1.172E+00
     254      1     39      1     28      1      52     2.9677E+02  7.624E+08  1.000E-30  2.586E-01
     256      1     39      1     32      1      52     1.2125E+02  1.069E+10  8.606E-02  6.616E-01
     258      1     39      1     34      1      52     1.2055E+02  5.875E+08  1.000E-30  1.270E-01
     260      1     39      1     38      1      52     7.3900E-02  5.640E-02  4.455E-03  2.668E-01
     261      1     40      1     16      1      52     1.0198E+03  1.847E+11  4.895E-04  2.344E+00
     262      1     40      1     21      1      52     5.6945E+02  1.160E+11  3.313E-03  1.253E+00
     264      1     40      1     27      1      52     2.9770E+02  5.066E+10  1.889E-02  6.879E-01
     267      1     40      1     33      1      52     1.2127E+02  1.326E+10  1.575E-01  3.771E-01
     270      1     40      1     39      1      52     2.9800E-01  2.745E+00  3.784E-03  1.805E-01
     271      1     41      1     13      1      52     1.1233E+03  1.032E+11  1.000E-30  2.754E+01
     272      1     41      1     18      1      52     6.6340E+02  4.574E+10  1.000E-30  1.591E+01
     273      1     41      1     24      1      52     3.8682E+02  2.108E+10  1.000E-30  9.999E+00
     275      1     41      1     30      1      52     2.0768E+02  9.475E+09  1.000E-30  6.723E+00
     278      1     41      1     36      1      52     8.5076E+01  3.410E+09  1.000E-30  4.740E+00
     280      1     42      1     12      1      52     1.1482E+03  8.341E+10  9.332E-04  3.504E+00
     281      1     42      1     14      1      52     1.1108E+03  2.926E+10  1.000E-30  5.958E+00
     282      1     42      1     17      1      52     6.7867E+02  3.062E+10  1.676E-03  3.471E+00
     283      1     42      1     19      1      52     6.5716E+02  1.518E+10  1.000E-30  2.709E+00
     284      1     42      1     23      1      52     3.9722E+02  1.203E+10  3.309E-03  3.451E+00
     285      1     42      1     25      1      52     3.8372E+02  7.909E+09  1.000E-30  1.772E+00
     286      1     42      1     29      1      52     2.1536E+02  4.597E+09  8.034E-03  3.436E+00
     288      1     42      1     31      1      52     2.0634E+02  3.896E+09  1.000E-30  1.955E+00
     290      1     42      1     35      1      52     9.1119E+01  1.325E+09  3.175E-02  3.421E+00
     292      1     42      1     37      1      52     8.4795E+01  1.513E+09  1.000E-30  2.299E+00
     294      1     42      1     41      1      52     2.4992E+00  2.035E+04  4.218E-02  1.944E+00
     295      1     43      1     13      1      52     1.1279E+03  1.546E+11  7.988E-05  2.665E+01
     296      1     43      1     15      1      52     1.1084E+03  8.195E+09  1.000E-30  3.355E+00
     297      1     43      1     18      1      52     6.6800E+02  5.547E+10  2.448E-04  1.502E+01
     298      1     43      1     20      1      52     6.5684E+02  5.576E+09  1.000E-30  1.571E+00
     299      1     43      1     24      1      52     3.9142E+02  2.129E+10  7.710E-04  9.102E+00
     300      1     43      1     26      1      52     3.8450E+02  3.501E+09  1.000E-30  7.082E-01
     302      1     43      1     30      1      52     2.1228E+02  7.949E+09  2.832E-03  5.813E+00
     304      1     43      1     32      1      52     2.0774E+02  2.004E+09  1.000E-30  4.141E-01
     307      1     43      1     36      1      52     8.9678E+01  2.287E+09  1.670E-02  3.843E+00
     309      1     43      1     38      1      52     8.6568E+01  8.987E+08  1.000E-30  5.070E-01
     312      1     43      1     42      1      52     2.1031E+00  1.234E+04  1.035E-02  2.572E+00
     313      1     44      1     15      1      52     1.1084E+03  2.087E+11  3.219E-04  4.032E+00
     314      1     44      1     20      1      52     6.5688E+02  9.082E+10  1.222E-03  2.223E+00
     315      1     44      1     22      1      52     6.5468E+02  3.707E+08  1.000E-30  7.523E-01
     316      1     44      1     26      1      52     3.8454E+02  3.808E+10  4.375E-03  1.302E+00
     317      1     44      1     28      1      52     3.8330E+02  5.374E+08  1.000E-30  3.763E-01
     319      1     44      1     32      1      52     2.0778E+02  1.453E+10  1.787E-02  7.870E-01
     321      1     44      1     34      1      52     2.0708E+02  5.063E+08  1.000E-30  1.749E-01
     323      1     44      1     38      1      52     8.6605E+01  3.750E+09  1.182E-01  4.788E-01
     325      1     44      1     40      1      52     8.6233E+01  3.298E+08  1.000E-30  1.175E-01
     327      1     45      1     14      1      52     1.1130E+03  2.072E+11  2.191E-04  8.130E+00
     328      1     45      1     16      1      52     1.1061E+03  1.563E+09  1.000E-30  2.138E+00
     329      1     45      1     19      1      52     6.5935E+02  7.776E+10  7.116E-04  4.522E+00
     330      1     45      1     21      1      52     6.5574E+02  1.824E+09  1.000E-30  1.053E+00
     331      1     45      1     25      1      52     3.8591E+02  3.031E+10  2.338E-03  2.681E+00
     332      1     45      1     27      1      52     3.8399E+02  1.513E+09  1.000E-30  4.970E-01
     334      1     45      1     31      1      52     2.0854E+02  1.122E+10  9.023E-03  1.647E+00
     336      1     45      1     33      1      52     2.0756E+02  1.061E+09  1.000E-30  2.266E-01
     339      1     45      1     37      1      52     8.6990E+01  3.019E+09  5.673E-02  1.036E+00
     341      1     45      1     39      1      52     8.6586E+01  5.566E+08  1.000E-30  2.075E-01
     344      1     45      1     43      1      52     9.2200E-02  2.444E-01  9.094E-03  4.119E-01
     345      1     45      1     44      1      52     5.4600E-02  3.428E-02  1.000E-30  1.447E-01
     346      1     46      1     16      1      52     1.1062E+03  1.243E+11  2.484E-04  2.436E+00
     347      1     46      1     21      1      52     6.5590E+02  8.377E+10  1.457E-03  1.345E+00
     348      1     46      1     27      1      52     3.8415E+02  4.242E+10  6.362E-03  7.816E-01
     350      1     46      1     33      1      52     2.0772E+02  1.767E+10  2.894E-02  4.657E-01
     353      1     46      1     39      1      52     8.6749E+01  4.507E+09  2.075E-01  2.812E-01
     355      1     46      1     44      1      52     2.1720E-01  1.273E+00  5.108E-03  1.588E-01
     357      1     48      1     47      1      52     3.1750E+02  3.815E+09  2.112E-04  1.840E+02
     358      1     49      1     48      1      52     3.6284E+02  2.069E+10  1.161E-05  2.762E+02
     359      1     51      1     50      1      52     7.7750E-01  5.425E+01  9.882E-05  1.384E+02
     360      1     52      1     51      1      52     6.6689E+02  3.211E+11  1.000E-30  4.204E+02
     361      1     54      1     53      1      52     3.0082E+01  1.923E+07  1.000E-30  1.845E+02
     362      1     55      1     53      1      52     1.0120E+02  3.965E+08  2.807E-04  8.075E+01
     363      1     56      1     54      1      52     1.0442E+02  4.450E+08  3.115E-04  7.434E+01
     364      1     56      1     55      1      52     3.3297E+01  2.590E+07  1.000E-30  1.922E+02
     365      1     57      1     55      1      52     9.2670E+01  2.216E+08  4.960E-05  1.109E+02
     367      1     58      1     56      1      52     9.3608E+01  2.296E+08  5.197E-05  1.064E+02
     368      1     58      1     57      1      52     3.4235E+01  2.811E+07  1.000E-30  1.948E+02
     369      1     61      1     60      1      53     7.7081E+01  1.539E+07  7.510E-11  5.738E-03
     370      1     62      1     60      1      53     8.3045E+01  2.315E+07  1.000E-30  6.176E-03
     373      1     63      1     61      1      53     8.0094E+00  4.012E+01  1.000E-30  6.603E-04
     375      1     64      1     60      1      53     4.6515E+02  2.331E+10  1.624E-01  3.447E-02
     378      1     65      1     60      1      53     5.0090E+02  1.087E+10  2.992E-11  3.707E-02
     380      1     65      1     63      1      53     4.1581E+02  9.040E+09  3.522E-01  3.083E-02
     381      1     67      1     66      1      53     9.2071E+01  2.661E+08  3.526E-04  5.729E+01
     383      1     68      1     67      1      53     2.1266E+02  3.487E+09  6.721E-05  3.995E+01
     385      1     69      1     67      1      53     2.3259E+02  2.687E+09  1.000E-30  2.161E+01
     386      1     71      1     70      1      53     1.8245E+01  1.765E+06  1.345E-03  1.282E+01
     388      1     72      1     71      1      53     7.1086E+01  3.154E+08  5.077E-04  3.416E+01
     390      1     73      1     72      1      53     1.1156E+02  1.211E+09  1.028E-03  1.007E+01
     392      1     74      1     71      1      53     8.8734E+02  1.272E+12  1.000E-30  4.807E+01
     393      1     75      1     70      1      53     9.0769E+02  9.078E+11  2.435E-03  2.961E+01
     395      1     75      1     72      1      53     8.1835E+02  2.658E+11  1.000E-30  1.673E+01
     396      1     75      1     74      1      53     2.1014E+00  3.711E+03  5.023E-03  4.742E+00
     398      1     76      1     71      1      53     9.4411E+02  2.449E+12  1.421E-03  4.051E+01
     400      1     76      1     73      1      53     7.6146E+02  4.698E+10  1.000E-30  3.162E+00
     402      1     76      1     75      1      53     5.4666E+01  2.930E+08  1.563E-03  2.270E+01
     404      1     77      1     72      1      53     9.7713E+02  5.388E+12  4.959E-03  1.387E+01
     407      1     77      1     76      1      53     1.0411E+02  3.239E+09  6.612E-03  5.197E+00
     409      1     78      1     73      1      53     1.0763E+03  1.319E+13  1.430E-02  6.397E+00
     411      1     78      1     77      1      53     2.1071E+02  2.349E+10  1.019E-02  2.118E+00
     412      1     79      1     70      1      53     1.3871E+03  8.794E+11  1.090E-03  1.792E+01
     414      1     79      1     72      1      53     1.2978E+03  2.199E+11  1.000E-30  9.331E+00
     415      1     79      1     74      1      53     4.8154E+02  1.464E+11  4.581E-03  1.703E+01
     417      1     79      1     76      1      53     4.2478E+02  5.980E+10  1.000E-30  1.024E+01
     420      1     80      1     71      1      53     1.3753E+03  1.038E+12  1.000E-30  4.804E+01
     422      1     80      1     75      1      53     4.8588E+02  2.947E+11  1.000E-30  2.965E+01
     424      1     80      1     79      1      53     6.4349E+00  3.802E+05  1.000E-30  1.648E+01
     426      1     81      1     71      1      53     1.4208E+03  2.089E+12  3.293E-04  4.369E+01
     428      1     81      1     73      1      53     1.2382E+03  3.779E+10  1.000E-30  4.332E+00
     430      1     81      1     75      1      53     5.3137E+02  4.556E+11  2.382E-03  2.524E+01
     432      1     81      1     77      1      53     3.7259E+02  1.271E+10  1.000E-30  1.911E+00
     434      1     81      1     79      1      53     5.1923E+01  5.195E+08  5.672E-03  1.303E+01
     438      1     82      1     76      1      53     5.7966E+02  1.140E+12  1.027E-02  6.856E+00
     440      1     82      1     78      1      53     2.6484E+02  9.116E+08  1.000E-30  7.530E-01
     442      1     82      1     81      1      53     1.0296E+02  7.295E+09  2.738E-02  3.009E+00
     443      1     83      1     74      1      53     7.7070E+02  1.659E+11  1.951E-03  1.103E+01
     445      1     83      1     76      1      53     7.1393E+02  6.153E+10  1.000E-30  5.473E+00
     447      1     83      1     80      1      53     2.8272E+02  3.152E+10  7.832E-03  1.067E+01
     448      1     83      1     81      1      53     2.3723E+02  1.393E+10  1.000E-30  6.701E+00
     451      1     84      1     75      1      53     7.7945E+02  2.670E+11  1.000E-30  2.961E+01
     452      1     84      1     79      1      53     3.0001E+02  9.161E+10  1.000E-30  1.708E+01
     455      1     84      1     83      1      53     1.0851E+01  2.671E+06  1.000E-30  1.123E+01
     457      1     85      1     75      1      53     8.2063E+02  4.327E+11  5.774E-04  2.680E+01
     459      1     85      1     77      1      53     6.6185E+02  1.488E+10  1.000E-30  1.860E+00
     460      1     85      1     79      1      53     3.4119E+02  1.322E+11  4.607E-03  1.433E+01
     463      1     85      1     82      1      53     1.8630E+02  2.311E+09  1.000E-30  1.276E+00
     464      1     85      1     83      1      53     5.2031E+01  9.870E+08  1.739E-02  8.160E+00
     467      1     86      1     77      1      53     6.7729E+02  3.257E+12  2.947E-02  3.141E+00
     470      1     86      1     82      1      53     2.0174E+02  5.779E+10  5.235E-02  1.225E+00
     473      1     87      1     78      1      53     5.1236E+02  1.571E+12  4.576E-02  1.793E+00
     475      1     87      1     86      1      53     4.5782E+01  1.266E+08  1.424E-02  6.229E-01
     477      1     88      1     76      1      53     8.6948E+02  8.689E+11  2.019E-03  7.777E+00
     479      1     88      1     78      1      53     5.5466E+02  1.740E+09  1.000E-30  1.277E+00
     481      1     88      1     81      1      53     3.9278E+02  3.847E+11  2.003E-02  3.866E+00
     484      1     88      1     85      1      53     1.0351E+02  1.395E+10  8.785E-02  1.908E+00
     485      1     88      1     86      1      53     8.8076E+01  7.239E+07  1.000E-30  4.575E-01
     487      1     89      1     74      1      53     9.5869E+02  1.427E+11  1.235E-03  7.779E+00
     488      1     89      1     76      1      53     9.0192E+02  4.921E+10  1.000E-30  4.812E+00
     490      1     89      1     80      1      53     4.7071E+02  4.092E+10  3.197E-03  7.296E+00
     491      1     89      1     81      1      53     4.2522E+02  1.833E+10  1.000E-30  3.759E+00
     494      1     89      1     84      1      53     1.7714E+02  8.156E+09  1.239E-02  7.147E+00
     495      1     89      1     85      1      53     1.3596E+02  3.065E+09  1.000E-30  4.595E+00
     497      1     90      1     75      1      53     9.7022E+02  2.094E+11  1.000E-30  2.963E+01
     498      1     90      1     79      1      53     4.9078E+02  8.729E+10  1.000E-30  1.710E+01
     501      1     90      1     83      1      53     2.0163E+02  3.538E+10  1.000E-30  1.074E+01
     504      1     90      1     89      1      53     1.3639E+01  4.563E+06  1.000E-30  3.872E+00
     505      1     91      1     75      1      53     1.0099E+03  3.494E+11  2.418E-04  2.771E+01
     506      1     91      1     77      1      53     8.5110E+02  1.199E+10  1.000E-30  2.641E+00
     507      1     91      1     79      1      53     5.3043E+02  1.272E+11  1.105E-03  1.525E+01
     510      1     91      1     82      1      53     3.7555E+02  4.526E+09  1.000E-30  9.615E-01
     511      1     91      1     83      1      53     2.4127E+02  5.268E+10  8.444E-03  8.883E+00
     515      1     91      1     88      1      53     8.5729E+01  2.369E+08  1.000E-30  9.177E-01
     516      1     91      1     89      1      53     5.3287E+01  1.831E+09  4.705E-02  5.426E+00
     518      1     92      1     74      1      53     1.0879E+03  1.155E+11  8.831E-04  6.027E+00
     519      1     92      1     76      1      53     1.0312E+03  3.784E+10  1.000E-30  5.604E+00
     520      1     92      1     80      1      53     5.9995E+02  3.823E+10  1.979E-03  5.313E+00
     521      1     92      1     81      1      53     5.5446E+02  1.642E+10  1.000E-30  2.795E+00
     523      1     92      1     84      1      53     3.0638E+02  1.206E+10  4.896E-03  5.100E+00
     524      1     92      1     85      1      53     2.6520E+02  5.583E+09  1.000E-30  2.759E+00
     527      1     92      1     90      1      53     1.1560E+02  2.327E+09  1.828E-02  5.014E+00
     528      1     92      1     91      1      53     7.5952E+01  5.465E+08  1.000E-30  3.300E+00
     529      1     93      1     75      1      53     1.1014E+03  1.610E+11  1.000E-30  2.965E+01
     530      1     93      1     79      1      53     6.2192E+02  7.261E+10  1.000E-30  1.712E+01
     531      1     93      1     83      1      53     3.3276E+02  3.429E+10  1.000E-30  1.075E+01
     534      1     93      1     89      1      53     1.4478E+02  1.628E+10  1.000E-30  7.220E+00
     537      1     93      1     92      1      53     1.5538E+01  1.909E+07  1.000E-30  5.256E+00
     538      1     94      1     76      1      53     1.0597E+03  6.364E+11  7.635E-04  8.308E+00
     539      1     94      1     78      1      53     7.4491E+02  1.516E+09  1.000E-30  1.776E+00
     541      1     94      1     81      1      53     5.8303E+02  2.908E+11  3.995E-03  4.371E+00
     544      1     94      1     85      1      53     2.9377E+02  1.828E+11  3.776E-02  2.387E+00
     545      1     94      1     86      1      53     2.7833E+02  5.118E+08  1.000E-30  6.288E-01
     549      1     94      1     91      1      53     1.0453E+02  2.224E+10  2.345E-01  1.295E+00
     552      1     95      1     77      1      53     9.6122E+02  1.659E+12  4.283E-03  3.709E+00
     555      1     95      1     82      1      53     4.8567E+02  1.279E+12  5.820E-02  1.760E+00
     558      1     95      1     87      1      53     2.3815E+02  7.784E+08  1.000E-30  2.664E-01
     559      1     95      1     88      1      53     1.9586E+02  9.825E+10  1.725E-01  7.939E-01
     561      1     95      1     94      1      53     5.5996E+00  1.835E+04  2.672E-03  3.323E-01
     562      1     96      1     75      1      53     1.1409E+03  2.741E+11  1.288E-04  2.831E+01
     563      1     96      1     77      1      53     9.8211E+02  9.198E+09  1.000E-30  3.221E+00
     564      1     96      1     79      1      53     6.6145E+02  1.076E+11  4.654E-04  1.578E+01
     565      1     96      1     82      1      53     5.0657E+02  4.434E+09  1.000E-30  1.330E+00
     566      1     96      1     83      1      53     3.7229E+02  4.856E+10  1.979E-03  9.411E+00
     569      1     96      1     88      1      53     2.1675E+02  1.157E+09  1.000E-30  6.051E-01
     570      1     96      1     89      1      53     1.8430E+02  2.718E+10  1.483E-02  5.910E+00
     573      1     96      1     92      1      53     5.5065E+01  3.162E+09  1.138E-01  3.812E+00
     575      1     96      1     94      1      53     2.6491E+01  4.155E+06  1.000E-30  6.932E-01
     578      1     97      1     78      1      53     7.9354E+02  7.177E+11  4.352E-03  2.184E+00
     580      1     97      1     86      1      53     3.2696E+02  3.684E+11  7.773E-02  9.921E-01
     584      1     97      1     95      1      53     4.3029E+01  2.749E+08  6.055E-02  4.064E-01
     585      1     98      1     74      1      53     1.1808E+03  9.211E+10  6.539E-04  5.075E+00
     586      1     98      1     76      1      53     1.1240E+03  2.913E+10  1.000E-30  6.459E+00
     587      1     98      1     80      1      53     6.9278E+02  3.286E+10  1.422E-03  4.125E+00
     588      1     98      1     81      1      53     6.4729E+02  1.361E+10  1.000E-30  2.939E+00
     589      1     98      1     84      1      53     3.9921E+02  1.215E+10  2.971E-03  3.822E+00
     590      1     98      1     85      1      53     3.5803E+02  5.699E+09  1.000E-30  1.917E+00
     592      1     98      1     90      1      53     2.0843E+02  3.999E+09  7.106E-03  3.723E+00
     593      1     98      1     91      1      53     1.6878E+02  1.659E+09  1.000E-30  2.106E+00
     595      1     98      1     93      1      53     7.7294E+01  6.976E+08  2.531E-02  3.668E+00
     597      1     98      1     96      1      53     3.7767E+01  5.637E+07  1.000E-30  2.461E+00
     598      1     99      1     75      1      53     1.1956E+03  1.245E+11  1.000E-30  2.966E+01
     599      1     99      1     79      1      53     7.1611E+02  5.827E+10  1.000E-30  1.713E+01
     600      1     99      1     83      1      53     4.2696E+02  2.932E+10  1.000E-30  1.077E+01
     601      1     99      1     89      1      53     2.3897E+02  1.552E+10  1.000E-30  7.236E+00
     604      1     99      1     92      1      53     1.0973E+02  8.701E+09  1.000E-30  5.080E+00
     607      1     99      1     98      1      53     1.6897E+01  5.055E+07  1.000E-30  3.910E+00
     608      1    100      1     75      1      53     1.2357E+03  2.146E+11  7.827E-05  2.871E+01
     609      1    100      1     77      1      53     1.0769E+03  7.052E+09  1.000E-30  3.615E+00
     610      1    100      1     79      1      53     7.5626E+02  8.805E+10  2.486E-04  1.618E+01
     611      1    100      1     82      1      53     6.0138E+02  3.798E+09  1.000E-30  1.680E+00
     612      1    100      1     83      1      53     4.6710E+02  4.181E+10  8.267E-04  9.812E+00
     613      1    100      1     88      1      53     3.1156E+02  1.454E+09  1.000E-30  7.580E-01
     614      1    100      1     89      1      53     2.7912E+02  2.303E+10  3.354E-03  6.259E+00
     617      1    100      1     92      1      53     1.4988E+02  1.717E+10  2.527E-02  4.136E+00
     619      1    100      1     94      1      53     1.2130E+02  2.244E+08  1.000E-30  4.418E-01
     621      1    100      1     98      1      53     5.7044E+01  4.913E+09  2.491E-01  2.799E+00
     623      1    101      1     76      1      53     1.1918E+03  4.716E+11  3.848E-04  8.580E+00
     624      1    101      1     78      1      53     8.7698E+02  1.183E+09  1.000E-30  2.100E+00
     625      1    101      1     81      1      53     7.1510E+02  2.212E+11  1.532E-03  4.689E+00
     627      1    101      1     85      1      53     4.2583E+02  1.275E+11  7.334E-03  2.698E+00
     628      1    101      1     86      1      53     4.1039E+02  6.599E+08  1.000E-30  9.141E-01
     631      1    101      1     91      1      53     2.3659E+02  1.091E+11  6.748E-02  1.587E+00
     634      1    101      1     95      1      53     1.2646E+02  7.828E+07  1.000E-30  3.617E-01
     635      1    101      1     96      1      53     1.0557E+02  3.014E+10  5.429E-01  9.362E-01
     638      1    101      1    100      1      53     1.0760E+01  1.712E+05  3.008E-03  5.395E-01
     639      1    102      1     77      1      53     1.1469E+03  1.004E+12  1.397E-03  4.040E+00
     641      1    102      1     82      1      53     6.7131E+02  6.757E+11  9.196E-03  2.085E+00
     644      1    102      1     87      1      53     4.2378E+02  6.784E+08  1.000E-30  4.886E-01
     645      1    102      1     88      1      53     3.8149E+02  6.629E+11  1.057E-01  1.099E+00
     647      1    102      1     94      1      53     1.9123E+02  1.311E+11  4.473E-01  5.544E-01
     650      1    102      1     97      1      53     1.4260E+02  4.156E+08  1.000E-30  1.820E-01
     652      1    102      1    101      1      53     5.9168E+01  2.629E+07  3.963E-03  2.718E-01
     653      1    103      1     76      1      53     1.2875E+03  3.575E+11  2.242E-04  8.854E+00
     654      1    103      1     78      1      53     9.7272E+02  9.073E+08  1.000E-30  2.315E+00
     655      1    103      1     81      1      53     8.1083E+02  1.712E+11  7.768E-04  4.904E+00
     656      1    103      1     85      1      53     5.2157E+02  9.749E+10  2.810E-03  2.907E+00
     657      1    103      1     86      1      53     5.0613E+02  6.238E+08  1.000E-30  1.123E+00
     659      1    103      1     91      1      53     3.3233E+02  6.935E+10  1.271E-02  1.796E+00
     662      1    103      1     95      1      53     2.2220E+02  1.701E+08  1.000E-30  5.355E-01
     663      1    103      1     96      1      53     2.0131E+02  7.753E+10  1.163E-01  1.126E+00
     665      1    103      1    100      1      53     1.0650E+02  3.443E+10  1.122E+00  7.120E-01
     667      1    103      1    102      1      53     3.6571E+01  2.458E+06  1.000E-30  2.447E-01
     668      1    104      1     78      1      53     9.7661E+02  3.925E+11  1.153E-03  2.411E+00
     670      1    104      1     86      1      53     5.1003E+02  2.577E+11  1.072E-02  1.212E+00
     674      1    104      1     95      1      53     2.2610E+02  1.141E+11  1.232E-01  6.177E-01
     677      1    104      1    102      1      53     4.0464E+01  4.020E+08  1.702E-01  2.897E-01
     679      1    105      1     77      1      53     1.2750E+03  6.618E+11  6.379E-04  4.242E+00
     680      1    105      1     82      1      53     7.9944E+02  4.316E+11  3.138E-03  2.287E+00
     682      1    105      1     87      1      53     5.5191E+02  4.767E+08  1.000E-30  6.841E-01
     683      1    105      1     88      1      53     5.0962E+02  3.456E+11  1.752E-02  1.295E+00
     685      1    105      1     94      1      53     3.1936E+02  4.083E+11  1.780E-01  7.403E-01
     688      1    105      1     97      1      53     2.7073E+02  5.103E+08  1.000E-30  2.878E-01
     690      1    105      1    101      1      53     1.8730E+02  1.446E+11  9.785E-01  4.193E-01
     692      1    105      1    103      1      53     9.1560E+01  4.246E+07  1.973E-03  2.356E-01
     693      1    105      1    104      1      53     8.7667E+01  1.582E+08  1.000E-30  1.474E-01
     694      1    106      1     78      1      53     1.1024E+03  2.425E+11  4.671E-04  2.553E+00
     695      1    106      1     86      1      53     6.3583E+02  1.735E+11  3.293E-03  1.355E+00
     698      1    106      1     95      1      53     3.5190E+02  9.514E+10  1.947E-02  7.592E-01
     701      1    106      1    102      1      53     1.6626E+02  4.371E+10  1.846E-01  4.216E-01
     704      1    106      1    105      1      53     3.8133E+01  4.799E+08  3.700E-01  2.273E-01
     705      1    107      1     77      1      53     1.3672E+03  4.629E+11  3.501E-04  4.381E+00
     706      1    107      1     82      1      53     8.9170E+02  2.967E+11  1.463E-03  2.426E+00
     707      1    107      1     87      1      53     6.4417E+02  3.369E+08  1.000E-30  8.220E-01
     708      1    107      1     88      1      53     6.0188E+02  2.195E+11  5.997E-03  1.434E+00
     710      1    107      1     94      1      53     4.1162E+02  2.100E+11  3.021E-02  8.795E-01
     712      1    107      1     97      1      53     3.6299E+02  4.166E+08  1.000E-30  4.161E-01
     714      1    107      1    101      1      53     2.7956E+02  2.885E+11  2.804E-01  5.470E-01
     716      1    107      1    103      1      53     1.8382E+02  1.477E+11  1.820E+00  3.453E-01
     717      1    107      1    104      1      53     1.7993E+02  2.782E+08  1.000E-30  1.994E-01
     719      1    107      1    106      1      53     5.4126E+01  4.948E+07  1.000E-30  1.379E-01
     720      1    108      1     78      1      53     1.1926E+03  1.616E+11  2.373E-04  2.644E+00
     721      1    108      1     86      1      53     7.2599E+02  1.211E+11  1.438E-03  1.452E+00
     723      1    108      1     95      1      53     4.4206E+02  7.103E+10  6.422E-03  8.506E-01
     725      1    108      1    102      1      53     2.5642E+02  3.941E+10  3.099E-02  5.155E-01
     728      1    108      1    105      1      53     1.2829E+02  1.965E+10  2.592E-01  3.174E-01
     730      1    108      1    107      1      53     3.6034E+01  5.216E+08  6.506E-01  1.989E-01
     731      1    110      1    109      1      53     1.0325E+02  7.227E+08  1.000E-30  3.596E+02
     732      1    111      1    109      1      53     6.2828E+02  1.831E+11  1.359E-05  4.026E+02
     733      1    114      1    113      1      54     7.1415E+00  2.205E+03  1.000E-30  5.939E-04
     735      1    115      1    114      1      54     4.2027E+02  1.399E+10  2.364E-01  3.111E-02
     736      1    117      1    116      1      54     8.2284E+01  3.946E+07  2.685E+00  6.445E-03
     737      1    118      1    117      1      54     6.5579E+01  5.173E+07  3.659E-05  9.899E+01
     739      1    120      1    119      1      54     2.7707E+01  1.914E+06  5.776E+00  3.327E-03
     740      1    121      1    120      1      54     3.4184E+01  1.630E+07  2.285E-04  3.528E+01
     743      1    122      1    121      1      54     1.1729E+01  1.425E+05  1.042E-04  1.004E+01
     745      1    124      1    119      1      54     9.4819E+02  1.084E+12  2.411E-03  3.133E+01
     746      1    124      1    121      1      54     8.8629E+02  3.463E+11  1.000E-30  1.767E+01
     747      1    123      1    120      1      54     9.0352E+02  1.264E+12  1.000E-30  5.148E+01
     749      1    124      1    123      1      54     1.6956E+01  1.185E+06  1.579E+00  1.455E-02
     750      1    125      1    120      1      54     9.3511E+02  2.293E+12  1.290E-03  4.300E+01
     753      1    125      1    122      1      54     8.8920E+02  8.439E+10  1.000E-30  3.411E+00
     754      1    125      1    124      1      54     1.4632E+01  1.498E+06  4.230E-04  2.233E+01
     757      1    126      1    121      1      54     9.0719E+02  3.860E+12  4.106E-03  1.498E+01
     759      1    126      1    125      1      54     6.2624E+00  4.125E+04  3.847E-04  5.175E+00
     761      1    127      1    122      1      54     9.0472E+02  6.358E+12  1.077E-02  6.856E+00
     763      1    127      1    126      1      54     9.2648E+00  4.943E+04  2.584E-04  2.038E+00
     765      1    129      1    121      1      54     1.3816E+03  2.686E+11  1.000E-30  9.961E+00
     767      1    129      1    123      1      54     5.1224E+02  1.884E+11  4.609E-03  1.810E+01
     768      1    129      1    125      1      54     4.8065E+02  9.305E+10  1.000E-30  1.082E+01
     770      1    128      1    120      1      54     1.4063E+03  1.059E+12  1.000E-30  5.136E+01
     772      1    128      1    124      1      54     4.8585E+02  2.716E+11  1.000E-30  3.177E+01
     775      1    129      1    128      1      54     9.4325E+00  2.322E+05  1.771E+00  1.458E-02
     777      1    130      1    120      1      54     1.4246E+03  1.352E+12  2.555E-03  3.627E+00
     779      1    130      1    122      1      54     1.3787E+03  5.617E+10  1.000E-30  4.663E+00
     780      1    130      1    124      1      54     5.0408E+02  3.592E+11  2.067E-03  2.686E+01
     783      1    130      1    126      1      54     4.8319E+02  3.466E+10  1.000E-30  2.058E+00
     785      1    130      1    129      1      54     8.7978E+00  4.291E+05  9.609E-04  1.297E+01
     788      1    131      1    121      1      54     1.3942E+03  2.964E+12  7.678E-04  1.689E+01
     790      1    131      1    125      1      54     4.9329E+02  5.793E+11  7.820E-03  7.399E+00
     791      1    131      1    127      1      54     4.7777E+02  9.320E+09  1.000E-30  8.068E-01
     793      1    131      1    130      1      54     3.8408E+00  1.413E+04  9.839E-04  3.007E+00
     795      1    132      1    122      1      54     1.3904E+03  3.151E+12  1.235E-03  8.046E+00
     797      1    132      1    126      1      54     4.9497E+02  9.046E+11  1.934E-02  3.359E+00
     799      1    132      1    131      1      54     7.9348E+00  5.743E+04  8.215E-04  1.187E+00
     800      1    133      1    127      1      54     4.8686E+02  1.241E+12  3.930E-02  1.905E+00
     801      1    133      1    132      1      54     1.1594E+00  5.110E+01  3.609E-04  5.984E-01
     802      1    134      1    124      1      54     7.8763E+02  2.592E+11  1.000E-30  3.169E+01
     804      1    134      1    129      1      54     2.9235E+02  7.625E+10  1.000E-30  1.835E+01
     808      1    135      1    123      1      54     8.1021E+02  2.016E+11  1.960E-03  1.148E+01
     809      1    135      1    125      1      54     7.7862E+02  8.309E+10  1.000E-30  1.002E+01
     811      1    135      1    128      1      54     3.0740E+02  4.433E+10  8.039E-03  1.138E+01
     812      1    135      1    130      1      54     2.8917E+02  2.919E+10  1.000E-30  5.785E+00
     814      1    135      1    134      1      54     5.6221E+00  1.293E+05  1.444E-02  3.048E+00
     815      1    136      1    124      1      54     7.9909E+02  3.759E+11  4.594E-04  3.168E+01
     818      1    136      1    126      1      54     7.7820E+02  2.746E+10  1.000E-30  4.982E+00
     819      1    136      1    129      1      54     3.0380E+02  8.113E+10  3.130E-03  1.831E+01
     822      1    136      1    131      1      54     2.9116E+02  1.329E+10  1.000E-30  2.881E+00
     825      1    136      1    135      1      54     5.8334E+00  1.572E+05  1.906E-03  8.220E+00
     827      1    137      1    125      1      54     7.8707E+02  5.622E+11  1.365E-03  1.003E+01
     828      1    137      1    127      1      54     7.7154E+02  6.285E+09  1.000E-30  3.012E+00
     830      1    137      1    130      1      54     2.9761E+02  1.244E+11  9.782E-03  5.801E+00
     831      1    137      1    132      1      54     2.8584E+02  5.243E+09  1.000E-30  1.739E+00
     833      1    137      1    136      1      54     2.6080E+00  5.857E+03  2.076E-03  1.890E+00
     835      1    138      1    126      1      54     7.8806E+02  7.244E+11  2.520E-03  4.985E+00
     837      1    138      1    131      1      54     3.0103E+02  1.917E+11  2.127E-02  2.884E+00
     838      1    138      1    133      1      54     2.9194E+02  1.697E+09  1.000E-30  1.167E+00
     840      1    138      1    137      1      54     7.2571E+00  6.194E+04  1.831E-03  7.510E-01
     841      1    139      1    127      1      54     7.7953E+02  6.441E+11  2.981E-03  3.014E+00
     842      1    139      1    132      1      54     2.9383E+02  2.428E+11  3.822E-02  1.741E+00
     843      1    139      1    138      1      54     7.3047E-01  2.387E+01  1.062E-03  3.799E-01
     844      1    140      1    133      1      54     2.9317E+02  3.244E+11  6.515E-02  1.164E+00
     845      1    140      1    139      1      54     5.0455E-01  2.990E+00  5.638E-04  2.220E-01
     846      1    141      1    124      1      54     9.8280E+02  2.064E+11  1.000E-30  3.167E+01
     847      1    141      1    129      1      54     4.8751E+02  7.949E+10  1.000E-30  1.830E+01
     851      1    141      1    135      1      54     1.8954E+02  2.548E+10  1.000E-30  1.151E+01
     853      1    142      1    123      1      54     1.0032E+03  1.691E+11  1.288E-03  7.718E+00
     854      1    142      1    125      1      54     9.7165E+02  6.311E+10  1.000E-30  1.004E+01
     856      1    142      1    128      1      54     5.0043E+02  5.194E+10  3.207E-03  7.683E+00
     857      1    142      1    130      1      54     4.8220E+02  2.875E+10  1.000E-30  5.811E+00
     859      1    142      1    134      1      54     1.9865E+02  1.296E+10  1.315E-02  7.597E+00
     861      1    142      1    136      1      54     1.8719E+02  1.045E+10  1.000E-30  4.873E+00
     863      1    142      1    141      1      54     3.4847E+00  3.337E+04  2.530E-02  1.916E+00
     864      1    143      1    124      1      54     9.9046E+02  3.127E+11  2.007E-04  3.167E+01
     865      1    143      1    126      1      54     9.6956E+02  1.952E+10  1.000E-30  5.000E+00
     866      1    143      1    129      1      54     4.9517E+02  9.362E+10  8.331E-04  1.830E+01
     869      1    143      1    131      1      54     4.8253E+02  1.192E+10  1.000E-30  2.900E+00
     872      1    143      1    135      1      54     1.9720E+02  2.301E+10  6.327E-03  9.455E+00
     874      1    143      1    137      1      54     1.8876E+02  5.379E+09  1.000E-30  9.911E-01
     877      1    143      1    142      1      54     4.1712E+00  6.821E+04  3.404E-03  5.473E+00
     878      1    144      1    125      1      54     9.7774E+02  4.441E+11  5.608E-04  1.005E+01
     879      1    144      1    127      1      54     9.6221E+02  4.071E+09  1.000E-30  3.030E+00
     881      1    144      1    130      1      54     4.8829E+02  1.382E+11  2.426E-03  5.814E+00
     882      1    144      1    132      1      54     4.7651E+02  4.245E+09  1.000E-30  1.757E+00
     884      1    144      1    136      1      54     1.9328E+02  3.361E+10  2.224E-02  2.561E+00
     885      1    144      1    138      1      54     1.8342E+02  2.454E+09  1.000E-30  3.510E-01
     887      1    144      1    143      1      54     1.9160E+00  2.901E+03  3.848E-03  1.276E+00
     888      1    145      1    126      1      54     9.7835E+02  5.109E+11  9.244E-04  5.002E+00
     890      1    145      1    131      1      54     4.9132E+02  1.886E+11  4.664E-03  2.901E+00
     891      1    145      1    133      1      54     4.8223E+02  1.098E+09  1.000E-30  1.184E+00
     893      1    145      1    137      1      54     1.9755E+02  5.057E+10  5.211E-02  1.146E+00
     894      1    145      1    139      1      54     1.8956E+02  1.253E+09  1.000E-30  1.806E-01
     896      1    145      1    144      1      54     6.8766E+00  6.708E+04  3.410E-03  5.138E-01
     897      1    146      1    127      1      54     9.6958E+02  3.671E+11  8.765E-04  3.029E+00
     898      1    146      1    132      1      54     4.8388E+02  2.023E+11  6.764E-03  1.756E+00
     899      1    146      1    138      1      54     1.9078E+02  5.743E+10  9.597E-02  6.445E-01
     900      1    146      1    140      1      54     1.8955E+02  3.842E+08  1.000E-30  1.206E-01
     901      1    146      1    145      1      54     4.8959E-01  1.020E+01  2.144E-03  2.661E-01
     902      1    147      1    133      1      54     4.8306E+02  1.696E+11  6.940E-03  1.180E+00
     903      1    147      1    139      1      54     1.9039E+02  7.122E+10  1.655E-01  4.124E-01
     904      1    147      1    146      1      54     3.3818E-01  1.698E+00  1.492E-03  1.588E-01
     905      1    148      1    140      1      54     1.9013E+02  8.539E+10  2.691E-01  2.856E-01
     906      1    148      1    147      1      54     2.4746E-01  2.641E-01  7.741E-04  1.027E-01
     907      1    149      1    124      1      54     1.1162E+03  1.592E+11  1.000E-30  3.167E+01
     908      1    149      1    129      1      54     6.2092E+02  6.748E+10  1.000E-30  1.829E+01
     910      1    149      1    135      1      54     3.2295E+02  2.840E+10  1.000E-30  1.152E+01
     913      1    149      1    142      1      54     1.2992E+02  9.739E+09  1.000E-30  7.731E+00
     915      1    150      1    123      1      54     1.1354E+03  1.350E+11  1.003E-03  5.453E+00
     916      1    150      1    125      1      54     1.1038E+03  4.741E+10  1.000E-30  1.006E+01
     917      1    150      1    128      1      54     6.3256E+02  4.670E+10  2.023E-03  5.418E+00
     918      1    150      1    130      1      54     6.1433E+02  2.357E+10  1.000E-30  5.827E+00
     919      1    150      1    134      1      54     3.3078E+02  1.627E+10  4.968E-03  5.389E+00
     921      1    150      1    136      1      54     3.1933E+02  1.119E+10  1.000E-30  2.916E+00
     923      1    150      1    141      1      54     1.3562E+02  4.426E+09  2.020E-02  5.360E+00
     925      1    150      1    143      1      54     1.2796E+02  4.181E+09  1.000E-30  3.508E+00
     927      1    150      1    149      1      54     2.2069E+00  8.808E+03  4.307E-02  1.198E+00
     928      1    151      1    124      1      54     1.1216E+03  2.476E+11  1.095E-04  3.166E+01
     929      1    151      1    126      1      54     1.1007E+03  1.403E+10  1.000E-30  5.016E+00
     930      1    151      1    129      1      54     6.2630E+02  8.376E+10  3.683E-04  1.829E+01
     931      1    151      1    131      1      54     6.1366E+02  9.201E+09  1.000E-30  2.916E+00
     933      1    151      1    135      1      54     3.2833E+02  2.856E+10  1.589E-03  1.005E+01
     935      1    151      1    137      1      54     3.1989E+02  5.297E+09  1.000E-30  6.493E-01
     937      1    151      1    142      1      54     1.3530E+02  7.746E+09  9.967E-03  6.289E+00
     939      1    151      1    144      1      54     1.2921E+02  2.333E+09  1.000E-30  7.401E-01
     941      1    151      1    150      1      54     3.1681E+00  3.493E+04  5.712E-03  3.832E+00
     942      1    152      1    125      1      54     1.1084E+03  3.399E+11  2.940E-04  1.006E+01
     943      1    152      1    127      1      54     1.0929E+03  2.750E+09  1.000E-30  3.045E+00
     944      1    152      1    130      1      54     6.1900E+02  1.200E+11  1.029E-03  5.831E+00
     945      1    152      1    132      1      54     6.0722E+02  3.064E+09  1.000E-30  1.772E+00
     947      1    152      1    136      1      54     3.2399E+02  4.141E+10  5.008E-03  2.897E+00
     948      1    152      1    138      1      54     3.1413E+02  2.287E+09  1.000E-30  3.810E-01
     950      1    152      1    143      1      54     1.3263E+02  1.086E+10  3.403E-02  1.701E+00
     951      1    152      1    145      1      54     1.2383E+02  1.127E+09  1.000E-30  2.743E-01
     953      1    152      1    151      1      54     1.4980E+00  1.606E+03  6.243E-03  9.158E-01
     954      1    153      1    126      1      54     1.1088E+03  3.645E+11  4.514E-04  5.016E+00
     955      1    153      1    131      1      54     6.2180E+02  1.518E+11  1.838E-03  2.916E+00
     956      1    153      1    133      1      54     6.1271E+02  6.977E+08  1.000E-30  1.199E+00
     958      1    153      1    137      1      54     3.2803E+02  5.779E+10  1.036E-02  1.359E+00
     959      1    153      1    139      1      54     3.2004E+02  9.629E+08  1.000E-30  2.909E-01
     961      1    153      1    144      1      54     1.3736E+02  1.645E+10  7.797E-02  7.656E-01
     962      1    153      1    146      1      54     1.2999E+02  7.389E+08  1.000E-30  1.417E-01
     963      1    153      1    152      1      54     6.6466E+00  7.253E+04  5.516E-03  3.798E-01
     964      1    154      1    127      1      54     1.0999E+03  2.313E+11  3.761E-04  3.044E+00
     965      1    154      1    132      1      54     6.1421E+02  1.455E+11  2.341E-03  1.771E+00
     966      1    154      1    138      1      54     3.2112E+02  6.381E+10  1.637E-02  7.940E-01
     967      1    154      1    140      1      54     3.1988E+02  2.406E+08  1.000E-30  2.323E-01
     968      1    154      1    145      1      54     1.3082E+02  1.702E+10  1.374E-01  4.329E-01
     969      1    154      1    147      1      54     1.3000E+02  3.411E+08  1.000E-30  9.239E-02
     970      1    154      1    153      1      54     3.4390E-01  4.522E+00  3.597E-03  2.042E-01
     971      1    155      1    133      1      54     6.1329E+02  9.598E+10  1.881E-03  1.195E+00
     972      1    155      1    139      1      54     3.2062E+02  6.679E+10  2.151E-02  5.234E-01
     973      1    155      1    146      1      54     1.3057E+02  2.016E+10  2.267E-01  2.794E-01
     974      1    155      1    148      1      54     1.2999E+02  1.058E+08  1.000E-30  7.020E-02
     975      1    155      1    154      1      54     2.3759E-01  8.396E-01  2.644E-03  1.272E-01
     976      1    156      1    124      1      54     1.2114E+03  1.229E+11  1.000E-30  3.167E+01
     977      1    156      1    129      1      54     7.1613E+02  5.464E+10  1.000E-30  1.830E+01
     978      1    156      1    135      1      54     4.1816E+02  2.535E+10  1.000E-30  1.154E+01
     980      1    156      1    142      1      54     2.2513E+02  1.144E+10  1.000E-30  7.747E+00
     983      1    156      1    150      1      54     9.3002E+01  4.154E+09  1.000E-30  5.449E+00
     985      1    157      1    123      1      54     1.2298E+03  1.066E+11  8.472E-04  4.014E+00
     986      1    157      1    125      1      54     1.1982E+03  3.585E+10  1.000E-30  1.008E+01
     987      1    157      1    128      1      54     7.2695E+02  3.923E+10  1.524E-03  3.979E+00
     988      1    157      1    130      1      54     7.0872E+02  1.865E+10  1.000E-30  5.843E+00
     989      1    157      1    134      1      54     4.2517E+02  1.546E+10  3.023E-03  3.957E+00
     990      1    157      1    136      1      54     4.1371E+02  9.686E+09  1.000E-30  2.034E+00
     991      1    157      1    141      1      54     2.3000E+02  5.906E+09  7.380E-03  3.941E+00
     993      1    157      1    143      1      54     2.2235E+02  4.753E+09  1.000E-30  2.223E+00
     995      1    157      1    149      1      54     9.6594E+01  1.703E+09  2.977E-02  3.924E+00
     997      1    157      1    151      1      54     9.1219E+01  1.820E+09  1.000E-30  2.617E+00
     999      1    157      1    156      1      54     1.3856E+00  2.162E+03  7.133E-02  7.418E-01
    1000      1    158      1    124      1      54     1.2153E+03  1.941E+11  6.741E-05  3.167E+01
    1001      1    158      1    126      1      54     1.1944E+03  1.030E+10  1.000E-30  5.032E+00
    1002      1    158      1    129      1      54     7.2004E+02  6.997E+10  2.024E-04  1.830E+01
    1003      1    158      1    131      1      54     7.0740E+02  7.006E+09  1.000E-30  2.931E+00
    1004      1    158      1    135      1      54     4.2207E+02  2.699E+10  6.792E-04  1.045E+01
    1005      1    158      1    137      1      54     4.1363E+02  4.367E+09  1.000E-30  8.111E-01
    1007      1    158      1    142      1      54     2.2904E+02  1.017E+10  2.517E-03  6.657E+00
    1009      1    158      1    144      1      54     2.2296E+02  2.477E+09  1.000E-30  4.726E-01
    1011      1    158      1    150      1      54     9.6914E+01  2.973E+09  1.499E-02  4.398E+00
    1012      1    158      1    152      1      54     9.2248E+01  1.078E+09  1.000E-30  5.821E-01
    1014      1    158      1    157      1      54     2.5273E+00  2.051E+04  9.090E-03  2.799E+00
    1015      1    159      1    125      1      54     1.2019E+03  2.607E+11  1.766E-04  1.008E+01
    1016      1    159      1    127      1      54     1.1864E+03  1.936E+09  1.000E-30  3.062E+00
    1017      1    159      1    130      1      54     7.1248E+02  9.816E+10  5.506E-04  5.846E+00
    1018      1    159      1    132      1      54     7.0070E+02  2.216E+09  1.000E-30  1.787E+00
    1019      1    159      1    136      1      54     4.1747E+02  3.847E+10  2.015E-03  3.117E+00
    1020      1    159      1    138      1      54     4.0761E+02  1.796E+09  1.000E-30  5.649E-01
    1022      1    159      1    143      1      54     2.2610E+02  1.439E+10  7.796E-03  1.915E+00
    1023      1    159      1    145      1      54     2.1731E+02  1.185E+09  1.000E-30  2.519E-01
    1025      1    159      1    151      1      54     9.4977E+01  4.005E+09  4.945E-02  1.200E+00
    1026      1    159      1    153      1      54     8.6832E+01  5.236E+08  1.000E-30  2.308E-01
    1028      1    159      1    158      1      54     1.2307E+00  1.009E+03  9.366E-03  6.922E-01
    1029      1    160      1    126      1      54     1.2022E+03  2.668E+11  2.584E-04  5.032E+00
    1030      1    160      1    131      1      54     7.1513E+02  1.183E+11  9.353E-04  2.931E+00
    1031      1    160      1    133      1      54     7.0604E+02  4.686E+08  1.000E-30  1.213E+00
    1032      1    160      1    137      1      54     4.2136E+02  5.109E+10  3.865E-03  1.502E+00
    1033      1    160      1    139      1      54     4.1337E+02  6.763E+08  1.000E-30  4.243E-01
    1035      1    160      1    144      1      54     2.3069E+02  2.056E+10  1.608E-02  9.023E-01
    1036      1    160      1    146      1      54     2.2332E+02  6.373E+08  1.000E-30  1.925E-01
    1037      1    160      1    152      1      54     9.9979E+01  6.212E+09  1.105E-01  5.479E-01
    1038      1    160      1    154      1      54     9.2988E+01  4.151E+08  1.000E-30  1.274E-01
    1039      1    160      1    159      1      54     6.4994E+00  7.862E+04  8.071E-03  3.034E-01
    1040      1    161      1    127      1      54     1.1932E+03  1.560E+11  1.979E-04  3.058E+00
    1041      1    161      1    132      1      54     7.0745E+02  1.050E+11  1.096E-03  1.785E+00
    1042      1    161      1    138      1      54     4.1436E+02  5.329E+10  5.577E-03  8.918E-01
    1043      1    161      1    140      1      54     4.1312E+02  1.497E+08  1.000E-30  3.308E-01
    1044      1    161      1    145      1      54     2.2406E+02  2.229E+10  2.535E-02  5.327E-01
    1045      1    161      1    147      1      54     2.2323E+02  2.525E+08  1.000E-30  1.575E-01
    1046      1    161      1    153      1      54     9.3583E+01  5.761E+09  1.820E-01  3.174E-01
    1047      1    161      1    155      1      54     9.3001E+01  2.300E+08  1.000E-30  8.615E-02
    1048      1    161      1    160      1      54     2.5061E-01  2.099E+00  5.022E-03  1.738E-01
    1049      1    162      1    133      1      54     7.0646E+02  6.024E+10  7.623E-04  1.209E+00
    1050      1    162      1    139      1      54     4.1380E+02  4.852E+10  6.196E-03  6.006E-01
    1051      1    162      1    146      1      54     2.2375E+02  2.490E+10  3.522E-02  3.553E-01
    1052      1    162      1    148      1      54     2.2316E+02  6.387E+07  1.000E-30  1.319E-01
    1053      1    162      1    154      1      54     9.3412E+01  6.652E+09  2.872E-01  2.107E-01
    1054      1    162      1    161      1      54     1.7317E-01  4.151E-01  3.618E-03  1.161E-01
    1381      1    165      1    164      1       1     1.0199E+01  4.090E+05  8.710E-03  1.043E-01
    1384      1    167      1    164      1       1     1.0199E+01  8.113E+05  1.742E-02  1.043E-01
    1387      1    169      1    164      1       1     1.2088E+01  2.980E+04  2.584E-03  2.242E-01
    1389      1    169      1    166      1       1     1.8887E+00  6.260E+02  1.248E-03  3.051E-01
    1392      1    168      1    165      1       1     1.8887E+00  1.960E+01  1.586E-05  7.457E-01
    1394      1    168      1    167      1       1     1.8886E+00  3.920E+01  3.171E-05  7.457E-01
    1396      1    170      1    165      1       1     1.8887E+00  1.002E+03  1.240E-03  4.872E-01
    1398      1    170      1    167      1       1     1.8887E+00  2.001E+03  2.479E-03  4.872E-01
    1399      1    172      1    164      1       1     1.2749E+01  3.040E+02  5.605E-04  3.770E-01
    1401      1    172      1    166      1       1     2.5497E+00  8.635E+00  3.873E-05  2.527E+00
    1404      1    172      1    168      1       1     6.6104E-01  7.099E-01  1.166E-06  2.554E+00
    1405      1    172      1    170      1       1     6.6103E-01  8.047E-02  1.514E-07  2.296E+00
    1407      1    171      1    165      1       1     2.5497E+00  2.560E-01  1.338E-06  2.160E+00
    1409      1    171      1    167      1       1     2.5497E+00  5.119E-01  2.676E-06  2.160E+00
    1410      1    171      1    169      1       1     6.6103E-01  1.417E-01  2.297E-07  2.630E+00
    1414      1    173      1    165      1       1     2.5497E+00  1.026E+01  6.902E-05  1.675E+00
    1416      1    173      1    167      1       1     2.5497E+00  2.056E+01  1.383E-04  1.675E+00
    1417      1    173      1    169      1       1     6.6104E-01  2.722E+00  5.396E-06  2.145E+00
    1425      1    174      1    170      1       1     6.6103E-01  7.481E+00  2.066E-05  1.560E+00
    1426      1    176      1    164      1       1     1.3054E+01  7.069E+00  1.662E-04  6.191E-01
    1428      1    176      1    166      1       1     2.8557E+00  2.229E-01  9.275E-06  4.915E+00
    1430      1    176      1    168      1       1     9.6701E-01  2.498E-02  3.766E-07  5.438E+00
    1431      1    176      1    170      1       1     9.6699E-01  2.277E-03  3.643E-08  5.180E+00
    1433      1    176      1    171      1       1     3.0597E-01  3.552E-03  2.024E-08  6.852E+00
    1434      1    176      1    173      1       1     3.0596E-01  9.080E-04  5.580E-09  6.367E+00
    1437      1    175      1    165      1       1     2.8557E+00  6.411E-03  2.555E-07  5.141E+00
    1439      1    175      1    167      1       1     2.8556E+00  1.282E-02  5.109E-07  5.141E+00
    1440      1    175      1    169      1       1     9.6700E-01  4.585E-03  6.747E-08  5.611E+00
    1443      1    175      1    172      1       1     3.0596E-01  1.034E-03  5.826E-09  6.948E+00
    1447      1    177      1    165      1       1     2.8557E+00  2.365E-01  1.104E-05  4.366E+00
    1449      1    177      1    167      1       1     2.8557E+00  4.724E-01  2.205E-05  4.366E+00
    1450      1    177      1    169      1       1     9.6700E-01  8.621E-02  1.464E-06  4.835E+00
    1453      1    177      1    172      1       1     3.0597E-01  1.199E-02  7.562E-08  6.173E+00
    1456      1    177      1    174      1       1     3.0596E-01  4.071E-04  2.924E-09  5.437E+00
    1461      1    178      1    170      1       1     9.6699E-01  1.628E-01  3.379E-06  3.959E+00
    1463      1    178      1    173      1       1     3.0596E-01  2.931E-02  2.210E-07  5.146E+00
    1469      1    179      1    174      1       1     3.0596E-01  6.250E-02  6.234E-07  3.879E+00
    1470      1    181      1    164      1       1     1.3221E+01  3.030E-01  6.717E-05  8.646E-01
    1472      1    181      1    166      1       1     3.0219E+00  1.002E-02  2.455E-06  1.022E+01
    1473      1    181      1    168      1       1     1.1332E+00  1.256E-03  1.088E-07  1.074E+01
    1474      1    181      1    170      1       1     1.1332E+00  1.029E-04  9.208E-09  1.048E+01
    1476      1    181      1    171      1       1     4.7217E-01  2.442E-04  4.469E-09  1.215E+01
    1477      1    181      1    173      1       1     4.7216E-01  5.162E-05  9.859E-10  1.167E+01
    1480      1    181      1    175      1       1     1.6620E-01  4.694E-05  2.505E-10  1.513E+01
    1481      1    181      1    177      1       1     1.6620E-01  1.850E-05  1.046E-10  1.436E+01
    1484      1    180      1    165      1       1     3.0219E+00  2.857E-04  6.800E-08  1.056E+01
    1486      1    180      1    167      1       1     3.0218E+00  5.704E-04  1.358E-07  1.056E+01
    1487      1    180      1    169      1       1     1.1332E+00  2.212E-04  1.880E-08  1.103E+01
    1488      1    180      1    172      1       1     4.7217E-01  6.496E-05  1.173E-09  1.237E+01
    1491      1    180      1    176      1       1     1.6620E-01  1.718E-05  9.150E-11  1.525E+01
    1495      1    182      1    165      1       1     3.0219E+00  1.008E-02  2.658E-06  9.431E+00
    1497      1    182      1    167      1       1     3.0219E+00  2.022E-02  5.330E-06  9.431E+00
    1498      1    182      1    169      1       1     1.1332E+00  4.143E-03  3.879E-07  9.900E+00
    1499      1    182      1    172      1       1     4.7217E-01  7.937E-04  1.560E-08  1.124E+01
    1502      1    182      1    174      1       1     4.7216E-01  1.972E-05  4.162E-10  1.050E+01
    1503      1    182      1    176      1       1     1.6620E-01  1.455E-04  8.276E-10  1.412E+01
    1506      1    182      1    178      1       1     1.6620E-01  1.265E-05  7.940E-11  1.290E+01
    1509      1    183      1    170      1       1     1.1332E+00  6.697E-03  7.120E-07  8.669E+00
    1511      1    183      1    173      1       1     4.7216E-01  1.672E-03  3.715E-08  9.856E+00
    1513      1    183      1    177      1       1     1.6620E-01  3.312E-04  2.106E-09  1.255E+01
    1514      1    183      1    179      1       1     1.6620E-01  5.208E-06  3.818E-11  1.099E+01
    1517      1    184      1    174      1       1     4.7216E-01  2.318E-03  6.197E-08  8.115E+00
    1519      1    184      1    178      1       1     1.6620E-01  6.606E-04  4.979E-09  1.051E+01
    1521      1    185      1    179      1       1     1.6620E-01  1.214E-03  1.169E-08  8.176E+00
    1523      1    186      1    165      1       1     3.1221E+00  1.844E-05  2.203E-08  1.949E+01
    1524      1    186      1    167      1       1     3.1221E+00  3.687E-05  4.406E-08  1.949E+01
    1525      1    186      1    169      1       1     1.2334E+00  1.493E-05  5.953E-09  1.996E+01
    1526      1    186      1    172      1       1     5.7238E-01  4.805E-06  3.204E-10  2.130E+01
    1527      1    186      1    176      1       1     2.6642E-01  1.666E-06  1.878E-11  2.418E+01
    1530      1    186      1    181      1       1     1.0021E-01  4.895E-07  1.748E-12  2.948E+01
    1533      1    187      1    164      1       1     1.3321E+01  1.922E-02  3.041E-05  1.178E+00
    1534      1    187      1    166      1       1     3.1221E+00  6.532E-04  7.947E-07  1.900E+01
    1535      1    187      1    168      1       1     1.2334E+00  8.690E-05  3.505E-08  1.953E+01
    1536      1    187      1    170      1       1     1.2334E+00  6.676E-06  2.749E-09  1.927E+01
    1537      1    187      1    171      1       1     5.7238E-01  1.889E-05  1.271E-09  2.094E+01
    1538      1    187      1    173      1       1     5.7238E-01  3.597E-06  2.483E-10  2.046E+01
    1540      1    187      1    175      1       1     2.6642E-01  4.954E-06  5.593E-11  2.392E+01
    1541      1    187      1    177      1       1     2.6642E-01  1.646E-06  1.931E-11  2.315E+01
    1544      1    187      1    180      1       1     1.0022E-01  1.145E-06  4.064E-12  2.934E+01
    1545      1    187      1    182      1       1     1.0021E-01  5.970E-07  2.229E-12  2.821E+01
    1548      1    188      1    165      1       1     3.1221E+00  6.413E-04  8.155E-07  1.794E+01
    1549      1    188      1    167      1       1     3.1221E+00  1.283E-03  1.631E-06  1.794E+01
    1550      1    188      1    169      1       1     1.2334E+00  2.797E-04  1.185E-07  1.841E+01
    1551      1    188      1    172      1       1     5.7238E-01  6.024E-05  4.243E-09  1.974E+01
    1552      1    188      1    174      1       1     5.7238E-01  1.268E-06  9.309E-11  1.901E+01
    1553      1    188      1    176      1       1     2.6642E-01  1.526E-05  1.800E-10  2.263E+01
    1556      1    188      1    178      1       1     2.6642E-01  1.005E-06  1.263E-11  2.141E+01
    1558      1    188      1    181      1       1     1.0022E-01  3.368E-06  1.244E-11  2.793E+01
    1561      1    188      1    183      1       1     1.0021E-01  4.985E-07  2.003E-12  2.612E+01
    1564      1    189      1    170      1       1     1.2334E+00  4.188E-04  1.919E-07  1.676E+01
    1565      1    189      1    173      1       1     5.7238E-01  1.182E-04  9.003E-09  1.794E+01
    1567      1    189      1    177      1       1     2.6642E-01  3.253E-05  4.143E-10  2.063E+01
    1568      1    189      1    179      1       1     2.6642E-01  3.477E-07  4.836E-12  1.907E+01
    1570      1    189      1    182      1       1     1.0021E-01  7.315E-06  2.902E-11  2.570E+01
    1571      1    189      1    184      1       1     1.0021E-01  3.132E-07  1.400E-12  2.331E+01
    1573      1    190      1    174      1       1     5.7238E-01  1.367E-04  1.169E-08  1.564E+01
    1575      1    190      1    178      1       1     2.6642E-01  5.417E-05  7.746E-10  1.804E+01
    1577      1    190      1    183      1       1     1.0021E-01  1.397E-05  6.181E-11  2.275E+01
    1580      1    191      1    179      1       1     2.6642E-01  6.299E-05  1.062E-09  1.500E+01
    1581      1    191      1    184      1       1     1.0021E-01  2.473E-05  1.276E-10  1.924E+01
    1583      1    192      1    185      1       1     1.0021E-01  4.180E-05  2.667E-10  1.536E+01
    1585      1    193      1    165      1       1     3.1872E+00  1.503E-06  8.278E-09  3.318E+01
    1586      1    193      1    167      1       1     3.1871E+00  3.006E-06  1.656E-08  3.318E+01
    1587      1    193      1    169      1       1     1.2985E+00  1.242E-06  2.103E-09  3.365E+01
    1588      1    193      1    172      1       1     6.3742E-01  4.185E-07  1.027E-10  3.499E+01
    1589      1    193      1    176      1       1     3.3146E-01  1.594E-07  4.973E-12  3.787E+01
    1596      1    194      1    164      1       1     1.3386E+01  1.551E-03  7.208E-07  3.242E+01
    1597      1    194      1    166      1       1     3.1871E+00  5.380E-05  2.986E-07  3.253E+01
    1598      1    194      1    168      1       1     1.2985E+00  7.347E-06  1.247E-08  3.306E+01
    1599      1    194      1    170      1       1     1.2985E+00  5.455E-07  9.398E-10  3.280E+01
    1600      1    194      1    171      1       1     6.3743E-01  1.702E-06  4.183E-10  3.447E+01
    1601      1    194      1    173      1       1     6.3742E-01  3.029E-07  7.570E-11  3.399E+01
    1602      1    194      1    175      1       1     3.3146E-01  4.985E-07  1.551E-11  3.745E+01
    1603      1    194      1    177      1       1     3.3146E-01  1.511E-07  4.827E-12  3.668E+01
    1605      1    194      1    180      1       1     1.6526E-01  1.570E-07  7.067E-13  4.287E+01
    1613      1    195      1    165      1       1     3.1872E+00  5.224E-05  2.959E-07  3.115E+01
    1614      1    195      1    167      1       1     3.1871E+00  1.045E-04  5.918E-07  3.115E+01
    1615      1    195      1    169      1       1     1.2985E+00  2.352E-05  4.091E-08  3.161E+01
    1616      1    195      1    172      1       1     6.3742E-01  5.387E-06  1.355E-09  3.295E+01
    1618      1    195      1    176      1       1     3.3146E-01  1.535E-06  4.886E-11  3.584E+01
    1620      1    195      1    181      1       1     1.6526E-01  4.680E-07  2.153E-12  4.114E+01
    1631      1    196      1    170      1       1     1.2985E+00  3.392E-05  6.146E-08  2.948E+01
    1632      1    196      1    173      1       1     6.3742E-01  1.020E-05  2.670E-09  3.067E+01
    1633      1    196      1    177      1       1     3.3146E-01  3.166E-06  1.051E-10  3.336E+01
    1636      1    196      1    182      1       1     1.6526E-01  9.879E-07  4.743E-12  3.842E+01
    1639      1    196      1    188      1       1     6.5043E-02  2.484E-07  1.000E-30  4.693E+01
    1642      1    197      1    174      1       1     6.3742E-01  1.077E-05  3.000E-09  2.772E+01
    1643      1    197      1    178      1       1     3.3146E-01  4.824E-06  1.710E-10  3.012E+01
    1645      1    197      1    183      1       1     1.6526E-01  1.736E-06  8.911E-12  3.483E+01
    1648      1    197      1    189      1       1     6.5043E-02  4.622E-07  1.000E-30  4.291E+01
    1651      1    198      1    179      1       1     3.3146E-01  4.610E-06  1.798E-10  2.627E+01
    1652      1    198      1    184      1       1     1.6526E-01  2.537E-06  1.437E-11  3.051E+01
    1653      1    198      1    190      1       1     6.5043E-02  8.084E-07  1.000E-30  3.803E+01
    1656      1    199      1    185      1       1     1.6526E-01  2.656E-06  1.723E-11  2.566E+01
    1657      1    199      1    191      1       1     6.5043E-02  1.343E-06  1.000E-30  3.248E+01
    1659      1    200      1    192      1       1     6.5043E-02  2.165E-06  9.287E-24  2.650E+01
    1662      1    201      1    167      1       1     3.2317E+00  2.631E-07  7.032E-09  5.309E+01
    1673      1    202      1    164      1       1     1.3431E+01  1.355E-04  3.114E-07  5.215E+01
    1674      1    202      1    166      1       1     3.2317E+00  4.766E-06  1.269E-07  5.226E+01
    1675      1    202      1    168      1       1     1.3431E+00  6.683E-07  5.158E-09  5.279E+01
    1677      1    202      1    171      1       1     6.8202E-01  1.590E-07  1.631E-10  5.420E+01
    1692      1    203      1    165      1       1     3.2317E+00  4.629E-06  1.229E-07  5.051E+01
    1693      1    203      1    167      1       1     3.2317E+00  9.258E-06  2.458E-07  5.051E+01
    1694      1    203      1    169      1       1     1.3431E+00  2.126E-06  1.642E-08  5.098E+01
    1695      1    203      1    172      1       1     6.8202E-01  5.051E-07  5.176E-10  5.232E+01
    1697      1    203      1    176      1       1     3.7605E-01  1.530E-07  1.715E-11  5.520E+01
    1710      1    204      1    170      1       1     1.3430E+00  3.033E-06  2.352E-08  4.829E+01
    1711      1    204      1    173      1       1     6.8202E-01  9.456E-07  9.721E-10  4.948E+01
    1712      1    204      1    177      1       1     3.7605E-01  3.126E-07  3.526E-11  5.217E+01
    1723      1    205      1    174      1       1     6.8201E-01  9.620E-07  1.000E-09  4.580E+01
    1724      1    205      1    178      1       1     3.7605E-01  4.584E-07  5.254E-11  4.820E+01
    1725      1    205      1    183      1       1     2.0985E-01  1.868E-07  2.330E-12  5.291E+01
    1734      1    206      1    179      1       1     3.7605E-01  3.977E-07  4.701E-11  4.344E+01
    1735      1    206      1    184      1       1     2.0985E-01  2.481E-07  3.214E-12  4.767E+01
    1741      1    207      1    185      1       1     2.0985E-01  2.121E-07  2.918E-12  4.172E+01
    1742      1    207      1    191      1       1     1.0964E-01  1.503E-07  1.000E-30  4.855E+01
    1752      1    209      1    170      1       1     1.3809E+00  2.588E-07  1.025E-08  7.485E+01
    1775      1    211      1    164      1       1     1.3469E+01  1.102E-05  1.484E-07  7.973E+01
    1776      1    211      1    166      1       1     3.2697E+00  3.906E-07  5.942E-08  7.984E+01
    1796      1    212      1    165      1       1     3.2697E+00  3.836E-07  5.664E-08  7.768E+01
    1797      1    212      1    167      1       1     3.2697E+00  7.671E-07  1.133E-07  7.768E+01
    1798      1    212      1    169      1       1     1.3810E+00  1.807E-07  7.418E-09  7.815E+01
