#  File format type:   4
#
#  SPECT3D transition powers file.
#  RUN NAME:  xe_20-200ev_1e18-1e21_4mm
#  Total number of transitions   =     1890
#  Number of written transitions =      770
#  Plasma temperature (eV)       =     1.0000E+02
#  Mass density (g/cm3)          =     4.4865E-04
#  Cell areal density (g/cm2)    =     1.7946E-04
#  Material mass fractions       =     1.0000E+00
#  DCA material number fractions =     1.3000E-02    9.8700E-01
# -----------------------------------------------------
#
#
#   Trans.  Trans  Upper  Upper  Lower  Lower   Ioniz   Energy     Line Power Line Center Line Width
#   Index   Model  Level  Model  Level  Model   Stage   (eV)       (W/cm2)    Opt. Depth      eV
# --------------------------------------------------------------------------------------------------
       1      1      3      1      2      1      52     1.1982E+02  1.736E+08  5.723E-10  8.151E-03
       2      1      4      1      2      1      52     4.9234E+02  3.351E+10  3.675E-01  3.340E-02
       4      1      6      1      5      1      52     1.0651E+02  6.605E+08  4.115E-04  7.871E+01
       6      1      7      1      6      1      52     6.8034E+01  8.659E+07  5.737E-05  9.466E+01
       7      1      9      1      8      1      52     3.8672E+01  3.842E+07  1.373E-03  2.871E+01
       9      1     10      1      9      1      52     3.4641E+01  2.478E+07  3.757E-04  3.134E+01
      11      1     11      1     10      1      52     9.4480E+00  8.616E+04  1.420E-04  8.525E+00
      13      1     12      1      9      1      52     8.3242E+02  1.426E+12  1.000E-30  4.473E+01
      14      1     13      1      8      1      52     8.9349E+02  1.130E+12  3.457E-03  2.724E+01
      16      1     13      1     10      1      52     8.2018E+02  3.772E+11  1.000E-30  1.544E+01
      17      1     13      1     12      1      52     2.2396E+01  1.088E+07  3.481E-03  1.655E+01
      19      1     14      1      9      1      52     8.6975E+02  2.416E+12  1.938E-03  3.749E+01
      21      1     14      1     11      1      52     8.2566E+02  8.999E+10  1.000E-30  2.924E+00
      23      1     14      1     13      1      52     1.4925E+01  2.321E+06  6.829E-04  2.020E+01
      25      1     15      1     10      1      52     8.3968E+02  4.055E+12  6.390E-03  1.282E+01
      28      1     15      1     14      1      52     4.5752E+00  1.699E+04  4.806E-04  4.375E+00
      30      1     16      1     11      1      52     8.3260E+02  6.512E+12  1.663E-02  5.884E+00
      32      1     16      1     15      1      52     2.3647E+00  7.081E+02  2.606E-04  1.741E+00
      34      1     17      1      9      1      52     1.3019E+03  1.196E+12  1.000E-30  4.463E+01
      36      1     17      1     13      1      52     4.4709E+02  3.032E+11  1.000E-30  2.760E+01
      38      1     18      1      8      1      52     1.3534E+03  1.070E+12  1.615E-03  1.586E+01
      40      1     18      1     10      1      52     1.2800E+03  2.922E+11  1.000E-30  8.555E+00
      41      1     18      1     12      1      52     4.8226E+02  1.938E+11  6.564E-03  1.575E+01
      43      1     18      1     14      1      52     4.4493E+02  1.012E+11  1.000E-30  9.469E+00
      45      1     18      1     17      1      52     1.2770E+01  2.413E+06  7.405E-03  9.375E+00
      47      1     19      1      9      1      52     1.3234E+03  2.174E+12  4.585E-04  4.041E+01
      49      1     19      1     11      1      52     1.2793E+03  5.948E+10  1.000E-30  4.020E+00
      51      1     19      1     13      1      52     4.6860E+02  3.774E+11  3.109E-03  2.337E+01
      53      1     19      1     15      1      52     4.4910E+02  3.698E+10  1.000E-30  1.761E+00
      56      1     19      1     18      1      52     8.7378E+00  6.027E+05  1.530E-03  1.168E+01
      58      1     20      1     10      1      52     1.2912E+03  3.133E+12  1.195E-03  1.446E+01
      61      1     20      1     14      1      52     4.5609E+02  6.061E+11  1.218E-02  6.328E+00
      63      1     20      1     16      1      52     4.4915E+02  1.041E+10  1.000E-30  6.957E-01
      65      1     20      1     19      1      52     2.4178E+00  3.232E+03  1.077E-03  2.519E+00
      67      1     21      1     11      1      52     1.2829E+03  3.290E+12  1.917E-03  6.895E+00
      69      1     21      1     15      1      52     4.5271E+02  9.049E+11  2.992E-02  2.880E+00
      72      1     21      1     20      1      52     1.2002E+00  1.564E+02  7.592E-04  1.010E+00
      75      1     22      1     16      1      52     4.5135E+02  1.281E+12  6.112E-02  1.633E+00
      77      1     22      1     21      1      52     1.0028E+00  4.114E+01  5.208E-04  5.162E-01
      79      1     23      1     13      1      52     7.2854E+02  2.907E+11  1.000E-30  2.756E+01
      81      1     23      1     18      1      52     2.6868E+02  8.516E+10  1.000E-30  1.593E+01
      83      1     24      1     12      1      52     7.5883E+02  2.093E+11  2.865E-03  9.938E+00
      85      1     24      1     14      1      52     7.2151E+02  9.023E+10  1.000E-30  5.049E+00
      86      1     24      1     17      1      52     2.8935E+02  4.561E+10  1.145E-02  9.909E+00
      88      1     24      1     19      1      52     2.6784E+02  3.185E+10  1.000E-30  6.199E+00
      90      1     24      1     23      1      52     7.9016E+00  6.559E+05  1.387E-02  5.798E+00
      92      1     25      1     13      1      52     7.4204E+02  3.965E+11  7.715E-04  2.487E+01
      94      1     25      1     15      1      52     7.2254E+02  2.916E+10  1.000E-30  1.728E+00
      96      1     25      1     18      1      52     2.8218E+02  8.450E+10  5.630E-03  1.330E+01
      98      1     25      1     20      1      52     2.7102E+02  1.428E+10  1.000E-30  1.191E+00
     101      1     25      1     24      1      52     5.5989E+00  1.933E+05  2.976E-03  7.329E+00
     103      1     26      1     14      1      52     7.2843E+02  5.924E+11  2.535E-03  7.183E+00
     105      1     26      1     16      1      52     7.2149E+02  6.853E+09  1.000E-30  1.172E+00
     107      1     26      1     19      1      52     2.7476E+02  1.281E+11  2.120E-02  3.560E+00
     109      1     26      1     21      1      52     2.7114E+02  6.081E+09  1.000E-30  4.318E-01
     112      1     26      1     25      1      52     1.3194E+00  6.299E+02  2.028E-03  1.607E+00
     114      1     27      1     15      1      52     7.2446E+02  7.408E+11  4.874E-03  3.401E+00
     117      1     27      1     20      1      52     2.7295E+02  1.785E+11  4.931E-02  1.615E+00
     119      1     27      1     22      1      52     2.7075E+02  1.797E+09  1.000E-30  2.393E-01
     121      1     27      1     26      1      52     6.0740E-01  2.740E+01  1.602E-03  6.473E-01
     123      1     28      1     16      1      52     7.2273E+02  6.823E+11  6.012E-03  1.998E+00
     125      1     28      1     21      1      52     2.7238E+02  2.403E+11  9.711E-02  9.171E-01
     128      1     28      1     27      1      52     6.3240E-01  1.929E+01  1.511E-03  3.321E-01
     129      1     29      1     13      1      52     9.1039E+02  2.312E+11  1.000E-30  2.751E+01
     131      1     29      1     18      1      52     4.5053E+02  8.852E+10  1.000E-30  1.589E+01
     134      1     29      1     24      1      52     1.7396E+02  2.819E+10  1.000E-30  1.004E+01
     136      1     30      1     12      1      52     9.3797E+02  1.763E+11  1.896E-03  6.689E+00
     137      1     30      1     14      1      52     9.0065E+02  6.858E+10  1.000E-30  4.427E+00
     138      1     30      1     17      1      52     4.6848E+02  5.371E+10  4.670E-03  6.660E+00
     140      1     30      1     19      1      52     4.4698E+02  3.135E+10  1.000E-30  3.482E+00
     142      1     30      1     23      1      52     1.8704E+02  1.330E+10  1.863E-02  6.643E+00
     144      1     30      1     25      1      52     1.7354E+02  1.140E+10  1.000E-30  4.278E+00
     146      1     30      1     29      1      52     5.1810E+00  2.056E+05  2.391E-02  3.793E+00
     147      1     31      1     13      1      52     9.1941E+02  3.309E+11  3.270E-04  2.572E+01
     148      1     31      1     15      1      52     8.9991E+02  2.070E+10  1.000E-30  2.452E+00
     150      1     31      1     18      1      52     4.5956E+02  9.865E+10  1.420E-03  1.416E+01
     152      1     31      1     20      1      52     4.4840E+02  1.272E+10  1.000E-30  9.088E-01
     155      1     31      1     24      1      52     1.8298E+02  2.384E+10  9.452E-03  8.245E+00
     157      1     31      1     26      1      52     1.7606E+02  5.828E+09  1.000E-30  8.564E-01
     160      1     31      1     30      1      52     3.8407E+00  7.405E+04  5.262E-03  4.946E+00
     161      1     32      1     14      1      52     9.0519E+02  4.695E+11  9.816E-04  7.650E+00
     162      1     32      1     16      1      52     8.9825E+02  4.422E+09  1.000E-30  1.639E+00
     164      1     32      1     19      1      52     4.5152E+02  1.451E+11  4.656E-03  4.033E+00
     166      1     32      1     21      1      52     4.4790E+02  4.739E+09  1.000E-30  5.947E-01
     169      1     32      1     25      1      52     1.7808E+02  3.430E+10  3.433E-02  2.202E+00
     171      1     32      1     27      1      52     1.7615E+02  2.992E+09  1.000E-30  3.115E-01
     174      1     32      1     31      1      52     7.0280E-01  1.101E+02  3.429E-03  1.101E+00
     175      1     33      1     15      1      52     9.0089E+02  5.282E+11  1.650E-03  3.713E+00
     177      1     33      1     20      1      52     4.4938E+02  1.884E+11  9.312E-03  1.914E+00
     179      1     33      1     22      1      52     4.4717E+02  1.162E+09  1.000E-30  4.488E-01
     181      1     33      1     26      1      52     1.7704E+02  4.568E+10  7.770E-02  9.965E-01
     183      1     33      1     28      1      52     1.7580E+02  1.333E+09  1.000E-30  1.648E-01
     185      1     33      1     32      1      52     2.7490E-01  3.233E+00  2.907E-03  4.532E-01
     186      1     34      1     16      1      52     8.9895E+02  3.902E+11  1.606E-03  2.207E+00
     188      1     34      1     21      1      52     4.4860E+02  2.127E+11  1.407E-02  1.126E+00
     191      1     34      1     27      1      52     1.7685E+02  5.759E+10  1.464E-01  5.630E-01
     194      1     34      1     33      1      52     4.2420E-01  8.285E+00  2.995E-03  2.394E-01
     195      1     35      1     13      1      52     1.0346E+03  1.783E+11  1.000E-30  2.753E+01
     196      1     35      1     18      1      52     5.7478E+02  7.516E+10  1.000E-30  1.590E+01
     198      1     35      1     24      1      52     2.9820E+02  3.158E+10  1.000E-30  9.993E+00
     201      1     35      1     30      1      52     1.1906E+02  1.078E+10  1.000E-30  6.720E+00
     203      1     36      1     12      1      52     1.0606E+03  1.409E+11  1.475E-03  4.753E+00
     204      1     36      1     14      1      52     1.0233E+03  5.148E+10  1.000E-30  5.169E+00
     205      1     36      1     17      1      52     5.9109E+02  4.848E+10  2.954E-03  4.724E+00
     206      1     36      1     19      1      52     5.6958E+02  2.561E+10  1.000E-30  2.578E+00
     207      1     36      1     23      1      52     3.0964E+02  1.683E+10  7.223E-03  4.701E+00
     209      1     36      1     25      1      52     2.9614E+02  1.219E+10  1.000E-30  2.566E+00
     211      1     36      1     29      1      52     1.2779E+02  4.531E+09  2.867E-02  4.676E+00
     213      1     36      1     31      1      52     1.1877E+02  4.582E+09  1.000E-30  3.086E+00
     215      1     36      1     35      1      52     3.5433E+00  7.122E+04  3.811E-02  2.627E+00
     216      1     37      1     13      1      52     1.0410E+03  2.626E+11  1.752E-04  2.625E+01
     217      1     37      1     15      1      52     1.0215E+03  1.487E+10  1.000E-30  2.989E+00
     218      1     37      1     18      1      52     5.8110E+02  8.832E+10  6.057E-04  1.469E+01
     219      1     37      1     20      1      52     5.6995E+02  9.800E+09  1.000E-30  1.254E+00
     221      1     37      1     24      1      52     3.0452E+02  2.999E+10  2.396E-03  8.775E+00
     223      1     37      1     26      1      52     2.9760E+02  5.687E+09  1.000E-30  5.740E-01
     226      1     37      1     30      1      52     1.2539E+02  7.971E+09  1.483E-02  5.502E+00
     228      1     37      1     32      1      52     1.2084E+02  2.556E+09  1.000E-30  6.523E-01
     231      1     37      1     36      1      52     2.7803E+00  3.289E+04  8.739E-03  3.505E+00
     232      1     38      1     14      1      52     1.0264E+03  3.596E+11  4.975E-04  7.924E+00
     233      1     38      1     16      1      52     1.0194E+03  2.975E+09  1.000E-30  1.938E+00
     234      1     38      1     19      1      52     5.7269E+02  1.264E+11  1.844E-03  4.333E+00
     235      1     38      1     21      1      52     5.6908E+02  3.363E+09  1.000E-30  8.635E-01
     237      1     38      1     25      1      52     2.9925E+02  4.323E+10  7.753E-03  2.495E+00
     239      1     38      1     27      1      52     2.9733E+02  2.630E+09  1.000E-30  3.446E-01
     242      1     38      1     31      1      52     1.2188E+02  1.090E+10  5.216E-02  1.471E+00
     244      1     38      1     33      1      52     1.2090E+02  1.466E+09  1.000E-30  2.536E-01
     247      1     38      1     37      1      52     3.3030E-01  1.325E+01  5.438E-03  8.062E-01
     248      1     39      1     15      1      52     1.0219E+03  3.779E+11  7.690E-04  3.903E+00
     249      1     39      1     20      1      52     5.7035E+02  1.544E+11  3.361E-03  2.104E+00
     250      1     39      1     22      1      52     5.6815E+02  7.381E+08  1.000E-30  6.324E-01
     252      1     39      1     26      1      52     2.9801E+02  5.623E+10  1.560E-02  1.180E+00
     254      1     39      1     28      1      52     2.9677E+02  1.017E+09  1.000E-30  2.663E-01
     256      1     39      1     32      1      52     1.2125E+02  1.381E+10  1.126E-01  6.733E-01
     258      1     39      1     34      1      52     1.2055E+02  7.834E+08  1.000E-30  1.378E-01
     260      1     39      1     38      1      52     7.3900E-02  7.491E-02  5.590E-03  2.825E-01
     261      1     40      1     16      1      52     1.0198E+03  2.461E+11  6.525E-04  2.345E+00
     262      1     40      1     21      1      52     5.6945E+02  1.544E+11  4.401E-03  1.257E+00
     264      1     40      1     27      1      52     2.9770E+02  6.699E+10  2.490E-02  6.954E-01
     267      1     40      1     33      1      52     1.2127E+02  1.684E+10  2.052E-01  3.878E-01
     270      1     40      1     39      1      52     2.9800E-01  3.656E+00  4.647E-03  1.950E-01
     271      1     41      1     13      1      52     1.1233E+03  1.376E+11  1.000E-30  2.755E+01
     272      1     41      1     18      1      52     6.6340E+02  6.099E+10  1.000E-30  1.592E+01
     273      1     41      1     24      1      52     3.8682E+02  2.811E+10  1.000E-30  1.001E+01
     275      1     41      1     30      1      52     2.0768E+02  1.263E+10  1.000E-30  6.740E+00
     278      1     41      1     36      1      52     8.5076E+01  4.547E+09  1.000E-30  4.762E+00
     280      1     42      1     12      1      52     1.1482E+03  1.112E+11  1.242E-03  3.511E+00
     281      1     42      1     14      1      52     1.1108E+03  3.901E+10  1.000E-30  5.965E+00
     282      1     42      1     17      1      52     6.7867E+02  4.081E+10  2.228E-03  3.482E+00
     283      1     42      1     19      1      52     6.5716E+02  2.024E+10  1.000E-30  2.720E+00
     284      1     42      1     23      1      52     3.9722E+02  1.603E+10  4.394E-03  3.465E+00
     285      1     42      1     25      1      52     3.8372E+02  1.054E+10  1.000E-30  1.785E+00
     286      1     42      1     29      1      52     2.1536E+02  6.107E+09  1.066E-02  3.453E+00
     288      1     42      1     31      1      52     2.0634E+02  5.195E+09  1.000E-30  1.972E+00
     290      1     42      1     35      1      52     9.1119E+01  1.742E+09  4.207E-02  3.442E+00
     292      1     42      1     37      1      52     8.4795E+01  2.017E+09  1.000E-30  2.320E+00
     294      1     42      1     41      1      52     2.4992E+00  2.667E+04  5.546E-02  1.970E+00
     295      1     43      1     13      1      52     1.1279E+03  2.062E+11  1.065E-04  2.665E+01
     296      1     43      1     15      1      52     1.1084E+03  1.093E+10  1.000E-30  3.361E+00
     297      1     43      1     18      1      52     6.6800E+02  7.396E+10  3.262E-04  1.503E+01
     298      1     43      1     20      1      52     6.5684E+02  7.434E+09  1.000E-30  1.581E+00
     299      1     43      1     24      1      52     3.9142E+02  2.838E+10  1.026E-03  9.116E+00
     300      1     43      1     26      1      52     3.8450E+02  4.668E+09  1.000E-30  7.216E-01
     302      1     43      1     30      1      52     2.1228E+02  1.059E+10  3.765E-03  5.830E+00
     304      1     43      1     32      1      52     2.0774E+02  2.672E+09  1.000E-30  4.307E-01
     307      1     43      1     36      1      52     8.9678E+01  3.026E+09  2.214E-02  3.865E+00
     309      1     43      1     38      1      52     8.6568E+01  1.198E+09  1.000E-30  5.276E-01
     312      1     43      1     42      1      52     2.1031E+00  1.638E+04  1.366E-02  2.598E+00
     313      1     44      1     15      1      52     1.1084E+03  2.783E+11  4.287E-04  4.037E+00
     314      1     44      1     20      1      52     6.5688E+02  1.210E+11  1.623E-03  2.232E+00
     315      1     44      1     22      1      52     6.5468E+02  4.943E+08  1.000E-30  7.610E-01
     316      1     44      1     26      1      52     3.8454E+02  5.057E+10  5.777E-03  1.314E+00
     317      1     44      1     28      1      52     3.8330E+02  7.166E+08  1.000E-30  3.879E-01
     319      1     44      1     32      1      52     2.0778E+02  1.923E+10  2.333E-02  8.025E-01
     321      1     44      1     34      1      52     2.0708E+02  6.751E+08  1.000E-30  1.895E-01
     323      1     44      1     38      1      52     8.6605E+01  4.814E+09  1.523E-01  4.983E-01
     325      1     44      1     40      1      52     8.6233E+01  4.397E+08  1.000E-30  1.358E-01
     327      1     45      1     14      1      52     1.1130E+03  2.763E+11  2.919E-04  8.136E+00
     328      1     45      1     16      1      52     1.1061E+03  2.083E+09  1.000E-30  2.144E+00
     329      1     45      1     19      1      52     6.5935E+02  1.037E+11  9.468E-04  4.532E+00
     330      1     45      1     21      1      52     6.5574E+02  2.432E+09  1.000E-30  1.063E+00
     331      1     45      1     25      1      52     3.8591E+02  4.039E+10  3.102E-03  2.694E+00
     332      1     45      1     27      1      52     3.8399E+02  2.018E+09  1.000E-30  5.096E-01
     334      1     45      1     31      1      52     2.0854E+02  1.489E+10  1.191E-02  1.663E+00
     336      1     45      1     33      1      52     2.0756E+02  1.415E+09  1.000E-30  2.424E-01
     339      1     45      1     37      1      52     8.6990E+01  3.938E+09  7.406E-02  1.057E+00
     341      1     45      1     39      1      52     8.6586E+01  7.422E+08  1.000E-30  2.271E-01
     344      1     45      1     43      1      52     9.2200E-02  3.248E-01  1.137E-02  4.376E-01
     345      1     45      1     44      1      52     5.4600E-02  4.571E-02  1.000E-30  1.692E-01
     346      1     46      1     16      1      52     1.1062E+03  1.658E+11  3.306E-04  2.440E+00
     347      1     46      1     21      1      52     6.5590E+02  1.116E+11  1.930E-03  1.353E+00
     348      1     46      1     27      1      52     3.8415E+02  5.639E+10  8.354E-03  7.927E-01
     350      1     46      1     33      1      52     2.0772E+02  2.329E+10  3.761E-02  4.799E-01
     353      1     46      1     39      1      52     8.6749E+01  5.726E+09  2.585E-01  2.993E-01
     355      1     46      1     44      1      52     2.1720E-01  1.701E+00  5.854E-03  1.818E-01
     357      1     48      1     47      1      52     3.1750E+02  5.086E+09  2.815E-04  1.840E+02
     358      1     49      1     48      1      52     3.6284E+02  2.758E+10  1.548E-05  2.762E+02
     359      1     51      1     50      1      52     7.7750E-01  7.233E+01  1.318E-04  1.384E+02
     360      1     52      1     51      1      52     6.6689E+02  4.282E+11  1.000E-30  4.204E+02
     361      1     54      1     53      1      52     3.0082E+01  2.564E+07  1.000E-30  1.845E+02
     362      1     55      1     53      1      52     1.0120E+02  5.287E+08  3.743E-04  8.075E+01
     363      1     56      1     54      1      52     1.0442E+02  5.933E+08  4.154E-04  7.434E+01
     364      1     56      1     55      1      52     3.3297E+01  3.453E+07  1.000E-30  1.922E+02
     365      1     57      1     55      1      52     9.2670E+01  2.954E+08  6.613E-05  1.109E+02
     367      1     58      1     56      1      52     9.3608E+01  3.061E+08  6.929E-05  1.064E+02
     368      1     58      1     57      1      52     3.4235E+01  3.748E+07  1.000E-30  1.948E+02
     369      1     61      1     60      1      53     7.7081E+01  2.051E+07  1.452E-10  5.277E-03
     370      1     62      1     60      1      53     8.3045E+01  3.086E+07  1.000E-30  5.677E-03
     373      1     63      1     61      1      53     8.0094E+00  5.349E+01  1.000E-30  6.417E-04
     375      1     64      1     60      1      53     4.6515E+02  2.886E+10  2.368E-01  3.153E-02
     378      1     65      1     60      1      53     5.0090E+02  1.449E+10  5.817E-11  3.390E-02
     380      1     65      1     63      1      53     4.1581E+02  1.070E+10  5.135E-01  2.820E-02
     381      1     67      1     66      1      53     9.2071E+01  3.548E+08  4.701E-04  5.729E+01
     383      1     68      1     67      1      53     2.1266E+02  4.649E+09  8.962E-05  3.995E+01
     385      1     69      1     67      1      53     2.3259E+02  3.583E+09  1.000E-30  2.161E+01
     386      1     71      1     70      1      53     1.8245E+01  2.353E+06  1.794E-03  1.282E+01
     388      1     72      1     71      1      53     7.1086E+01  4.203E+08  6.770E-04  3.416E+01
     390      1     73      1     72      1      53     1.1156E+02  1.614E+09  1.370E-03  1.007E+01
     392      1     74      1     71      1      53     8.8734E+02  1.696E+12  1.000E-30  4.806E+01
     393      1     75      1     70      1      53     9.0769E+02  1.209E+12  3.247E-03  2.961E+01
     395      1     75      1     72      1      53     8.1835E+02  3.545E+11  1.000E-30  1.672E+01
     396      1     75      1     74      1      53     2.1014E+00  4.925E+03  6.695E-03  4.743E+00
     398      1     76      1     71      1      53     9.4411E+02  3.263E+12  1.894E-03  4.051E+01
     400      1     76      1     73      1      53     7.6146E+02  6.264E+10  1.000E-30  3.158E+00
     402      1     76      1     75      1      53     5.4666E+01  3.904E+08  2.083E-03  2.271E+01
     404      1     77      1     72      1      53     9.7713E+02  7.149E+12  6.614E-03  1.386E+01
     407      1     77      1     76      1      53     1.0411E+02  4.305E+09  8.815E-03  5.198E+00
     409      1     78      1     73      1      53     1.0763E+03  1.747E+13  1.908E-02  6.391E+00
     411      1     78      1     77      1      53     2.1071E+02  3.117E+10  1.360E-02  2.118E+00
     412      1     79      1     70      1      53     1.3871E+03  1.172E+12  1.454E-03  1.792E+01
     414      1     79      1     72      1      53     1.2978E+03  2.933E+11  1.000E-30  9.325E+00
     415      1     79      1     74      1      53     4.8154E+02  1.943E+11  6.108E-03  1.703E+01
     417      1     79      1     76      1      53     4.2478E+02  7.974E+10  1.000E-30  1.024E+01
     420      1     80      1     71      1      53     1.3753E+03  1.384E+12  1.000E-30  4.803E+01
     422      1     80      1     75      1      53     4.8588E+02  3.930E+11  1.000E-30  2.965E+01
     424      1     80      1     79      1      53     6.4349E+00  5.070E+05  1.000E-30  1.649E+01
     426      1     81      1     71      1      53     1.4208E+03  2.786E+12  4.392E-04  4.368E+01
     428      1     81      1     73      1      53     1.2382E+03  5.038E+10  1.000E-30  4.326E+00
     430      1     81      1     75      1      53     5.3137E+02  6.069E+11  3.176E-03  2.524E+01
     432      1     81      1     77      1      53     3.7259E+02  1.694E+10  1.000E-30  1.911E+00
     434      1     81      1     79      1      53     5.1923E+01  6.908E+08  7.561E-03  1.303E+01
     438      1     82      1     76      1      53     5.7966E+02  1.512E+12  1.370E-02  6.854E+00
     440      1     82      1     78      1      53     2.6484E+02  1.215E+09  1.000E-30  7.531E-01
     442      1     82      1     81      1      53     1.0296E+02  9.606E+09  3.648E-02  3.011E+00
     443      1     83      1     74      1      53     7.7070E+02  2.211E+11  2.602E-03  1.103E+01
     445      1     83      1     76      1      53     7.1393E+02  8.204E+10  1.000E-30  5.472E+00
     447      1     83      1     80      1      53     2.8272E+02  4.187E+10  1.044E-02  1.068E+01
     448      1     83      1     81      1      53     2.3723E+02  1.858E+10  1.000E-30  6.704E+00
     451      1     84      1     75      1      53     7.7945E+02  3.560E+11  1.000E-30  2.961E+01
     452      1     84      1     79      1      53     3.0001E+02  1.221E+11  1.000E-30  1.709E+01
     455      1     84      1     83      1      53     1.0851E+01  3.561E+06  1.000E-30  1.124E+01
     457      1     85      1     75      1      53     8.2063E+02  5.768E+11  7.699E-04  2.680E+01
     459      1     85      1     77      1      53     6.6185E+02  1.985E+10  1.000E-30  1.859E+00
     460      1     85      1     79      1      53     3.4119E+02  1.754E+11  6.142E-03  1.433E+01
     463      1     85      1     82      1      53     1.8630E+02  3.082E+09  1.000E-30  1.279E+00
     464      1     85      1     83      1      53     5.2031E+01  1.305E+09  2.318E-02  8.165E+00
     467      1     86      1     77      1      53     6.7729E+02  4.285E+12  3.933E-02  3.138E+00
     470      1     86      1     82      1      53     2.0174E+02  7.536E+10  6.973E-02  1.226E+00
     473      1     87      1     78      1      53     5.1236E+02  2.054E+12  6.107E-02  1.791E+00
     475      1     87      1     86      1      53     4.5782E+01  1.677E+08  1.893E-02  6.247E-01
     477      1     88      1     76      1      53     8.6948E+02  1.158E+12  2.692E-03  7.775E+00
     479      1     88      1     78      1      53     5.5466E+02  2.321E+09  1.000E-30  1.277E+00
     481      1     88      1     81      1      53     3.9278E+02  5.082E+11  2.670E-02  3.868E+00
     484      1     88      1     85      1      53     1.0351E+02  1.797E+10  1.168E-01  1.913E+00
     485      1     88      1     86      1      53     8.8076E+01  9.652E+07  1.000E-30  4.608E-01
     487      1     89      1     74      1      53     9.5869E+02  1.902E+11  1.647E-03  7.779E+00
     488      1     89      1     76      1      53     9.0192E+02  6.562E+10  1.000E-30  4.812E+00
     490      1     89      1     80      1      53     4.7071E+02  5.450E+10  4.260E-03  7.300E+00
     491      1     89      1     81      1      53     4.2522E+02  2.444E+10  1.000E-30  3.763E+00
     494      1     89      1     84      1      53     1.7714E+02  1.081E+10  1.650E-02  7.154E+00
     495      1     89      1     85      1      53     1.3596E+02  4.087E+09  1.000E-30  4.602E+00
     497      1     90      1     75      1      53     9.7022E+02  2.792E+11  1.000E-30  2.963E+01
     498      1     90      1     79      1      53     4.9078E+02  1.164E+11  1.000E-30  1.711E+01
     501      1     90      1     83      1      53     2.0163E+02  4.717E+10  1.000E-30  1.074E+01
     504      1     90      1     89      1      53     1.3639E+01  6.084E+06  1.000E-30  3.882E+00
     505      1     91      1     75      1      53     1.0099E+03  4.659E+11  3.224E-04  2.771E+01
     506      1     91      1     77      1      53     8.5110E+02  1.598E+10  1.000E-30  2.641E+00
     507      1     91      1     79      1      53     5.3043E+02  1.695E+11  1.473E-03  1.525E+01
     510      1     91      1     82      1      53     3.7555E+02  6.035E+09  1.000E-30  9.654E-01
     511      1     91      1     83      1      53     2.4127E+02  6.995E+10  1.125E-02  8.889E+00
     515      1     91      1     88      1      53     8.5729E+01  3.159E+08  1.000E-30  9.248E-01
     516      1     91      1     89      1      53     5.3287E+01  2.393E+09  6.262E-02  5.436E+00
     518      1     92      1     74      1      53     1.0879E+03  1.540E+11  1.177E-03  6.029E+00
     519      1     92      1     76      1      53     1.0312E+03  5.045E+10  1.000E-30  5.606E+00
     520      1     92      1     80      1      53     5.9995E+02  5.095E+10  2.636E-03  5.319E+00
     521      1     92      1     81      1      53     5.5446E+02  2.189E+10  1.000E-30  2.801E+00
     523      1     92      1     84      1      53     3.0638E+02  1.600E+10  6.517E-03  5.109E+00
     524      1     92      1     85      1      53     2.6520E+02  7.444E+09  1.000E-30  2.768E+00
     527      1     92      1     90      1      53     1.1560E+02  3.077E+09  2.432E-02  5.026E+00
     528      1     92      1     91      1      53     7.5952E+01  7.287E+08  1.000E-30  3.313E+00
     529      1     93      1     75      1      53     1.1014E+03  2.146E+11  1.000E-30  2.965E+01
     530      1     93      1     79      1      53     6.2192E+02  9.681E+10  1.000E-30  1.712E+01
     531      1     93      1     83      1      53     3.3276E+02  4.572E+10  1.000E-30  1.076E+01
     534      1     93      1     89      1      53     1.4478E+02  2.170E+10  1.000E-30  7.233E+00
     537      1     93      1     92      1      53     1.5538E+01  2.546E+07  1.000E-30  5.273E+00
     538      1     94      1     76      1      53     1.0597E+03  8.484E+11  1.018E-03  8.307E+00
     539      1     94      1     78      1      53     7.4491E+02  2.021E+09  1.000E-30  1.776E+00
     541      1     94      1     81      1      53     5.8303E+02  3.862E+11  5.323E-03  4.374E+00
     544      1     94      1     85      1      53     2.9377E+02  2.397E+11  5.023E-02  2.393E+00
     545      1     94      1     86      1      53     2.7833E+02  6.824E+08  1.000E-30  6.328E-01
     549      1     94      1     91      1      53     1.0453E+02  2.770E+10  3.104E-01  1.304E+00
     552      1     95      1     77      1      53     9.6122E+02  2.203E+12  5.716E-03  3.706E+00
     555      1     95      1     82      1      53     4.8567E+02  1.664E+12  7.757E-02  1.761E+00
     558      1     95      1     87      1      53     2.3815E+02  1.038E+09  1.000E-30  2.681E-01
     559      1     95      1     88      1      53     1.9586E+02  1.239E+11  2.288E-01  7.977E-01
     561      1     95      1     94      1      53     5.5996E+00  2.444E+04  3.488E-03  3.393E-01
     562      1     96      1     75      1      53     1.1409E+03  3.655E+11  1.718E-04  2.831E+01
     563      1     96      1     77      1      53     9.8211E+02  1.226E+10  1.000E-30  3.223E+00
     564      1     96      1     79      1      53     6.6145E+02  1.433E+11  6.203E-04  1.578E+01
     565      1     96      1     82      1      53     5.0657E+02  5.912E+09  1.000E-30  1.336E+00
     566      1     96      1     83      1      53     3.7229E+02  6.471E+10  2.637E-03  9.420E+00
     569      1     96      1     88      1      53     2.1675E+02  1.543E+09  1.000E-30  6.146E-01
     570      1     96      1     89      1      53     1.8430E+02  3.599E+10  1.973E-02  5.922E+00
     573      1     96      1     92      1      53     5.5065E+01  4.044E+09  1.511E-01  3.828E+00
     575      1     96      1     94      1      53     2.6491E+01  5.541E+06  1.000E-30  7.060E-01
     578      1     97      1     78      1      53     7.9354E+02  9.529E+11  5.809E-03  2.181E+00
     580      1     97      1     86      1      53     3.2696E+02  4.761E+11  1.035E-01  9.931E-01
     584      1     97      1     95      1      53     4.3029E+01  3.577E+08  7.979E-02  4.105E-01
     585      1     98      1     74      1      53     1.1808E+03  1.228E+11  8.708E-04  5.081E+00
     586      1     98      1     76      1      53     1.1240E+03  3.884E+10  1.000E-30  6.466E+00
     587      1     98      1     80      1      53     6.9278E+02  4.379E+10  1.892E-03  4.135E+00
     588      1     98      1     81      1      53     6.4729E+02  1.814E+10  1.000E-30  2.950E+00
     589      1     98      1     84      1      53     3.9921E+02  1.618E+10  3.947E-03  3.835E+00
     590      1     98      1     85      1      53     3.5803E+02  7.599E+09  1.000E-30  1.930E+00
     592      1     98      1     90      1      53     2.0843E+02  5.315E+09  9.433E-03  3.739E+00
     593      1     98      1     91      1      53     1.6878E+02  2.212E+09  1.000E-30  2.122E+00
     595      1     98      1     93      1      53     7.7294E+01  9.196E+08  3.356E-02  3.689E+00
     597      1     98      1     96      1      53     3.7767E+01  7.516E+07  1.000E-30  2.482E+00
     598      1     99      1     75      1      53     1.1956E+03  1.660E+11  1.000E-30  2.967E+01
     599      1     99      1     79      1      53     7.1611E+02  7.769E+10  1.000E-30  1.714E+01
     600      1     99      1     83      1      53     4.2696E+02  3.909E+10  1.000E-30  1.078E+01
     601      1     99      1     89      1      53     2.3897E+02  2.070E+10  1.000E-30  7.253E+00
     604      1     99      1     92      1      53     1.0973E+02  1.160E+10  1.000E-30  5.101E+00
     607      1     99      1     98      1      53     1.6897E+01  6.740E+07  1.000E-30  3.936E+00
     608      1    100      1     75      1      53     1.2357E+03  2.862E+11  1.043E-04  2.871E+01
     609      1    100      1     77      1      53     1.0769E+03  9.403E+09  1.000E-30  3.621E+00
     610      1    100      1     79      1      53     7.5626E+02  1.174E+11  3.312E-04  1.619E+01
     611      1    100      1     82      1      53     6.0138E+02  5.064E+09  1.000E-30  1.690E+00
     612      1    100      1     83      1      53     4.6710E+02  5.574E+10  1.101E-03  9.825E+00
     613      1    100      1     88      1      53     3.1156E+02  1.939E+09  1.000E-30  7.712E-01
     614      1    100      1     89      1      53     2.7912E+02  3.068E+10  4.461E-03  6.275E+00
     617      1    100      1     92      1      53     1.4988E+02  2.264E+10  3.353E-02  4.156E+00
     619      1    100      1     94      1      53     1.2130E+02  2.992E+08  1.000E-30  4.583E-01
     621      1    100      1     98      1      53     5.7044E+01  6.106E+09  3.291E-01  2.824E+00
     623      1    101      1     76      1      53     1.1918E+03  6.284E+11  5.130E-04  8.581E+00
     624      1    101      1     78      1      53     8.7698E+02  1.577E+09  1.000E-30  2.102E+00
     625      1    101      1     81      1      53     7.1510E+02  2.948E+11  2.040E-03  4.693E+00
     627      1    101      1     85      1      53     4.2583E+02  1.694E+11  9.750E-03  2.706E+00
     628      1    101      1     86      1      53     4.1039E+02  8.799E+08  1.000E-30  9.204E-01
     631      1    101      1     91      1      53     2.3659E+02  1.415E+11  8.933E-02  1.598E+00
     634      1    101      1     95      1      53     1.2646E+02  1.044E+08  1.000E-30  3.711E-01
     635      1    101      1     96      1      53     1.0557E+02  3.589E+10  7.113E-01  9.515E-01
     638      1    101      1    100      1      53     1.0760E+01  2.280E+05  3.889E-03  5.598E-01
     639      1    102      1     77      1      53     1.1469E+03  1.337E+12  1.863E-03  4.037E+00
     641      1    102      1     82      1      53     6.7131E+02  8.970E+11  1.225E-02  2.086E+00
     644      1    102      1     87      1      53     4.2378E+02  9.045E+08  1.000E-30  4.911E-01
     645      1    102      1     88      1      53     3.8149E+02  8.498E+11  1.403E-01  1.104E+00
     647      1    102      1     94      1      53     1.9123E+02  1.587E+11  5.866E-01  5.622E-01
     650      1    102      1     97      1      53     1.4260E+02  5.541E+08  1.000E-30  1.874E-01
     652      1    102      1    101      1      53     5.9168E+01  3.502E+07  5.061E-03  2.836E-01
     653      1    103      1     76      1      53     1.2875E+03  4.767E+11  2.989E-04  8.858E+00
     654      1    103      1     78      1      53     9.7272E+02  1.210E+09  1.000E-30  2.322E+00
     655      1    103      1     81      1      53     8.1083E+02  2.282E+11  1.034E-03  4.913E+00
     656      1    103      1     85      1      53     5.2157E+02  1.299E+11  3.732E-03  2.919E+00
     657      1    103      1     86      1      53     5.0613E+02  8.317E+08  1.000E-30  1.133E+00
     659      1    103      1     91      1      53     3.3233E+02  9.193E+10  1.680E-02  1.811E+00
     662      1    103      1     95      1      53     2.2220E+02  2.268E+08  1.000E-30  5.486E-01
     663      1    103      1     96      1      53     2.0131E+02  9.931E+10  1.523E-01  1.145E+00
     665      1    103      1    100      1      53     1.0650E+02  3.940E+10  1.454E+00  7.360E-01
     667      1    103      1    102      1      53     3.6571E+01  3.277E+06  1.000E-30  2.609E-01
     668      1    104      1     78      1      53     9.7661E+02  5.231E+11  1.538E-03  2.409E+00
     670      1    104      1     86      1      53     5.1003E+02  3.419E+11  1.428E-02  1.214E+00
     674      1    104      1     95      1      53     2.2610E+02  1.456E+11  1.629E-01  6.225E-01
     677      1    104      1    102      1      53     4.0464E+01  5.092E+08  2.213E-01  2.976E-01
     679      1    105      1     77      1      53     1.2750E+03  8.822E+11  8.506E-04  4.242E+00
     680      1    105      1     82      1      53     7.9944E+02  5.748E+11  4.178E-03  2.291E+00
     682      1    105      1     87      1      53     5.5191E+02  6.356E+08  1.000E-30  6.887E-01
     683      1    105      1     88      1      53     5.0962E+02  4.571E+11  2.323E-02  1.302E+00
     685      1    105      1     94      1      53     3.1936E+02  5.152E+11  2.337E-01  7.503E-01
     688      1    105      1     97      1      53     2.7073E+02  6.803E+08  1.000E-30  2.954E-01
     690      1    105      1    101      1      53     1.8730E+02  1.668E+11  1.264E+00  4.332E-01
     692      1    105      1    103      1      53     9.1560E+01  5.659E+07  2.423E-03  2.544E-01
     693      1    105      1    104      1      53     8.7667E+01  2.109E+08  1.000E-30  1.579E-01
     694      1    106      1     78      1      53     1.1024E+03  3.231E+11  6.228E-04  2.553E+00
     695      1    106      1     86      1      53     6.3583E+02  2.310E+11  4.378E-03  1.358E+00
     698      1    106      1     95      1      53     3.5190E+02  1.258E+11  2.570E-02  7.660E-01
     701      1    106      1    102      1      53     1.6626E+02  5.509E+10  2.423E-01  4.315E-01
     704      1    106      1    105      1      53     3.8133E+01  5.972E+08  4.620E-01  2.409E-01
     705      1    107      1     77      1      53     1.3672E+03  6.171E+11  4.665E-04  4.384E+00
     706      1    107      1     82      1      53     8.9170E+02  3.954E+11  1.945E-03  2.433E+00
     707      1    107      1     87      1      53     6.4417E+02  4.492E+08  1.000E-30  8.303E-01
     708      1    107      1     88      1      53     6.0188E+02  2.918E+11  7.935E-03  1.444E+00
     710      1    107      1     94      1      53     4.1162E+02  2.765E+11  3.957E-02  8.931E-01
     712      1    107      1     97      1      53     3.6299E+02  5.555E+08  1.000E-30  4.273E-01
     714      1    107      1    101      1      53     2.7956E+02  3.590E+11  3.629E-01  5.644E-01
     716      1    107      1    103      1      53     1.8382E+02  1.834E+11  2.262E+00  3.677E-01
     717      1    107      1    104      1      53     1.7993E+02  3.710E+08  1.000E-30  2.136E-01
     719      1    107      1    106      1      53     5.4126E+01  6.597E+07  1.000E-30  1.556E-01
     720      1    108      1     78      1      53     1.1926E+03  2.154E+11  3.160E-04  2.648E+00
     721      1    108      1     86      1      53     7.2599E+02  1.615E+11  1.908E-03  1.459E+00
     723      1    108      1     95      1      53     4.4206E+02  9.443E+10  8.449E-03  8.608E-01
     725      1    108      1    102      1      53     2.5642E+02  5.188E+10  4.054E-02  5.289E-01
     728      1    108      1    105      1      53     1.2829E+02  2.468E+10  3.279E-01  3.345E-01
     730      1    108      1    107      1      53     3.6034E+01  7.614E+08  7.717E-01  2.208E-01
     731      1    110      1    109      1      53     1.0325E+02  9.636E+08  1.000E-30  3.596E+02
     732      1    111      1    109      1      53     6.2828E+02  2.442E+11  1.812E-05  4.026E+02
     733      1    114      1    113      1      54     7.1415E+00  2.940E+03  1.000E-30  5.799E-04
     735      1    115      1    114      1      54     4.2027E+02  1.696E+10  3.448E-01  2.845E-02
     736      1    117      1    116      1      54     8.2284E+01  4.148E+07  3.767E+00  6.098E-03
     737      1    118      1    117      1      54     6.5579E+01  6.897E+07  4.879E-05  9.899E+01
     739      1    120      1    119      1      54     2.7707E+01  2.393E+06  6.656E+00  3.744E-03
     740      1    121      1    120      1      54     3.4184E+01  2.174E+07  3.047E-04  3.528E+01
     743      1    122      1    121      1      54     1.1729E+01  1.900E+05  1.389E-04  1.004E+01
     745      1    124      1    119      1      54     9.4819E+02  1.445E+12  3.216E-03  3.133E+01
     746      1    124      1    121      1      54     8.8629E+02  4.617E+11  1.000E-30  1.767E+01
     747      1    123      1    120      1      54     9.0352E+02  1.685E+12  1.000E-30  5.147E+01
     749      1    124      1    123      1      54     1.6956E+01  1.478E+06  1.867E+00  1.592E-02
     750      1    125      1    120      1      54     9.3511E+02  3.056E+12  1.720E-03  4.299E+01
     753      1    125      1    122      1      54     8.8920E+02  1.125E+11  1.000E-30  3.406E+00
     754      1    125      1    124      1      54     1.4632E+01  1.997E+06  5.640E-04  2.233E+01
     757      1    126      1    121      1      54     9.0719E+02  5.126E+12  5.477E-03  1.498E+01
     759      1    126      1    125      1      54     6.2624E+00  5.497E+04  5.128E-04  5.176E+00
     761      1    127      1    122      1      54     9.0472E+02  8.434E+12  1.437E-02  6.850E+00
     763      1    127      1    126      1      54     9.2648E+00  6.590E+04  3.443E-04  2.039E+00
     765      1    129      1    121      1      54     1.3816E+03  3.581E+11  1.000E-30  9.954E+00
     767      1    129      1    123      1      54     5.1224E+02  2.501E+11  6.145E-03  1.810E+01
     768      1    129      1    125      1      54     4.8065E+02  1.241E+11  1.000E-30  1.081E+01
     770      1    128      1    120      1      54     1.4063E+03  1.412E+12  1.000E-30  5.135E+01
     772      1    128      1    124      1      54     4.8585E+02  3.622E+11  1.000E-30  3.177E+01
     775      1    129      1    128      1      54     9.4325E+00  2.994E+05  1.925E+00  1.764E-02
     777      1    130      1    120      1      54     1.4246E+03  1.802E+12  3.413E-03  3.619E+00
     779      1    130      1    122      1      54     1.3787E+03  7.489E+10  1.000E-30  4.656E+00
     780      1    130      1    124      1      54     5.0408E+02  4.787E+11  2.756E-03  2.686E+01
     783      1    130      1    126      1      54     4.8319E+02  4.621E+10  1.000E-30  2.057E+00
     785      1    130      1    129      1      54     8.7978E+00  5.719E+05  1.281E-03  1.297E+01
     788      1    131      1    121      1      54     1.3942E+03  3.950E+12  1.024E-03  1.688E+01
     790      1    131      1    125      1      54     4.9329E+02  7.695E+11  1.043E-02  7.397E+00
     791      1    131      1    127      1      54     4.7777E+02  1.243E+10  1.000E-30  8.055E-01
     793      1    131      1    130      1      54     3.8408E+00  1.883E+04  1.311E-03  3.010E+00
     795      1    132      1    122      1      54     1.3904E+03  4.199E+12  1.648E-03  8.039E+00
     797      1    132      1    126      1      54     4.9497E+02  1.195E+12  2.580E-02  3.357E+00
     799      1    132      1    131      1      54     7.9348E+00  7.655E+04  1.093E-03  1.189E+00
     800      1    133      1    127      1      54     4.8686E+02  1.626E+12  5.245E-02  1.903E+00
     801      1    133      1    132      1      54     1.1594E+00  6.813E+01  4.796E-04  6.004E-01
     802      1    134      1    124      1      54     7.8763E+02  3.456E+11  1.000E-30  3.169E+01
     804      1    134      1    129      1      54     2.9235E+02  1.017E+11  1.000E-30  1.835E+01
     808      1    135      1    123      1      54     8.1021E+02  2.686E+11  2.614E-03  1.148E+01
     809      1    135      1    125      1      54     7.7862E+02  1.108E+11  1.000E-30  1.002E+01
     811      1    135      1    128      1      54     3.0740E+02  5.888E+10  1.072E-02  1.138E+01
     812      1    135      1    130      1      54     2.8917E+02  3.892E+10  1.000E-30  5.788E+00
     814      1    135      1    134      1      54     5.6221E+00  1.712E+05  1.922E-02  3.054E+00
     815      1    136      1    124      1      54     7.9909E+02  5.009E+11  6.125E-04  3.168E+01
     818      1    136      1    126      1      54     7.7820E+02  3.661E+10  1.000E-30  4.981E+00
     819      1    136      1    129      1      54     3.0380E+02  1.081E+11  4.173E-03  1.832E+01
     822      1    136      1    131      1      54     2.9116E+02  1.772E+10  1.000E-30  2.883E+00
     825      1    136      1    135      1      54     5.8334E+00  2.094E+05  2.540E-03  8.225E+00
     827      1    137      1    125      1      54     7.8707E+02  7.493E+11  1.820E-03  1.003E+01
     828      1    137      1    127      1      54     7.7154E+02  8.380E+09  1.000E-30  3.010E+00
     830      1    137      1    130      1      54     2.9761E+02  1.651E+11  1.304E-02  5.803E+00
     831      1    137      1    132      1      54     2.8584E+02  6.991E+09  1.000E-30  1.741E+00
     833      1    137      1    136      1      54     2.6080E+00  7.804E+03  2.760E-03  1.895E+00
     835      1    138      1    126      1      54     7.8806E+02  9.651E+11  3.362E-03  4.983E+00
     837      1    138      1    131      1      54     3.0103E+02  2.531E+11  2.835E-02  2.886E+00
     838      1    138      1    133      1      54     2.9194E+02  2.262E+09  1.000E-30  1.168E+00
     840      1    138      1    137      1      54     7.2571E+00  8.253E+04  2.426E-03  7.558E-01
     841      1    139      1    127      1      54     7.7953E+02  8.580E+11  3.978E-03  3.011E+00
     842      1    139      1    132      1      54     2.9383E+02  3.183E+11  5.093E-02  1.742E+00
     843      1    139      1    138      1      54     7.3047E-01  3.181E+01  1.400E-03  3.841E-01
     844      1    140      1    133      1      54     2.9317E+02  4.211E+11  8.683E-02  1.165E+00
     845      1    140      1    139      1      54     5.0455E-01  3.986E+00  7.384E-04  2.255E-01
     846      1    141      1    124      1      54     9.8280E+02  2.752E+11  1.000E-30  3.167E+01
     847      1    141      1    129      1      54     4.8751E+02  1.060E+11  1.000E-30  1.830E+01
     851      1    141      1    135      1      54     1.8954E+02  3.398E+10  1.000E-30  1.151E+01
     853      1    142      1    123      1      54     1.0032E+03  2.254E+11  1.717E-03  7.718E+00
     854      1    142      1    125      1      54     9.7165E+02  8.415E+10  1.000E-30  1.004E+01
     856      1    142      1    128      1      54     5.0043E+02  6.918E+10  4.274E-03  7.686E+00
     857      1    142      1    130      1      54     4.8220E+02  3.833E+10  1.000E-30  5.814E+00
     859      1    142      1    134      1      54     1.9865E+02  1.718E+10  1.751E-02  7.604E+00
     861      1    142      1    136      1      54     1.8719E+02  1.394E+10  1.000E-30  4.880E+00
     863      1    142      1    141      1      54     3.4847E+00  4.400E+04  3.356E-02  1.926E+00
     864      1    143      1    124      1      54     9.9046E+02  4.169E+11  2.676E-04  3.167E+01
     865      1    143      1    126      1      54     9.6956E+02  2.603E+10  1.000E-30  4.999E+00
     866      1    143      1    129      1      54     4.9517E+02  1.248E+11  1.111E-03  1.830E+01
     869      1    143      1    131      1      54     4.8253E+02  1.589E+10  1.000E-30  2.903E+00
     872      1    143      1    135      1      54     1.9720E+02  3.059E+10  8.430E-03  9.462E+00
     874      1    143      1    137      1      54     1.8876E+02  7.172E+09  1.000E-30  9.973E-01
     877      1    143      1    142      1      54     4.1712E+00  9.084E+04  4.531E-03  5.482E+00
     878      1    144      1    125      1      54     9.7774E+02  5.921E+11  7.479E-04  1.005E+01
     879      1    144      1    127      1      54     9.6221E+02  5.428E+09  1.000E-30  3.029E+00
     881      1    144      1    130      1      54     4.8829E+02  1.842E+11  3.234E-03  5.817E+00
     882      1    144      1    132      1      54     4.7651E+02  5.661E+09  1.000E-30  1.759E+00
     884      1    144      1    136      1      54     1.9328E+02  4.436E+10  2.959E-02  2.567E+00
     885      1    144      1    138      1      54     1.8342E+02  3.272E+09  1.000E-30  3.566E-01
     887      1    144      1    143      1      54     1.9160E+00  3.863E+03  5.093E-03  1.285E+00
     888      1    145      1    126      1      54     9.7835E+02  6.810E+11  1.233E-03  5.000E+00
     890      1    145      1    131      1      54     4.9132E+02  2.504E+11  6.214E-03  2.903E+00
     891      1    145      1    133      1      54     4.8223E+02  1.464E+09  1.000E-30  1.186E+00
     893      1    145      1    137      1      54     1.9755E+02  6.597E+10  6.916E-02  1.151E+00
     894      1    145      1    139      1      54     1.8956E+02  1.671E+09  1.000E-30  1.855E-01
     896      1    145      1    144      1      54     6.8766E+00  8.934E+04  4.465E-03  5.225E-01
     897      1    146      1    127      1      54     9.6958E+02  4.893E+11  1.170E-03  3.027E+00
     898      1    146      1    132      1      54     4.8388E+02  2.688E+11  9.010E-03  1.758E+00
     899      1    146      1    138      1      54     1.9078E+02  7.387E+10  1.270E-01  6.492E-01
     900      1    146      1    140      1      54     1.8955E+02  5.122E+08  1.000E-30  1.246E-01
     901      1    146      1    145      1      54     4.8959E-01  1.359E+01  2.791E-03  2.740E-01
     902      1    147      1    133      1      54     4.8306E+02  2.254E+11  9.247E-03  1.181E+00
     903      1    147      1    139      1      54     1.9039E+02  9.002E+10  2.184E-01  4.163E-01
     904      1    147      1    146      1      54     3.3818E-01  2.264E+00  1.906E-03  1.657E-01
     905      1    148      1    140      1      54     1.9013E+02  1.059E+11  3.547E-01  2.886E-01
     906      1    148      1    147      1      54     2.4746E-01  3.521E-01  9.740E-04  1.085E-01
     907      1    149      1    124      1      54     1.1162E+03  2.123E+11  1.000E-30  3.167E+01
     908      1    149      1    129      1      54     6.2092E+02  8.998E+10  1.000E-30  1.830E+01
     910      1    149      1    135      1      54     3.2295E+02  3.787E+10  1.000E-30  1.153E+01
     913      1    149      1    142      1      54     1.2992E+02  1.298E+10  1.000E-30  7.743E+00
     915      1    150      1    123      1      54     1.1354E+03  1.799E+11  1.337E-03  5.455E+00
     916      1    150      1    125      1      54     1.1038E+03  6.322E+10  1.000E-30  1.006E+01
     917      1    150      1    128      1      54     6.3256E+02  6.223E+10  2.694E-03  5.423E+00
     918      1    150      1    130      1      54     6.1433E+02  3.142E+10  1.000E-30  5.833E+00
     919      1    150      1    134      1      54     3.3078E+02  2.159E+10  6.614E-03  5.398E+00
     921      1    150      1    136      1      54     3.1933E+02  1.492E+10  1.000E-30  2.924E+00
     923      1    150      1    141      1      54     1.3562E+02  5.847E+09  2.687E-02  5.372E+00
     925      1    150      1    143      1      54     1.2796E+02  5.575E+09  1.000E-30  3.520E+00
     927      1    150      1    149      1      54     2.2069E+00  1.154E+04  5.664E-02  1.214E+00
     928      1    151      1    124      1      54     1.1216E+03  3.301E+11  1.460E-04  3.166E+01
     929      1    151      1    126      1      54     1.1007E+03  1.871E+10  1.000E-30  5.017E+00
     930      1    151      1    129      1      54     6.2630E+02  1.117E+11  4.909E-04  1.829E+01
     931      1    151      1    131      1      54     6.1366E+02  1.227E+10  1.000E-30  2.921E+00
     933      1    151      1    135      1      54     3.2833E+02  3.806E+10  2.117E-03  1.006E+01
     935      1    151      1    137      1      54     3.1989E+02  7.062E+09  1.000E-30  6.577E-01
     937      1    151      1    142      1      54     1.3530E+02  1.028E+10  1.327E-02  6.301E+00
     939      1    151      1    144      1      54     1.2921E+02  3.111E+09  1.000E-30  7.517E-01
     941      1    151      1    150      1      54     3.1681E+00  4.644E+04  7.585E-03  3.848E+00
     942      1    152      1    125      1      54     1.1084E+03  4.532E+11  3.920E-04  1.006E+01
     943      1    152      1    127      1      54     1.0929E+03  3.666E+09  1.000E-30  3.046E+00
     944      1    152      1    130      1      54     6.1900E+02  1.599E+11  1.371E-03  5.836E+00
     945      1    152      1    132      1      54     6.0722E+02  4.085E+09  1.000E-30  1.777E+00
     947      1    152      1    136      1      54     3.2399E+02  5.495E+10  6.659E-03  2.905E+00
     948      1    152      1    138      1      54     3.1413E+02  3.049E+09  1.000E-30  3.888E-01
     950      1    152      1    143      1      54     1.3263E+02  1.426E+10  4.507E-02  1.713E+00
     951      1    152      1    145      1      54     1.2383E+02  1.502E+09  1.000E-30  2.852E-01
     953      1    152      1    151      1      54     1.4980E+00  2.136E+03  8.178E-03  9.312E-01
     954      1    153      1    126      1      54     1.1088E+03  4.858E+11  6.018E-04  5.017E+00
     955      1    153      1    131      1      54     6.2180E+02  2.023E+11  2.447E-03  2.920E+00
     956      1    153      1    133      1      54     6.1271E+02  9.303E+08  1.000E-30  1.203E+00
     958      1    153      1    137      1      54     3.2803E+02  7.669E+10  1.373E-02  1.367E+00
     959      1    153      1    139      1      54     3.2004E+02  1.284E+09  1.000E-30  2.978E-01
     961      1    153      1    144      1      54     1.3736E+02  2.129E+10  1.024E-01  7.763E-01
     962      1    153      1    146      1      54     1.2999E+02  9.852E+08  1.000E-30  1.516E-01
     963      1    153      1    152      1      54     6.6466E+00  9.648E+04  7.126E-03  3.943E-01
     964      1    154      1    127      1      54     1.0999E+03  3.084E+11  5.015E-04  3.044E+00
     965      1    154      1    132      1      54     6.1421E+02  1.938E+11  3.116E-03  1.774E+00
     966      1    154      1    138      1      54     3.2112E+02  8.445E+10  2.164E-02  8.006E-01
     967      1    154      1    140      1      54     3.1988E+02  3.208E+08  1.000E-30  2.382E-01
     968      1    154      1    145      1      54     1.3082E+02  2.171E+10  1.786E-01  4.426E-01
     969      1    154      1    147      1      54     1.3000E+02  4.548E+08  1.000E-30  1.011E-01
     970      1    154      1    153      1      54     3.4390E-01  6.024E+00  4.489E-03  2.176E-01
     971      1    155      1    133      1      54     6.1329E+02  1.279E+11  2.502E-03  1.197E+00
     972      1    155      1    139      1      54     3.2062E+02  8.821E+10  2.835E-02  5.290E-01
     973      1    155      1    146      1      54     1.3057E+02  2.527E+10  2.948E-01  2.880E-01
     974      1    155      1    148      1      54     1.2999E+02  1.410E+08  1.000E-30  7.770E-02
     975      1    155      1    154      1      54     2.3759E-01  1.119E+00  3.200E-03  1.393E-01
     976      1    156      1    124      1      54     1.2114E+03  1.638E+11  1.000E-30  3.167E+01
     977      1    156      1    129      1      54     7.1613E+02  7.285E+10  1.000E-30  1.831E+01
     978      1    156      1    135      1      54     4.1816E+02  3.381E+10  1.000E-30  1.155E+01
     980      1    156      1    142      1      54     2.2513E+02  1.526E+10  1.000E-30  7.763E+00
     983      1    156      1    150      1      54     9.3002E+01  5.539E+09  1.000E-30  5.469E+00
     985      1    157      1    123      1      54     1.2298E+03  1.421E+11  1.128E-03  4.020E+00
     986      1    157      1    125      1      54     1.1982E+03  4.781E+10  1.000E-30  1.008E+01
     987      1    157      1    128      1      54     7.2695E+02  5.229E+10  2.027E-03  3.988E+00
     988      1    157      1    130      1      54     7.0872E+02  2.487E+10  1.000E-30  5.852E+00
     989      1    157      1    134      1      54     4.2517E+02  2.060E+10  4.018E-03  3.970E+00
     990      1    157      1    136      1      54     4.1371E+02  1.291E+10  1.000E-30  2.047E+00
     991      1    157      1    141      1      54     2.3000E+02  7.847E+09  9.801E-03  3.957E+00
     993      1    157      1    143      1      54     2.2235E+02  6.338E+09  1.000E-30  2.239E+00
     995      1    157      1    149      1      54     9.6594E+01  2.241E+09  3.950E-02  3.944E+00
     997      1    157      1    151      1      54     9.1219E+01  2.427E+09  1.000E-30  2.637E+00
     999      1    157      1    156      1      54     1.3856E+00  2.812E+03  9.156E-02  7.665E-01
    1000      1    158      1    124      1      54     1.2153E+03  2.587E+11  8.987E-05  3.168E+01
    1001      1    158      1    126      1      54     1.1944E+03  1.374E+10  1.000E-30  5.037E+00
    1002      1    158      1    129      1      54     7.2004E+02  9.330E+10  2.697E-04  1.830E+01
    1003      1    158      1    131      1      54     7.0740E+02  9.341E+09  1.000E-30  2.940E+00
    1004      1    158      1    135      1      54     4.2207E+02  3.598E+10  9.046E-04  1.046E+01
    1005      1    158      1    137      1      54     4.1363E+02  5.822E+09  1.000E-30  8.232E-01
    1007      1    158      1    142      1      54     2.2904E+02  1.354E+10  3.348E-03  6.673E+00
    1009      1    158      1    144      1      54     2.2296E+02  3.303E+09  1.000E-30  4.879E-01
    1011      1    158      1    150      1      54     9.6914E+01  3.937E+09  1.991E-02  4.418E+00
    1012      1    158      1    152      1      54     9.2248E+01  1.438E+09  1.000E-30  6.012E-01
    1014      1    158      1    157      1      54     2.5273E+00  2.723E+04  1.201E-02  2.823E+00
    1015      1    159      1    125      1      54     1.2019E+03  3.476E+11  2.354E-04  1.008E+01
    1016      1    159      1    127      1      54     1.1864E+03  2.582E+09  1.000E-30  3.066E+00
    1017      1    159      1    130      1      54     7.1248E+02  1.309E+11  7.331E-04  5.855E+00
    1018      1    159      1    132      1      54     7.0070E+02  2.955E+09  1.000E-30  1.796E+00
    1019      1    159      1    136      1      54     4.1747E+02  5.126E+10  2.677E-03  3.129E+00
    1020      1    159      1    138      1      54     4.0761E+02  2.394E+09  1.000E-30  5.763E-01
    1022      1    159      1    143      1      54     2.2610E+02  1.912E+10  1.031E-02  1.930E+00
    1023      1    159      1    145      1      54     2.1731E+02  1.580E+09  1.000E-30  2.664E-01
    1025      1    159      1    151      1      54     9.4977E+01  5.235E+09  6.486E-02  1.219E+00
    1026      1    159      1    153      1      54     8.6832E+01  6.981E+08  1.000E-30  2.490E-01
    1028      1    159      1    158      1      54     1.2307E+00  1.340E+03  1.213E-02  7.160E-01
    1029      1    160      1    126      1      54     1.2022E+03  3.557E+11  3.443E-04  5.035E+00
    1030      1    160      1    131      1      54     7.1513E+02  1.576E+11  1.244E-03  2.939E+00
    1031      1    160      1    133      1      54     7.0604E+02  6.248E+08  1.000E-30  1.221E+00
    1032      1    160      1    137      1      54     4.2136E+02  6.788E+10  5.116E-03  1.513E+00
    1033      1    160      1    139      1      54     4.1337E+02  9.017E+08  1.000E-30  4.347E-01
    1035      1    160      1    144      1      54     2.3069E+02  2.722E+10  2.109E-02  9.164E-01
    1036      1    160      1    146      1      54     2.2332E+02  8.497E+08  1.000E-30  2.058E-01
    1037      1    160      1    152      1      54     9.9979E+01  7.982E+09  1.433E-01  5.658E-01
    1038      1    160      1    154      1      54     9.2988E+01  5.535E+08  1.000E-30  1.443E-01
    1039      1    160      1    159      1      54     6.4994E+00  1.045E+05  9.991E-03  3.261E-01
    1040      1    161      1    127      1      54     1.1932E+03  2.080E+11  2.636E-04  3.061E+00
    1041      1    161      1    132      1      54     7.0745E+02  1.400E+11  1.456E-03  1.792E+00
    1042      1    161      1    138      1      54     4.1436E+02  7.087E+10  7.349E-03  9.017E-01
    1043      1    161      1    140      1      54     4.1312E+02  1.996E+08  1.000E-30  3.400E-01
    1044      1    161      1    145      1      54     2.2406E+02  2.942E+10  3.287E-02  5.457E-01
    1045      1    161      1    147      1      54     2.2323E+02  3.367E+08  1.000E-30  1.695E-01
    1046      1    161      1    153      1      54     9.3583E+01  7.324E+09  2.302E-01  3.341E-01
    1047      1    161      1    155      1      54     9.3001E+01  3.067E+08  1.000E-30  1.016E-01
    1048      1    161      1    160      1      54     2.5061E-01  2.797E+00  5.893E-03  1.951E-01
    1049      1    162      1    133      1      54     7.0646E+02  8.030E+10  1.011E-03  1.215E+00
    1050      1    162      1    139      1      54     4.1380E+02  6.451E+10  8.130E-03  6.093E-01
    1051      1    162      1    146      1      54     2.2375E+02  3.273E+10  4.571E-02  3.670E-01
    1052      1    162      1    148      1      54     2.2316E+02  8.516E+07  1.000E-30  1.425E-01
    1053      1    162      1    154      1      54     9.3412E+01  8.371E+09  3.561E-01  2.259E-01
    1054      1    162      1    161      1      54     1.7317E-01  5.532E-01  4.040E-03  1.358E-01
    1381      1    165      1    164      1       1     1.0199E+01  8.732E+05  1.873E-02  1.321E-01
    1384      1    167      1    164      1       1     1.0199E+01  1.716E+06  3.746E-02  1.321E-01
    1387      1    169      1    164      1       1     1.2088E+01  4.152E+04  5.590E-03  2.872E-01
    1389      1    169      1    166      1       1     1.8887E+00  8.736E+02  2.655E-03  3.691E-01
    1392      1    168      1    165      1       1     1.8887E+00  2.738E+01  2.796E-05  1.088E+00
    1394      1    168      1    167      1       1     1.8886E+00  5.476E+01  5.592E-05  1.088E+00
    1396      1    170      1    165      1       1     1.8887E+00  1.400E+03  2.190E-03  7.107E-01
    1398      1    170      1    167      1       1     1.8887E+00  2.792E+03  4.377E-03  7.107E-01
    1399      1    172      1    164      1       1     1.2749E+01  4.000E+02  1.220E-03  4.854E-01
    1401      1    172      1    166      1       1     2.5497E+00  1.137E+01  8.560E-05  3.061E+00
    1404      1    172      1    168      1       1     6.6104E-01  9.348E-01  1.970E-06  3.730E+00
    1405      1    172      1    170      1       1     6.6103E-01  1.060E-01  2.513E-07  3.353E+00
    1407      1    171      1    165      1       1     2.5497E+00  3.367E-01  2.453E-06  3.153E+00
    1409      1    171      1    167      1       1     2.5497E+00  6.734E-01  4.905E-06  3.153E+00
    1410      1    171      1    169      1       1     6.6103E-01  1.864E-01  3.844E-07  3.840E+00
    1414      1    173      1    165      1       1     2.5497E+00  1.354E+01  1.265E-04  2.446E+00
    1416      1    173      1    167      1       1     2.5497E+00  2.712E+01  2.535E-04  2.446E+00
    1417      1    173      1    169      1       1     6.6104E-01  3.590E+00  9.032E-06  3.132E+00
    1425      1    174      1    170      1       1     6.6103E-01  9.891E+00  3.429E-05  2.278E+00
    1426      1    176      1    164      1       1     1.3054E+01  9.062E+00  3.618E-04  7.997E-01
    1428      1    176      1    166      1       1     2.8557E+00  2.858E-01  1.692E-05  7.177E+00
    1430      1    176      1    168      1       1     9.6701E-01  3.202E-02  5.059E-07  7.942E+00
    1431      1    176      1    170      1       1     9.6699E-01  2.919E-03  4.870E-08  7.565E+00
    1433      1    176      1    171      1       1     3.0597E-01  4.553E-03  2.186E-08  1.001E+01
    1434      1    176      1    173      1       1     3.0596E-01  1.164E-03  6.046E-09  9.299E+00
    1437      1    175      1    165      1       1     2.8557E+00  8.197E-03  4.660E-07  7.507E+00
    1439      1    175      1    167      1       1     2.8556E+00  1.639E-02  9.321E-07  7.507E+00
    1440      1    175      1    169      1       1     9.6700E-01  5.863E-03  9.041E-08  8.194E+00
    1443      1    175      1    172      1       1     3.0596E-01  1.322E-03  6.301E-09  1.015E+01
    1447      1    177      1    165      1       1     2.8557E+00  3.046E-01  2.014E-05  6.375E+00
    1449      1    177      1    167      1       1     2.8557E+00  6.083E-01  4.023E-05  6.375E+00
    1450      1    177      1    169      1       1     9.6700E-01  1.110E-01  1.962E-06  7.061E+00
    1453      1    177      1    172      1       1     3.0597E-01  1.544E-02  8.179E-08  9.016E+00
    1456      1    177      1    174      1       1     3.0596E-01  5.242E-04  3.176E-09  7.941E+00
    1461      1    178      1    170      1       1     9.6699E-01  2.109E-01  4.518E-06  5.782E+00
    1463      1    178      1    173      1       1     3.0596E-01  3.797E-02  2.395E-07  7.516E+00
    1469      1    179      1    174      1       1     3.0596E-01  8.149E-02  6.770E-07  5.665E+00
    1470      1    181      1    164      1       1     1.3221E+01  3.656E-01  1.460E-04  1.118E+00
    1472      1    181      1    166      1       1     3.0219E+00  1.209E-02  4.440E-06  1.492E+01
    1473      1    181      1    168      1       1     1.1332E+00  1.515E-03  1.374E-07  1.569E+01
    1474      1    181      1    170      1       1     1.1332E+00  1.242E-04  1.159E-08  1.531E+01
    1476      1    181      1    171      1       1     4.7217E-01  2.947E-04  4.658E-09  1.775E+01
    1477      1    181      1    173      1       1     4.7216E-01  6.228E-05  1.031E-09  1.704E+01
    1480      1    181      1    175      1       1     1.6620E-01  5.664E-05  2.367E-10  2.210E+01
    1481      1    181      1    177      1       1     1.6620E-01  2.232E-05  9.956E-11  2.097E+01
    1484      1    180      1    165      1       1     3.0219E+00  3.430E-04  1.230E-07  1.542E+01
    1486      1    180      1    167      1       1     3.0218E+00  6.848E-04  2.456E-07  1.542E+01
    1487      1    180      1    169      1       1     1.1332E+00  2.656E-04  2.370E-08  1.611E+01
    1488      1    180      1    172      1       1     4.7217E-01  7.799E-05  1.224E-09  1.807E+01
    1491      1    180      1    176      1       1     1.6620E-01  2.063E-05  8.669E-11  2.228E+01
    1495      1    182      1    165      1       1     3.0219E+00  1.228E-02  4.807E-06  1.377E+01
    1497      1    182      1    167      1       1     3.0219E+00  2.463E-02  9.640E-06  1.377E+01
    1498      1    182      1    169      1       1     1.1332E+00  5.047E-03  4.891E-07  1.446E+01
    1499      1    182      1    172      1       1     4.7217E-01  9.669E-04  1.628E-08  1.641E+01
    1502      1    182      1    174      1       1     4.7216E-01  2.403E-05  4.360E-10  1.534E+01
    1503      1    182      1    176      1       1     1.6620E-01  1.773E-04  7.840E-10  2.063E+01
    1506      1    182      1    178      1       1     1.6620E-01  1.541E-05  7.603E-11  1.884E+01
    1509      1    183      1    170      1       1     1.1332E+00  8.267E-03  8.966E-07  1.266E+01
    1511      1    183      1    173      1       1     4.7216E-01  2.063E-03  3.884E-08  1.439E+01
    1513      1    183      1    177      1       1     1.6620E-01  4.088E-04  2.005E-09  1.832E+01
    1514      1    183      1    179      1       1     1.6620E-01  6.428E-06  3.680E-11  1.605E+01
    1517      1    184      1    174      1       1     4.7216E-01  2.905E-03  6.492E-08  1.185E+01
    1519      1    184      1    178      1       1     1.6620E-01  8.280E-04  4.768E-09  1.536E+01
    1521      1    185      1    179      1       1     1.6620E-01  1.545E-03  1.126E-08  1.194E+01
    1523      1    186      1    165      1       1     3.1221E+00  1.924E-05  3.887E-08  2.846E+01
    1524      1    186      1    167      1       1     3.1221E+00  3.848E-05  7.774E-08  2.846E+01
    1525      1    186      1    169      1       1     1.2334E+00  1.558E-05  6.832E-09  2.915E+01
    1526      1    186      1    172      1       1     5.7238E-01  5.015E-06  2.943E-10  3.110E+01
    1527      1    186      1    176      1       1     2.6642E-01  1.739E-06  1.283E-11  3.531E+01
    1530      1    186      1    181      1       1     1.0021E-01  5.108E-07  3.146E-25  4.306E+01
    1533      1    187      1    164      1       1     1.3321E+01  2.024E-02  6.580E-05  1.525E+00
    1534      1    187      1    166      1       1     3.1221E+00  6.881E-04  1.402E-06  2.775E+01
    1535      1    187      1    168      1       1     1.2334E+00  9.154E-05  4.028E-08  2.852E+01
    1536      1    187      1    170      1       1     1.2334E+00  7.032E-06  3.151E-09  2.814E+01
    1537      1    187      1    171      1       1     5.7238E-01  1.990E-05  1.166E-09  3.058E+01
    1538      1    187      1    173      1       1     5.7238E-01  3.789E-06  2.285E-10  2.988E+01
    1540      1    187      1    175      1       1     2.6642E-01  5.218E-06  3.812E-11  3.494E+01
    1541      1    187      1    177      1       1     2.6642E-01  1.734E-06  1.325E-11  3.380E+01
    1544      1    187      1    180      1       1     1.0022E-01  1.206E-06  1.000E-30  4.285E+01
    1545      1    187      1    182      1       1     1.0021E-01  6.289E-07  1.000E-30  4.120E+01
    1548      1    188      1    165      1       1     3.1221E+00  6.878E-04  1.439E-06  2.620E+01
    1549      1    188      1    167      1       1     3.1221E+00  1.376E-03  2.878E-06  2.620E+01
    1550      1    188      1    169      1       1     1.2334E+00  3.000E-04  1.360E-07  2.688E+01
    1551      1    188      1    172      1       1     5.7238E-01  6.461E-05  3.897E-09  2.884E+01
    1552      1    188      1    174      1       1     5.7238E-01  1.360E-06  8.585E-11  2.776E+01
    1553      1    188      1    176      1       1     2.6642E-01  1.637E-05  1.230E-10  3.305E+01
    1556      1    188      1    178      1       1     2.6642E-01  1.077E-06  8.720E-12  3.127E+01
    1558      1    188      1    181      1       1     1.0022E-01  3.612E-06  1.000E-30  4.079E+01
    1561      1    188      1    183      1       1     1.0021E-01  5.346E-07  1.000E-30  3.814E+01
    1564      1    189      1    170      1       1     1.2334E+00  4.605E-04  2.200E-07  2.447E+01
    1565      1    189      1    173      1       1     5.7238E-01  1.300E-04  8.284E-09  2.620E+01
    1567      1    189      1    177      1       1     2.6642E-01  3.577E-05  2.844E-10  3.013E+01
    1568      1    189      1    179      1       1     2.6642E-01  3.824E-07  3.361E-12  2.786E+01
    1570      1    189      1    182      1       1     1.0021E-01  8.044E-06  6.220E-24  3.753E+01
    1571      1    189      1    184      1       1     1.0021E-01  3.444E-07  1.000E-30  3.404E+01
    1573      1    190      1    174      1       1     5.7238E-01  1.550E-04  1.079E-08  2.284E+01
    1575      1    190      1    178      1       1     2.6642E-01  6.139E-05  5.349E-10  2.635E+01
    1577      1    190      1    183      1       1     1.0021E-01  1.584E-05  1.874E-23  3.323E+01
    1580      1    191      1    179      1       1     2.6642E-01  7.377E-05  7.378E-10  2.191E+01
    1581      1    191      1    184      1       1     1.0021E-01  2.896E-05  1.000E-30  2.810E+01
    1583      1    192      1    185      1       1     1.0021E-01  5.059E-05  5.027E-23  2.243E+01
    1585      1    193      1    165      1       1     3.1872E+00  1.182E-06  1.461E-08  4.846E+01
    1586      1    193      1    167      1       1     3.1871E+00  2.364E-06  2.922E-08  4.846E+01
    1587      1    193      1    169      1       1     1.2985E+00  9.769E-07  2.413E-09  4.915E+01
    1588      1    193      1    172      1       1     6.3742E-01  3.291E-07  9.430E-11  5.110E+01
    1596      1    194      1    164      1       1     1.3386E+01  1.240E-03  1.387E-06  4.735E+01
    1597      1    194      1    166      1       1     3.1871E+00  4.299E-05  5.269E-07  4.752E+01
    1598      1    194      1    168      1       1     1.2985E+00  5.871E-06  1.433E-08  4.828E+01
    1599      1    194      1    170      1       1     1.2985E+00  4.359E-07  1.077E-09  4.790E+01
    1600      1    194      1    171      1       1     6.3743E-01  1.360E-06  3.838E-10  5.035E+01
    1601      1    194      1    173      1       1     6.3742E-01  2.420E-07  6.966E-11  4.964E+01
    1602      1    194      1    175      1       1     3.3146E-01  3.983E-07  1.057E-11  5.470E+01
    1613      1    195      1    165      1       1     3.1872E+00  4.304E-05  5.221E-07  4.549E+01
    1614      1    195      1    167      1       1     3.1871E+00  8.608E-05  1.044E-06  4.549E+01
    1615      1    195      1    169      1       1     1.2985E+00  1.938E-05  4.695E-08  4.617E+01
    1616      1    195      1    172      1       1     6.3742E-01  4.439E-06  1.244E-09  4.813E+01
    1618      1    195      1    176      1       1     3.3146E-01  1.265E-06  3.339E-11  5.234E+01
    1620      1    195      1    181      1       1     1.6526E-01  3.856E-07  3.874E-25  6.008E+01
    1631      1    196      1    170      1       1     1.2985E+00  2.920E-05  7.046E-08  4.305E+01
    1632      1    196      1    173      1       1     6.3742E-01  8.779E-06  2.457E-09  4.479E+01
    1633      1    196      1    177      1       1     3.3146E-01  2.725E-06  7.214E-11  4.872E+01
    1636      1    196      1    182      1       1     1.6526E-01  8.502E-07  1.000E-30  5.611E+01
    1639      1    196      1    188      1       1     6.5043E-02  2.138E-07  4.291E-25  6.854E+01
    1642      1    197      1    174      1       1     6.3742E-01  9.785E-06  2.766E-09  4.048E+01
    1643      1    197      1    178      1       1     3.3146E-01  4.382E-06  1.181E-10  4.399E+01
    1645      1    197      1    183      1       1     1.6526E-01  1.576E-06  1.000E-30  5.086E+01
    1648      1    197      1    189      1       1     6.5043E-02  4.198E-07  1.000E-30  6.267E+01
    1651      1    198      1    179      1       1     3.3146E-01  4.450E-06  1.249E-10  3.837E+01
    1652      1    198      1    184      1       1     1.6526E-01  2.449E-06  1.000E-30  4.456E+01
    1653      1    198      1    190      1       1     6.5043E-02  7.802E-07  1.000E-30  5.555E+01
    1656      1    199      1    185      1       1     1.6526E-01  2.732E-06  3.248E-24  3.747E+01
    1657      1    199      1    191      1       1     6.5043E-02  1.382E-06  1.000E-30  4.744E+01
    1659      1    200      1    192      1       1     6.5043E-02  2.371E-06  1.000E-30  3.870E+01
    1673      1    202      1    164      1       1     1.3431E+01  6.478E-05  5.990E-07  7.616E+01
    1674      1    202      1    166      1       1     3.2317E+00  2.279E-06  2.240E-07  7.633E+01
    1675      1    202      1    168      1       1     1.3431E+00  3.195E-07  5.927E-09  7.710E+01
    1692      1    203      1    165      1       1     3.2317E+00  2.325E-06  2.169E-07  7.377E+01
    1693      1    203      1    167      1       1     3.2317E+00  4.649E-06  4.337E-07  7.377E+01
    1694      1    203      1    169      1       1     1.3431E+00  1.068E-06  1.885E-08  7.445E+01
    1695      1    203      1    172      1       1     6.8202E-01  2.537E-07  4.754E-10  7.641E+01
    1710      1    204      1    170      1       1     1.3430E+00  1.635E-06  2.697E-08  7.053E+01
    1711      1    204      1    173      1       1     6.8202E-01  5.097E-07  8.945E-10  7.227E+01
    1723      1    205      1    174      1       1     6.8201E-01  5.667E-07  9.224E-10  6.689E+01
    1724      1    205      1    178      1       1     3.7605E-01  2.700E-07  3.628E-11  7.039E+01
    1734      1    206      1    179      1       1     3.7605E-01  2.596E-07  3.267E-11  6.344E+01
    1775      1    211      1    164      1       1     1.3469E+01  2.159E-06  8.579E-07  1.164E+02
