#  File format type:   4
#
#  SPECT3D transition powers file.
#  RUN NAME:  xe_20-200ev_1e18-1e21_4mm
#  Total number of transitions   =     1890
#  Number of written transitions =      862
#  Plasma temperature (eV)       =     1.0000E+02
#  Mass density (g/cm3)          =     2.2432E-05
#  Cell areal density (g/cm2)    =     8.9730E-06
#  Material mass fractions       =     1.0000E+00
#  DCA material number fractions =     1.3000E-02    9.8700E-01
# -----------------------------------------------------
#
#
#   Trans.  Trans  Upper  Upper  Lower  Lower   Ioniz   Energy     Line Power Line Center Line Width
#   Index   Model  Level  Model  Level  Model   Stage   (eV)       (W/cm2)    Opt. Depth      eV
# --------------------------------------------------------------------------------------------------
       1      1      3      1      2      1      52     1.1982E+02  8.678E+06  1.448E-12  8.049E-03
       2      1      4      1      2      1      52     4.9234E+02  2.406E+09  1.843E-02  3.330E-02
       4      1      6      1      5      1      52     1.0651E+02  3.302E+07  2.057E-05  7.871E+01
       6      1      7      1      6      1      52     6.8034E+01  4.330E+06  2.869E-06  9.466E+01
       7      1      9      1      8      1      52     3.8672E+01  1.924E+06  6.865E-05  2.871E+01
       9      1     10      1      9      1      52     3.4641E+01  1.239E+06  1.878E-05  3.134E+01
      11      1     11      1     10      1      52     9.4480E+00  4.308E+03  7.102E-06  8.523E+00
      13      1     12      1      9      1      52     8.3242E+02  7.128E+10  1.000E-30  4.472E+01
      14      1     13      1      8      1      52     8.9349E+02  5.668E+10  1.729E-04  2.723E+01
      16      1     13      1     10      1      52     8.2018E+02  1.886E+10  1.000E-30  1.544E+01
      17      1     13      1     12      1      52     2.2396E+01  5.460E+05  1.741E-04  1.654E+01
      19      1     14      1      9      1      52     8.6975E+02  1.210E+11  9.691E-05  3.749E+01
      21      1     14      1     11      1      52     8.2566E+02  4.500E+09  1.000E-30  2.921E+00
      23      1     14      1     13      1      52     1.4925E+01  1.161E+05  3.415E-05  2.020E+01
      25      1     15      1     10      1      52     8.3968E+02  2.047E+11  3.196E-04  1.282E+01
      28      1     15      1     14      1      52     4.5752E+00  8.495E+02  2.405E-05  4.371E+00
      30      1     16      1     11      1      52     8.3260E+02  3.332E+11  8.316E-04  5.882E+00
      32      1     16      1     15      1      52     2.3647E+00  3.541E+01  1.305E-05  1.738E+00
      34      1     17      1      9      1      52     1.3019E+03  5.982E+10  1.000E-30  4.463E+01
      36      1     17      1     13      1      52     4.4709E+02  1.516E+10  1.000E-30  2.759E+01
      38      1     18      1      8      1      52     1.3534E+03  5.359E+10  8.078E-05  1.586E+01
      40      1     18      1     10      1      52     1.2800E+03  1.461E+10  1.000E-30  8.549E+00
      41      1     18      1     12      1      52     4.8226E+02  9.783E+09  3.283E-04  1.574E+01
      43      1     18      1     14      1      52     4.4493E+02  5.062E+09  1.000E-30  9.461E+00
      45      1     18      1     17      1      52     1.2770E+01  1.220E+05  3.706E-04  9.365E+00
      47      1     19      1      9      1      52     1.3234E+03  1.087E+11  2.293E-05  4.040E+01
      49      1     19      1     11      1      52     1.2793E+03  2.974E+09  1.000E-30  4.014E+00
      51      1     19      1     13      1      52     4.6860E+02  1.893E+10  1.555E-04  2.337E+01
      53      1     19      1     15      1      52     4.4910E+02  1.849E+09  1.000E-30  1.754E+00
      56      1     19      1     18      1      52     8.7378E+00  3.018E+04  7.654E-05  1.167E+01
      58      1     20      1     10      1      52     1.2912E+03  1.568E+11  5.975E-05  1.445E+01
      61      1     20      1     14      1      52     4.5609E+02  3.083E+10  6.095E-04  6.321E+00
      63      1     20      1     16      1      52     4.4915E+02  5.205E+08  1.000E-30  6.901E-01
      65      1     20      1     19      1      52     2.4178E+00  1.617E+02  5.406E-05  2.510E+00
      67      1     21      1     11      1      52     1.2829E+03  1.648E+11  9.588E-05  6.891E+00
      69      1     21      1     15      1      52     4.5271E+02  4.714E+10  1.499E-03  2.875E+00
      72      1     21      1     20      1      52     1.2002E+00  7.827E+00  3.825E-05  1.003E+00
      75      1     22      1     16      1      52     4.5135E+02  6.944E+10  3.064E-03  1.629E+00
      77      1     22      1     21      1      52     1.0028E+00  2.058E+00  2.638E-05  5.099E-01
      79      1     23      1     13      1      52     7.2854E+02  1.453E+10  1.000E-30  2.755E+01
      81      1     23      1     18      1      52     2.6868E+02  4.258E+09  1.000E-30  1.592E+01
      83      1     24      1     12      1      52     7.5883E+02  1.050E+10  1.434E-04  9.926E+00
      85      1     24      1     14      1      52     7.2151E+02  4.512E+09  1.000E-30  5.037E+00
      86      1     24      1     17      1      52     2.8935E+02  2.318E+09  5.733E-04  9.894E+00
      88      1     24      1     19      1      52     2.6784E+02  1.592E+09  1.000E-30  6.185E+00
      90      1     24      1     23      1      52     7.9016E+00  3.343E+04  6.954E-04  5.779E+00
      92      1     25      1     13      1      52     7.4204E+02  1.984E+10  3.859E-05  2.486E+01
      94      1     25      1     15      1      52     7.2254E+02  1.458E+09  1.000E-30  1.717E+00
      96      1     25      1     18      1      52     2.8218E+02  4.260E+09  2.818E-04  1.329E+01
      98      1     25      1     20      1      52     2.7102E+02  7.138E+08  1.000E-30  1.178E+00
     101      1     25      1     24      1      52     5.5989E+00  9.691E+03  1.492E-04  7.310E+00
     103      1     26      1     14      1      52     7.2843E+02  2.969E+10  1.269E-04  7.173E+00
     105      1     26      1     16      1      52     7.2149E+02  3.426E+08  1.000E-30  1.162E+00
     107      1     26      1     19      1      52     2.7476E+02  6.597E+09  1.064E-03  3.547E+00
     109      1     26      1     21      1      52     2.7114E+02  3.040E+08  1.000E-30  4.200E-01
     112      1     26      1     25      1      52     1.3194E+00  3.156E+01  1.025E-04  1.590E+00
     114      1     27      1     15      1      52     7.2446E+02  3.722E+10  2.443E-04  3.392E+00
     117      1     27      1     20      1      52     2.7295E+02  9.534E+09  2.483E-03  1.603E+00
     119      1     27      1     22      1      52     2.7075E+02  8.983E+07  1.000E-30  2.291E-01
     121      1     27      1     26      1      52     6.0740E-01  1.372E+00  8.211E-05  6.316E-01
     123      1     28      1     16      1      52     7.2273E+02  3.442E+10  3.017E-04  1.990E+00
     125      1     28      1     21      1      52     2.7238E+02  1.359E+10  4.908E-03  9.073E-01
     128      1     28      1     27      1      52     6.3240E-01  9.659E-01  7.902E-05  3.185E-01
     129      1     29      1     13      1      52     9.1039E+02  1.156E+10  1.000E-30  2.749E+01
     131      1     29      1     18      1      52     4.5053E+02  4.426E+09  1.000E-30  1.586E+01
     134      1     29      1     24      1      52     1.7396E+02  1.410E+09  1.000E-30  1.001E+01
     136      1     30      1     12      1      52     9.3797E+02  8.829E+09  9.505E-05  6.670E+00
     137      1     30      1     14      1      52     9.0065E+02  3.429E+09  1.000E-30  4.408E+00
     138      1     30      1     17      1      52     4.6848E+02  2.698E+09  2.342E-04  6.638E+00
     140      1     30      1     19      1      52     4.4698E+02  1.568E+09  1.000E-30  3.461E+00
     142      1     30      1     23      1      52     1.8704E+02  6.825E+08  9.349E-04  6.617E+00
     144      1     30      1     25      1      52     1.7354E+02  5.698E+08  1.000E-30  4.252E+00
     146      1     30      1     29      1      52     5.1810E+00  1.063E+04  1.206E-03  3.760E+00
     147      1     31      1     13      1      52     9.1941E+02  1.655E+10  1.636E-05  2.570E+01
     148      1     31      1     15      1      52     8.9991E+02  1.035E+09  1.000E-30  2.434E+00
     150      1     31      1     18      1      52     4.5956E+02  4.939E+09  7.111E-05  1.414E+01
     152      1     31      1     20      1      52     4.4840E+02  6.360E+08  1.000E-30  8.888E-01
     155      1     31      1     24      1      52     1.8298E+02  1.208E+09  4.740E-04  8.219E+00
     157      1     31      1     26      1      52     1.7606E+02  2.914E+08  1.000E-30  8.323E-01
     160      1     31      1     30      1      52     3.8407E+00  3.731E+03  2.647E-04  4.914E+00
     161      1     32      1     14      1      52     9.0519E+02  2.350E+10  4.919E-05  7.633E+00
     162      1     32      1     16      1      52     8.9825E+02  2.211E+08  1.000E-30  1.622E+00
     164      1     32      1     19      1      52     4.5152E+02  7.290E+09  2.339E-04  4.014E+00
     166      1     32      1     21      1      52     4.4790E+02  2.370E+08  1.000E-30  5.763E-01
     169      1     32      1     25      1      52     1.7808E+02  1.797E+09  1.735E-03  2.178E+00
     171      1     32      1     27      1      52     1.7615E+02  1.496E+08  1.000E-30  2.894E-01
     174      1     32      1     31      1      52     7.0280E-01  5.526E+00  1.763E-04  1.070E+00
     175      1     33      1     15      1      52     9.0089E+02  2.645E+10  8.284E-05  3.698E+00
     177      1     33      1     20      1      52     4.4938E+02  9.547E+09  4.699E-04  1.896E+00
     179      1     33      1     22      1      52     4.4717E+02  5.810E+07  1.000E-30  4.324E-01
     181      1     33      1     26      1      52     1.7704E+02  2.526E+09  3.971E-03  9.746E-01
     183      1     33      1     28      1      52     1.7580E+02  6.663E+07  1.000E-30  1.449E-01
     185      1     33      1     32      1      52     2.7490E-01  1.621E-01  1.556E-04  4.248E-01
     186      1     34      1     16      1      52     8.9895E+02  1.954E+10  8.079E-05  2.193E+00
     188      1     34      1     21      1      52     4.4860E+02  1.084E+10  7.134E-04  1.110E+00
     191      1     34      1     27      1      52     1.7685E+02  3.424E+09  7.586E-03  5.436E-01
     194      1     34      1     33      1      52     4.2420E-01  4.155E-01  1.677E-04  2.138E-01
     195      1     35      1     13      1      52     1.0346E+03  8.915E+09  1.000E-30  2.750E+01
     196      1     35      1     18      1      52     5.7478E+02  3.758E+09  1.000E-30  1.587E+01
     198      1     35      1     24      1      52     2.9820E+02  1.579E+09  1.000E-30  9.957E+00
     201      1     35      1     30      1      52     1.1906E+02  5.390E+08  1.000E-30  6.677E+00
     203      1     36      1     12      1      52     1.0606E+03  7.054E+09  7.418E-05  4.724E+00
     204      1     36      1     14      1      52     1.0233E+03  2.574E+09  1.000E-30  5.141E+00
     205      1     36      1     17      1      52     5.9109E+02  2.431E+09  1.487E-04  4.692E+00
     206      1     36      1     19      1      52     5.6958E+02  1.281E+09  1.000E-30  2.547E+00
     207      1     36      1     23      1      52     3.0964E+02  8.504E+08  3.638E-04  4.665E+00
     209      1     36      1     25      1      52     2.9614E+02  6.095E+08  1.000E-30  2.531E+00
     211      1     36      1     29      1      52     1.2779E+02  2.357E+08  1.446E-03  4.634E+00
     213      1     36      1     31      1      52     1.1877E+02  2.291E+08  1.000E-30  3.044E+00
     215      1     36      1     35      1      52     3.5433E+00  3.750E+03  1.943E-03  2.575E+00
     216      1     37      1     13      1      52     1.0410E+03  1.313E+10  8.769E-06  2.622E+01
     217      1     37      1     15      1      52     1.0215E+03  7.436E+08  1.000E-30  2.961E+00
     218      1     37      1     18      1      52     5.8110E+02  4.419E+09  3.035E-05  1.466E+01
     219      1     37      1     20      1      52     5.6995E+02  4.900E+08  1.000E-30  1.224E+00
     221      1     37      1     24      1      52     3.0452E+02  1.503E+09  1.203E-04  8.740E+00
     223      1     37      1     26      1      52     2.9760E+02  2.844E+08  1.000E-30  5.401E-01
     226      1     37      1     30      1      52     1.2539E+02  4.069E+08  7.472E-04  5.460E+00
     228      1     37      1     32      1      52     1.2084E+02  1.278E+08  1.000E-30  6.119E-01
     231      1     37      1     36      1      52     2.7803E+00  1.666E+03  4.433E-04  3.453E+00
     232      1     38      1     14      1      52     1.0264E+03  1.798E+10  2.496E-05  7.897E+00
     233      1     38      1     16      1      52     1.0194E+03  1.488E+08  1.000E-30  1.912E+00
     234      1     38      1     19      1      52     5.7269E+02  6.330E+09  9.280E-05  4.304E+00
     235      1     38      1     21      1      52     5.6908E+02  1.681E+08  1.000E-30  8.356E-01
     237      1     38      1     25      1      52     2.9925E+02  2.186E+09  3.928E-04  2.461E+00
     239      1     38      1     27      1      52     2.9733E+02  1.315E+08  1.000E-30  3.128E-01
     242      1     38      1     31      1      52     1.2188E+02  5.841E+08  2.680E-03  1.431E+00
     244      1     38      1     33      1      52     1.2090E+02  7.330E+07  1.000E-30  2.156E-01
     247      1     38      1     37      1      52     3.3030E-01  6.678E-01  2.905E-04  7.562E-01
     248      1     39      1     15      1      52     1.0219E+03  1.891E+10  3.869E-05  3.878E+00
     249      1     39      1     20      1      52     5.7035E+02  7.744E+09  1.702E-04  2.077E+00
     250      1     39      1     22      1      52     5.6815E+02  3.691E+07  1.000E-30  6.068E-01
     252      1     39      1     26      1      52     2.9801E+02  2.873E+09  8.008E-04  1.149E+00
     254      1     39      1     28      1      52     2.9677E+02  5.083E+07  1.000E-30  2.372E-01
     256      1     39      1     32      1      52     1.2125E+02  7.924E+08  5.974E-03  6.357E-01
     258      1     39      1     34      1      52     1.2055E+02  3.917E+07  1.000E-30  1.030E-01
     260      1     39      1     38      1      52     7.3900E-02  3.776E-03  3.369E-04  2.353E-01
     261      1     40      1     16      1      52     1.0198E+03  1.231E+10  3.293E-05  2.323E+00
     262      1     40      1     21      1      52     5.6945E+02  7.756E+09  2.244E-04  1.233E+00
     264      1     40      1     27      1      52     2.9770E+02  3.466E+09  1.299E-03  6.672E-01
     267      1     40      1     33      1      52     1.2127E+02  1.058E+09  1.125E-02  3.534E-01
     270      1     40      1     39      1      52     2.9800E-01  1.837E-01  3.019E-04  1.514E-01
     271      1     41      1     13      1      52     1.1233E+03  6.882E+09  1.000E-30  2.751E+01
     272      1     41      1     18      1      52     6.6340E+02  3.049E+09  1.000E-30  1.588E+01
     273      1     41      1     24      1      52     3.8682E+02  1.405E+09  1.000E-30  9.964E+00
     275      1     41      1     30      1      52     2.0768E+02  6.317E+08  1.000E-30  6.684E+00
     278      1     41      1     36      1      52     8.5076E+01  2.274E+08  1.000E-30  4.696E+00
     280      1     42      1     12      1      52     1.1482E+03  5.566E+09  6.284E-05  3.468E+00
     281      1     42      1     14      1      52     1.1108E+03  1.950E+09  1.000E-30  5.923E+00
     282      1     42      1     17      1      52     6.7867E+02  2.045E+09  1.128E-04  3.436E+00
     283      1     42      1     19      1      52     6.5716E+02  1.012E+09  1.000E-30  2.675E+00
     284      1     42      1     23      1      52     3.9722E+02  8.049E+08  2.228E-04  3.415E+00
     285      1     42      1     25      1      52     3.8372E+02  5.272E+08  1.000E-30  1.736E+00
     286      1     42      1     29      1      52     2.1536E+02  3.099E+08  5.416E-04  3.397E+00
     288      1     42      1     31      1      52     2.0634E+02  2.598E+08  1.000E-30  1.917E+00
     290      1     42      1     35      1      52     9.1119E+01  9.221E+07  2.144E-03  3.376E+00
     292      1     42      1     37      1      52     8.4795E+01  1.008E+08  1.000E-30  2.255E+00
     294      1     42      1     41      1      52     2.4992E+00  1.435E+03  2.891E-03  1.890E+00
     295      1     43      1     13      1      52     1.1279E+03  1.031E+10  5.332E-06  2.661E+01
     296      1     43      1     15      1      52     1.1084E+03  5.463E+08  1.000E-30  3.320E+00
     297      1     43      1     18      1      52     6.6800E+02  3.698E+09  1.636E-05  1.498E+01
     298      1     43      1     20      1      52     6.5684E+02  3.717E+08  1.000E-30  1.538E+00
     299      1     43      1     24      1      52     3.9142E+02  1.420E+09  5.159E-05  9.067E+00
     300      1     43      1     26      1      52     3.8450E+02  2.334E+08  1.000E-30  6.738E-01
     302      1     43      1     30      1      52     2.1228E+02  5.314E+08  1.900E-04  5.774E+00
     304      1     43      1     32      1      52     2.0774E+02  1.336E+08  1.000E-30  3.765E-01
     307      1     43      1     36      1      52     8.9678E+01  1.560E+08  1.126E-03  3.799E+00
     309      1     43      1     38      1      52     8.6568E+01  5.992E+07  1.000E-30  4.638E-01
     312      1     43      1     42      1      52     2.1031E+00  8.348E+02  7.044E-04  2.519E+00
     313      1     44      1     15      1      52     1.1084E+03  1.392E+10  2.163E-05  4.000E+00
     314      1     44      1     20      1      52     6.5688E+02  6.062E+09  8.262E-05  2.192E+00
     315      1     44      1     22      1      52     6.5468E+02  2.472E+07  1.000E-30  7.222E-01
     316      1     44      1     26      1      52     3.8454E+02  2.550E+09  2.989E-04  1.270E+00
     317      1     44      1     28      1      52     3.8330E+02  3.583E+07  1.000E-30  3.457E-01
     319      1     44      1     32      1      52     2.0778E+02  9.928E+08  1.248E-03  7.518E-01
     321      1     44      1     34      1      52     2.0708E+02  3.375E+07  1.000E-30  1.415E-01
     323      1     44      1     38      1      52     8.6605E+01  2.876E+08  8.674E-03  4.379E-01
     325      1     44      1     40      1      52     8.6233E+01  2.199E+07  1.000E-30  7.907E-02
     327      1     45      1     14      1      52     1.1130E+03  1.381E+10  1.467E-05  8.096E+00
     328      1     45      1     16      1      52     1.1061E+03  1.042E+08  1.000E-30  2.104E+00
     329      1     45      1     19      1      52     6.5935E+02  5.187E+09  4.778E-05  4.489E+00
     330      1     45      1     21      1      52     6.5574E+02  1.216E+08  1.000E-30  1.021E+00
     331      1     45      1     25      1      52     3.8591E+02  2.026E+09  1.578E-04  2.647E+00
     332      1     45      1     27      1      52     3.8399E+02  1.009E+08  1.000E-30  4.643E-01
     334      1     45      1     31      1      52     2.0854E+02  7.572E+08  6.152E-04  1.610E+00
     336      1     45      1     33      1      52     2.0756E+02  7.074E+07  1.000E-30  1.909E-01
     339      1     45      1     37      1      52     8.6990E+01  2.168E+08  3.947E-03  9.929E-01
     341      1     45      1     39      1      52     8.6586E+01  3.711E+07  1.000E-30  1.664E-01
     344      1     45      1     43      1      52     9.2200E-02  1.650E-02  6.936E-04  3.602E-01
     345      1     45      1     44      1      52     5.4600E-02  2.286E-03  1.000E-30  9.529E-02
     346      1     46      1     16      1      52     1.1062E+03  8.290E+09  1.677E-05  2.405E+00
     347      1     46      1     21      1      52     6.5590E+02  5.593E+09  9.925E-05  1.316E+00
     348      1     46      1     27      1      52     3.8415E+02  2.854E+09  4.411E-04  7.518E-01
     350      1     46      1     33      1      52     2.0772E+02  1.225E+09  2.085E-03  4.329E-01
     353      1     46      1     39      1      52     8.6749E+01  3.762E+08  1.598E-02  2.431E-01
     355      1     46      1     44      1      52     2.1720E-01  8.552E-02  4.884E-04  1.124E-01
     357      1     48      1     47      1      52     3.1750E+02  2.543E+08  1.408E-05  1.839E+02
     358      1     49      1     48      1      52     3.6284E+02  1.379E+09  7.741E-07  2.762E+02
     359      1     51      1     50      1      52     7.7750E-01  3.617E+00  6.588E-06  1.384E+02
     360      1     52      1     51      1      52     6.6689E+02  2.141E+10  1.000E-30  4.204E+02
     361      1     54      1     53      1      52     3.0082E+01  1.282E+06  1.000E-30  1.845E+02
     362      1     55      1     53      1      52     1.0120E+02  2.643E+07  1.871E-05  8.075E+01
     363      1     56      1     54      1      52     1.0442E+02  2.967E+07  2.077E-05  7.434E+01
     364      1     56      1     55      1      52     3.3297E+01  1.726E+06  1.000E-30  1.922E+02
     365      1     57      1     55      1      52     9.2670E+01  1.477E+07  3.307E-06  1.109E+02
     367      1     58      1     56      1      52     9.3608E+01  1.531E+07  3.465E-06  1.064E+02
     368      1     58      1     57      1      52     3.4235E+01  1.874E+06  1.000E-30  1.948E+02
     369      1     61      1     60      1      53     7.7081E+01  1.026E+06  3.697E-13  5.178E-03
     370      1     62      1     60      1      53     8.3045E+01  1.543E+06  1.000E-30  5.579E-03
     373      1     63      1     61      1      53     8.0094E+00  2.675E+00  1.000E-30  5.433E-04
     375      1     64      1     60      1      53     4.6515E+02  1.869E+09  1.188E-02  3.143E-02
     378      1     65      1     60      1      53     5.0090E+02  7.246E+08  1.458E-13  3.380E-02
     380      1     65      1     63      1      53     4.1581E+02  8.464E+08  2.576E-02  2.811E-02
     381      1     67      1     66      1      53     9.2071E+01  1.774E+07  2.351E-05  5.729E+01
     383      1     68      1     67      1      53     2.1266E+02  2.325E+08  4.481E-06  3.995E+01
     385      1     69      1     67      1      53     2.3259E+02  1.791E+08  1.000E-30  2.161E+01
     386      1     71      1     70      1      53     1.8245E+01  1.178E+05  8.970E-05  1.282E+01
     388      1     72      1     71      1      53     7.1086E+01  2.103E+07  3.385E-05  3.416E+01
     390      1     73      1     72      1      53     1.1156E+02  8.081E+07  6.852E-05  1.007E+01
     392      1     74      1     71      1      53     8.8734E+02  8.482E+10  1.000E-30  4.806E+01
     393      1     75      1     70      1      53     9.0769E+02  6.067E+10  1.624E-04  2.961E+01
     395      1     75      1     72      1      53     8.1835E+02  1.772E+10  1.000E-30  1.672E+01
     396      1     75      1     74      1      53     2.1014E+00  2.486E+02  3.351E-04  4.739E+00
     398      1     76      1     71      1      53     9.4411E+02  1.635E+11  9.472E-05  4.051E+01
     400      1     76      1     73      1      53     7.6146E+02  3.132E+09  1.000E-30  3.155E+00
     402      1     76      1     75      1      53     5.4666E+01  1.956E+07  1.042E-04  2.270E+01
     404      1     77      1     72      1      53     9.7713E+02  3.609E+11  3.308E-04  1.386E+01
     407      1     77      1     76      1      53     1.0411E+02  2.180E+08  4.410E-04  5.194E+00
     409      1     78      1     73      1      53     1.0763E+03  8.969E+11  9.544E-04  6.389E+00
     411      1     78      1     77      1      53     2.1071E+02  1.588E+09  6.808E-04  2.114E+00
     412      1     79      1     70      1      53     1.3871E+03  5.869E+10  7.275E-05  1.791E+01
     414      1     79      1     72      1      53     1.2978E+03  1.466E+10  1.000E-30  9.319E+00
     415      1     79      1     74      1      53     4.8154E+02  9.801E+09  3.055E-04  1.702E+01
     417      1     79      1     76      1      53     4.2478E+02  3.987E+09  1.000E-30  1.023E+01
     420      1     80      1     71      1      53     1.3753E+03  6.922E+10  1.000E-30  4.803E+01
     422      1     80      1     75      1      53     4.8588E+02  1.965E+10  1.000E-30  2.965E+01
     424      1     80      1     79      1      53     6.4349E+00  2.535E+04  1.000E-30  1.648E+01
     426      1     81      1     71      1      53     1.4208E+03  1.393E+11  2.196E-05  4.368E+01
     428      1     81      1     73      1      53     1.2382E+03  2.519E+09  1.000E-30  4.321E+00
     430      1     81      1     75      1      53     5.3137E+02  3.044E+10  1.588E-04  2.523E+01
     432      1     81      1     77      1      53     3.7259E+02  8.471E+08  1.000E-30  1.905E+00
     434      1     81      1     79      1      53     5.1923E+01  3.492E+07  3.783E-04  1.302E+01
     438      1     82      1     76      1      53     5.7966E+02  7.707E+10  6.854E-04  6.848E+00
     440      1     82      1     78      1      53     2.6484E+02  6.077E+07  1.000E-30  7.477E-01
     442      1     82      1     81      1      53     1.0296E+02  5.047E+08  1.829E-03  3.002E+00
     443      1     83      1     74      1      53     7.7070E+02  1.108E+10  1.302E-04  1.102E+01
     445      1     83      1     76      1      53     7.1393E+02  4.102E+09  1.000E-30  5.461E+00
     447      1     83      1     80      1      53     2.8272E+02  2.124E+09  5.227E-04  1.066E+01
     448      1     83      1     81      1      53     2.3723E+02  9.289E+08  1.000E-30  6.691E+00
     451      1     84      1     75      1      53     7.7945E+02  1.780E+10  1.000E-30  2.960E+01
     452      1     84      1     79      1      53     3.0001E+02  6.107E+09  1.000E-30  1.707E+01
     455      1     84      1     83      1      53     1.0851E+01  1.781E+05  1.000E-30  1.122E+01
     457      1     85      1     75      1      53     8.2063E+02  2.886E+10  3.851E-05  2.678E+01
     459      1     85      1     77      1      53     6.6185E+02  9.923E+08  1.000E-30  1.849E+00
     460      1     85      1     79      1      53     3.4119E+02  8.851E+09  3.074E-04  1.432E+01
     463      1     85      1     82      1      53     1.8630E+02  1.541E+08  1.000E-30  1.267E+00
     464      1     85      1     83      1      53     5.2031E+01  6.739E+07  1.161E-03  8.147E+00
     467      1     86      1     77      1      53     6.7729E+02  2.260E+11  1.970E-03  3.133E+00
     470      1     86      1     82      1      53     2.0174E+02  4.128E+09  3.508E-03  1.218E+00
     473      1     87      1     78      1      53     5.1236E+02  1.113E+11  3.061E-03  1.787E+00
     475      1     87      1     86      1      53     4.5782E+01  8.610E+06  9.565E-04  6.186E-01
     477      1     88      1     76      1      53     8.6948E+02  5.804E+10  1.348E-04  7.765E+00
     479      1     88      1     78      1      53     5.5466E+02  1.160E+08  1.000E-30  1.268E+00
     481      1     88      1     81      1      53     3.9278E+02  2.636E+10  1.339E-03  3.855E+00
     484      1     88      1     85      1      53     1.0351E+02  1.036E+09  5.892E-03  1.896E+00
     485      1     88      1     86      1      53     8.8076E+01  4.826E+06  1.000E-30  4.494E-01
     487      1     89      1     74      1      53     9.5869E+02  9.525E+09  8.254E-05  7.761E+00
     488      1     89      1     76      1      53     9.0192E+02  3.281E+09  1.000E-30  4.795E+00
     490      1     89      1     80      1      53     4.7071E+02  2.737E+09  2.136E-04  7.280E+00
     491      1     89      1     81      1      53     4.2522E+02  1.222E+09  1.000E-30  3.743E+00
     494      1     89      1     84      1      53     1.7714E+02  5.531E+08  8.278E-04  7.130E+00
     495      1     89      1     85      1      53     1.3596E+02  2.043E+08  1.000E-30  4.578E+00
     497      1     90      1     75      1      53     9.7022E+02  1.396E+10  1.000E-30  2.961E+01
     498      1     90      1     79      1      53     4.9078E+02  5.819E+09  1.000E-30  1.709E+01
     501      1     90      1     83      1      53     2.0163E+02  2.358E+09  1.000E-30  1.072E+01
     504      1     90      1     89      1      53     1.3639E+01  3.042E+05  1.000E-30  3.851E+00
     505      1     91      1     75      1      53     1.0099E+03  2.329E+10  1.613E-05  2.769E+01
     506      1     91      1     77      1      53     8.5110E+02  7.991E+08  1.000E-30  2.624E+00
     507      1     91      1     79      1      53     5.3043E+02  8.489E+09  7.376E-05  1.523E+01
     510      1     91      1     82      1      53     3.7555E+02  3.017E+08  1.000E-30  9.462E-01
     511      1     91      1     83      1      53     2.4127E+02  3.553E+09  5.640E-04  8.865E+00
     515      1     91      1     88      1      53     8.5729E+01  1.579E+07  1.000E-30  9.017E-01
     516      1     91      1     89      1      53     5.3287E+01  1.299E+08  3.148E-03  5.405E+00
     518      1     92      1     74      1      53     1.0879E+03  7.709E+09  5.912E-05  6.001E+00
     519      1     92      1     76      1      53     1.0312E+03  2.522E+09  1.000E-30  5.579E+00
     520      1     92      1     80      1      53     5.9995E+02  2.554E+09  1.325E-04  5.289E+00
     521      1     92      1     81      1      53     5.5446E+02  1.095E+09  1.000E-30  2.771E+00
     523      1     92      1     84      1      53     3.0638E+02  8.078E+08  3.280E-04  5.075E+00
     524      1     92      1     85      1      53     2.6520E+02  3.722E+08  1.000E-30  2.735E+00
     527      1     92      1     90      1      53     1.1560E+02  1.591E+08  1.226E-03  4.985E+00
     528      1     92      1     91      1      53     7.5952E+01  3.644E+07  1.000E-30  3.273E+00
     529      1     93      1     75      1      53     1.1014E+03  1.073E+10  1.000E-30  2.962E+01
     530      1     93      1     79      1      53     6.2192E+02  4.841E+09  1.000E-30  1.709E+01
     531      1     93      1     83      1      53     3.3276E+02  2.286E+09  1.000E-30  1.073E+01
     534      1     93      1     89      1      53     1.4478E+02  1.085E+09  1.000E-30  7.192E+00
     537      1     93      1     92      1      53     1.5538E+01  1.273E+06  1.000E-30  5.222E+00
     538      1     94      1     76      1      53     1.0597E+03  4.246E+10  5.101E-05  8.290E+00
     539      1     94      1     78      1      53     7.4491E+02  1.011E+08  1.000E-30  1.761E+00
     541      1     94      1     81      1      53     5.8303E+02  1.946E+10  2.673E-04  4.355E+00
     544      1     94      1     85      1      53     2.9377E+02  1.282E+10  2.535E-03  2.370E+00
     545      1     94      1     86      1      53     2.7833E+02  3.412E+07  1.000E-30  6.152E-01
     549      1     94      1     91      1      53     1.0453E+02  1.905E+09  1.588E-02  1.275E+00
     552      1     95      1     77      1      53     9.6122E+02  1.111E+11  2.865E-04  3.697E+00
     555      1     95      1     82      1      53     4.8567E+02  9.202E+10  3.903E-03  1.750E+00
     558      1     95      1     87      1      53     2.3815E+02  5.189E+07  1.000E-30  2.583E-01
     559      1     95      1     88      1      53     1.9586E+02  7.963E+09  1.167E-02  7.826E-01
     561      1     95      1     94      1      53     5.5996E+00  1.226E+03  1.856E-04  3.179E-01
     562      1     96      1     75      1      53     1.1409E+03  1.828E+10  8.596E-06  2.828E+01
     563      1     96      1     77      1      53     9.8211E+02  6.132E+08  1.000E-30  3.197E+00
     564      1     96      1     79      1      53     6.6145E+02  7.171E+09  3.107E-05  1.575E+01
     565      1     96      1     82      1      53     5.0657E+02  2.956E+08  1.000E-30  1.308E+00
     566      1     96      1     83      1      53     3.7229E+02  3.244E+09  1.323E-04  9.386E+00
     569      1     96      1     88      1      53     2.1675E+02  7.713E+07  1.000E-30  5.819E-01
     570      1     96      1     89      1      53     1.8430E+02  1.849E+09  9.930E-04  5.882E+00
     573      1     96      1     92      1      53     5.5065E+01  2.417E+08  7.652E-03  3.778E+00
     575      1     96      1     94      1      53     2.6491E+01  2.770E+05  1.000E-30  6.671E-01
     578      1     97      1     78      1      53     7.9354E+02  4.805E+10  2.914E-04  2.174E+00
     580      1     97      1     86      1      53     3.2696E+02  2.706E+10  5.226E-03  9.837E-01
     584      1     97      1     95      1      53     4.3029E+01  1.983E+07  4.139E-03  3.973E-01
     585      1     98      1     74      1      53     1.1808E+03  6.145E+09  4.388E-05  5.040E+00
     586      1     98      1     76      1      53     1.1240E+03  1.942E+09  1.000E-30  6.425E+00
     587      1     98      1     80      1      53     6.9278E+02  2.193E+09  9.555E-05  4.091E+00
     588      1     98      1     81      1      53     6.4729E+02  9.071E+08  1.000E-30  2.906E+00
     589      1     98      1     84      1      53     3.9921E+02  8.124E+08  1.998E-04  3.787E+00
     590      1     98      1     85      1      53     3.5803E+02  3.799E+08  1.000E-30  1.883E+00
     592      1     98      1     90      1      53     2.0843E+02  2.694E+08  4.784E-04  3.685E+00
     593      1     98      1     91      1      53     1.6878E+02  1.106E+08  1.000E-30  2.069E+00
     595      1     98      1     93      1      53     7.7294E+01  4.813E+07  1.707E-03  3.625E+00
     597      1     98      1     96      1      53     3.7767E+01  3.758E+06  1.000E-30  2.419E+00
     598      1     99      1     75      1      53     1.1956E+03  8.299E+09  1.000E-30  2.963E+01
     599      1     99      1     79      1      53     7.1611E+02  3.884E+09  1.000E-30  1.710E+01
     600      1     99      1     83      1      53     4.2696E+02  1.955E+09  1.000E-30  1.074E+01
     601      1     99      1     89      1      53     2.3897E+02  1.035E+09  1.000E-30  7.198E+00
     604      1     99      1     92      1      53     1.0973E+02  5.801E+08  1.000E-30  5.037E+00
     607      1     99      1     98      1      53     1.6897E+01  3.370E+06  1.000E-30  3.859E+00
     608      1    100      1     75      1      53     1.2357E+03  1.431E+10  5.224E-06  2.867E+01
     609      1    100      1     77      1      53     1.0769E+03  4.701E+08  1.000E-30  3.582E+00
     610      1    100      1     79      1      53     7.5626E+02  5.870E+09  1.660E-05  1.614E+01
     611      1    100      1     82      1      53     6.0138E+02  2.532E+08  1.000E-30  1.648E+00
     612      1    100      1     83      1      53     4.6710E+02  2.790E+09  5.530E-05  9.778E+00
     613      1    100      1     88      1      53     3.1156E+02  9.694E+07  1.000E-30  7.253E-01
     614      1    100      1     89      1      53     2.7912E+02  1.541E+09  2.249E-04  6.222E+00
     617      1    100      1     92      1      53     1.4988E+02  1.185E+09  1.702E-03  4.092E+00
     619      1    100      1     94      1      53     1.2130E+02  1.496E+07  1.000E-30  4.061E-01
     621      1    100      1     98      1      53     5.7044E+01  4.260E+08  1.691E-02  2.747E+00
     623      1    101      1     76      1      53     1.1918E+03  3.144E+10  2.573E-05  8.556E+00
     624      1    101      1     78      1      53     8.7698E+02  7.884E+07  1.000E-30  2.078E+00
     625      1    101      1     81      1      53     7.1510E+02  1.477E+10  1.026E-04  4.665E+00
     627      1    101      1     85      1      53     4.2583E+02  8.592E+09  4.932E-04  2.674E+00
     628      1    101      1     86      1      53     4.1039E+02  4.400E+07  1.000E-30  8.935E-01
     631      1    101      1     91      1      53     2.3659E+02  7.935E+09  4.576E-03  1.559E+00
     634      1    101      1     95      1      53     1.2646E+02  5.219E+06  1.000E-30  3.405E-01
     635      1    101      1     96      1      53     1.0557E+02  3.191E+09  3.753E-02  9.034E-01
     638      1    101      1    100      1      53     1.0760E+01  1.145E+04  2.186E-04  4.983E-01
     639      1    102      1     77      1      53     1.1469E+03  6.699E+10  9.350E-05  4.023E+00
     641      1    102      1     82      1      53     6.7131E+02  4.563E+10  6.177E-04  2.069E+00
     644      1    102      1     87      1      53     4.2378E+02  4.522E+07  1.000E-30  4.753E-01
     645      1    102      1     88      1      53     3.8149E+02  5.022E+10  7.152E-03  1.083E+00
     647      1    102      1     94      1      53     1.9123E+02  1.310E+10  3.100E-02  5.349E-01
     650      1    102      1     97      1      53     1.4260E+02  2.770E+07  1.000E-30  1.683E-01
     652      1    102      1    101      1      53     5.9168E+01  1.760E+06  2.894E-04  2.470E-01
     653      1    103      1     76      1      53     1.2875E+03  2.383E+10  1.501E-05  8.819E+00
     654      1    103      1     78      1      53     9.7272E+02  6.048E+07  1.000E-30  2.284E+00
     655      1    103      1     81      1      53     8.1083E+02  1.142E+10  5.212E-05  4.872E+00
     656      1    103      1     85      1      53     5.2157E+02  6.517E+09  1.895E-04  2.874E+00
     657      1    103      1     86      1      53     5.0613E+02  4.159E+07  1.000E-30  1.093E+00
     659      1    103      1     91      1      53     3.3233E+02  4.705E+09  8.647E-04  1.759E+00
     662      1    103      1     95      1      53     2.2220E+02  1.134E+07  1.000E-30  5.050E-01
     663      1    103      1     96      1      53     2.0131E+02  5.939E+09  8.057E-03  1.084E+00
     665      1    103      1    100      1      53     1.0650E+02  4.891E+09  8.093E-02  6.615E-01
     667      1    103      1    102      1      53     3.6571E+01  1.639E+05  1.000E-30  2.113E-01
     668      1    104      1     78      1      53     9.7661E+02  2.619E+10  7.734E-05  2.396E+00
     670      1    104      1     86      1      53     5.1003E+02  1.744E+10  7.228E-04  1.199E+00
     674      1    104      1     95      1      53     2.2610E+02  8.804E+09  8.415E-03  6.038E-01
     677      1    104      1    102      1      53     4.0464E+01  3.249E+07  1.200E-02  2.730E-01
     679      1    105      1     77      1      53     1.2750E+03  4.415E+10  4.277E-05  4.218E+00
     680      1    105      1     82      1      53     7.9944E+02  2.886E+10  2.113E-04  2.265E+00
     682      1    105      1     87      1      53     5.5191E+02  3.178E+07  1.000E-30  6.641E-01
     683      1    105      1     88      1      53     5.0962E+02  2.360E+10  1.189E-03  1.272E+00
     685      1    105      1     94      1      53     3.1936E+02  3.325E+10  1.233E-02  7.141E-01
     688      1    105      1     97      1      53     2.7073E+02  3.402E+07  1.000E-30  2.674E-01
     690      1    105      1    101      1      53     1.8730E+02  1.928E+10  7.045E-02  3.877E-01
     692      1    105      1    103      1      53     9.1560E+01  2.836E+06  1.600E-04  1.959E-01
     693      1    105      1    104      1      53     8.7667E+01  1.055E+07  1.000E-30  1.244E-01
     694      1    106      1     78      1      53     1.1024E+03  1.616E+10  3.140E-05  2.532E+00
     695      1    106      1     86      1      53     6.3583E+02  1.160E+10  2.228E-04  1.335E+00
     698      1    106      1     95      1      53     3.5190E+02  6.514E+09  1.335E-03  7.388E-01
     701      1    106      1    102      1      53     1.6626E+02  3.580E+09  1.312E-02  3.984E-01
     704      1    106      1    105      1      53     3.8133E+01  4.542E+07  2.827E-02  1.990E-01
     705      1    107      1     77      1      53     1.3672E+03  3.086E+10  2.351E-05  4.348E+00
     706      1    107      1     82      1      53     8.9170E+02  1.981E+10  9.882E-05  2.395E+00
     707      1    107      1     87      1      53     6.4417E+02  2.246E+07  1.000E-30  7.930E-01
     708      1    107      1     88      1      53     6.0188E+02  1.476E+10  4.091E-04  1.402E+00
     710      1    107      1     94      1      53     4.1162E+02  1.458E+10  2.103E-03  8.443E-01
     712      1    107      1     97      1      53     3.6299E+02  2.777E+07  1.000E-30  3.867E-01
     714      1    107      1    101      1      53     2.7956E+02  2.562E+10  2.019E-02  5.064E-01
     716      1    107      1    103      1      53     1.8382E+02  2.577E+10  1.408E-01  2.966E-01
     717      1    107      1    104      1      53     1.7993E+02  1.855E+07  1.000E-30  1.674E-01
     719      1    107      1    106      1      53     5.4126E+01  3.298E+06  1.000E-30  1.010E-01
     720      1    108      1     78      1      53     1.1926E+03  1.077E+10  1.600E-05  2.614E+00
     721      1    108      1     86      1      53     7.2599E+02  8.088E+09  9.780E-05  1.424E+00
     723      1    108      1     95      1      53     4.4206E+02  4.780E+09  4.439E-04  8.215E-01
     725      1    108      1    102      1      53     2.5642E+02  2.740E+09  2.218E-03  4.837E-01
     728      1    108      1    105      1      53     1.2829E+02  1.713E+09  1.955E-02  2.804E-01
     730      1    108      1    107      1      53     3.6034E+01  5.767E+07  5.719E-02  1.540E-01
     731      1    110      1    109      1      53     1.0325E+02  4.818E+07  1.000E-30  3.596E+02
     732      1    111      1    109      1      53     6.2828E+02  1.221E+10  9.058E-07  4.026E+02
     733      1    114      1    113      1      54     7.1415E+00  1.470E+02  1.000E-30  4.842E-04
     735      1    115      1    114      1      54     4.2027E+02  1.198E+09  1.729E-02  2.836E-02
     736      1    117      1    116      1      54     8.2284E+01  8.474E+06  2.079E-01  5.557E-03
     737      1    118      1    117      1      54     6.5579E+01  3.449E+06  2.440E-06  9.899E+01
     739      1    120      1    119      1      54     2.7707E+01  2.584E+05  6.734E-01  1.954E-03
     740      1    121      1    120      1      54     3.4184E+01  1.087E+06  1.523E-05  3.527E+01
     743      1    122      1    121      1      54     1.1729E+01  9.500E+03  6.947E-06  1.004E+01
     745      1    124      1    119      1      54     9.4819E+02  7.246E+10  1.608E-04  3.132E+01
     746      1    124      1    121      1      54     8.8629E+02  2.309E+10  1.000E-30  1.767E+01
     747      1    123      1    120      1      54     9.0352E+02  8.427E+10  1.000E-30  5.147E+01
     749      1    124      1    123      1      54     1.6956E+01  1.493E+05  1.363E-01  1.145E-02
     750      1    125      1    120      1      54     9.3511E+02  1.530E+11  8.599E-05  4.299E+01
     753      1    125      1    122      1      54     8.8920E+02  5.626E+09  1.000E-30  3.403E+00
     754      1    125      1    124      1      54     1.4632E+01  9.989E+04  2.821E-05  2.233E+01
     757      1    126      1    121      1      54     9.0719E+02  2.584E+11  2.739E-04  1.497E+01
     759      1    126      1    125      1      54     6.2624E+00  2.750E+03  2.566E-05  5.173E+00
     761      1    127      1    122      1      54     9.0472E+02  4.302E+11  7.187E-04  6.849E+00
     763      1    127      1    126      1      54     9.2648E+00  3.295E+03  1.724E-05  2.036E+00
     765      1    129      1    121      1      54     1.3816E+03  1.790E+10  1.000E-30  9.949E+00
     767      1    129      1    123      1      54     5.1224E+02  1.262E+10  3.074E-04  1.810E+01
     768      1    129      1    125      1      54     4.8065E+02  6.203E+09  1.000E-30  1.081E+01
     770      1    128      1    120      1      54     1.4063E+03  7.062E+10  1.000E-30  5.135E+01
     772      1    128      1    124      1      54     4.8585E+02  1.811E+10  1.000E-30  3.176E+01
     775      1    129      1    128      1      54     9.4325E+00  2.877E+04  2.172E-01  8.231E-03
     777      1    130      1    120      1      54     1.4246E+03  9.039E+10  1.709E-04  3.614E+00
     779      1    130      1    122      1      54     1.3787E+03  3.745E+09  1.000E-30  4.651E+00
     780      1    130      1    124      1      54     5.0408E+02  2.400E+10  1.378E-04  2.685E+01
     783      1    130      1    126      1      54     4.8319E+02  2.311E+09  1.000E-30  2.050E+00
     785      1    130      1    129      1      54     8.7978E+00  2.863E+04  6.409E-05  1.296E+01
     788      1    131      1    121      1      54     1.3942E+03  1.977E+11  5.122E-05  1.688E+01
     790      1    131      1    125      1      54     4.9329E+02  3.904E+10  5.218E-04  7.392E+00
     791      1    131      1    127      1      54     4.7777E+02  6.213E+08  1.000E-30  8.003E-01
     793      1    131      1    130      1      54     3.8408E+00  9.428E+02  6.571E-05  3.002E+00
     795      1    132      1    122      1      54     1.3904E+03  2.103E+11  8.243E-05  8.035E+00
     797      1    132      1    126      1      54     4.9497E+02  6.193E+10  1.292E-03  3.352E+00
     799      1    132      1    131      1      54     7.9348E+00  3.832E+03  5.499E-05  1.182E+00
     800      1    133      1    127      1      54     4.8686E+02  8.720E+10  2.628E-03  1.899E+00
     801      1    133      1    132      1      54     1.1594E+00  3.407E+00  2.423E-05  5.945E-01
     802      1    134      1    124      1      54     7.8763E+02  1.728E+10  1.000E-30  3.168E+01
     804      1    134      1    129      1      54     2.9235E+02  5.084E+09  1.000E-30  1.834E+01
     808      1    135      1    123      1      54     8.1021E+02  1.346E+10  1.308E-04  1.147E+01
     809      1    135      1    125      1      54     7.7862E+02  5.539E+09  1.000E-30  1.001E+01
     811      1    135      1    128      1      54     3.0740E+02  2.988E+09  5.364E-04  1.137E+01
     812      1    135      1    130      1      54     2.8917E+02  1.946E+09  1.000E-30  5.775E+00
     814      1    135      1    134      1      54     5.6221E+00  8.792E+03  9.665E-04  3.036E+00
     815      1    136      1    124      1      54     7.9909E+02  2.506E+10  3.064E-05  3.167E+01
     818      1    136      1    126      1      54     7.7820E+02  1.830E+09  1.000E-30  4.970E+00
     819      1    136      1    129      1      54     3.0380E+02  5.425E+09  2.088E-04  1.830E+01
     822      1    136      1    131      1      54     2.9116E+02  8.862E+08  1.000E-30  2.871E+00
     825      1    136      1    135      1      54     5.8334E+00  1.050E+04  1.273E-04  8.208E+00
     827      1    137      1    125      1      54     7.8707E+02  3.753E+10  9.109E-05  1.002E+01
     828      1    137      1    127      1      54     7.7154E+02  4.190E+08  1.000E-30  3.001E+00
     830      1    137      1    130      1      54     2.9761E+02  8.408E+09  6.532E-04  5.791E+00
     831      1    137      1    132      1      54     2.8584E+02  3.496E+08  1.000E-30  1.730E+00
     833      1    137      1    136      1      54     2.6080E+00  3.913E+02  1.391E-04  1.879E+00
     835      1    138      1    126      1      54     7.8806E+02  4.842E+10  1.684E-04  4.974E+00
     837      1    138      1    131      1      54     3.0103E+02  1.316E+10  1.422E-03  2.875E+00
     838      1    138      1    133      1      54     2.9194E+02  1.131E+08  1.000E-30  1.159E+00
     840      1    138      1    137      1      54     7.2571E+00  4.136E+03  1.237E-04  7.412E-01
     841      1    139      1    127      1      54     7.7953E+02  4.307E+10  1.994E-04  3.004E+00
     842      1    139      1    132      1      54     2.9383E+02  1.704E+10  2.560E-03  1.733E+00
     843      1    139      1    138      1      54     7.3047E-01  1.593E+00  7.250E-05  3.715E-01
     844      1    140      1    133      1      54     2.9317E+02  2.354E+10  4.368E-03  1.157E+00
     845      1    140      1    139      1      54     5.0455E-01  1.994E-01  3.893E-05  2.150E-01
     846      1    141      1    124      1      54     9.8280E+02  1.376E+10  1.000E-30  3.166E+01
     847      1    141      1    129      1      54     4.8751E+02  5.299E+09  1.000E-30  1.828E+01
     851      1    141      1    135      1      54     1.8954E+02  1.699E+09  1.000E-30  1.149E+01
     853      1    142      1    123      1      54     1.0032E+03  1.129E+10  8.603E-05  7.700E+00
     854      1    142      1    125      1      54     9.7165E+02  4.207E+09  1.000E-30  1.002E+01
     856      1    142      1    128      1      54     5.0043E+02  3.474E+09  2.143E-04  7.666E+00
     857      1    142      1    130      1      54     4.8220E+02  1.916E+09  1.000E-30  5.794E+00
     859      1    142      1    134      1      54     1.9865E+02  8.800E+08  8.783E-04  7.580E+00
     861      1    142      1    136      1      54     1.8719E+02  6.970E+08  1.000E-30  4.856E+00
     863      1    142      1    141      1      54     3.4847E+00  2.303E+03  1.704E-03  1.896E+00
     864      1    143      1    124      1      54     9.9046E+02  2.085E+10  1.339E-05  3.165E+01
     865      1    143      1    126      1      54     9.6956E+02  1.302E+09  1.000E-30  4.982E+00
     866      1    143      1    129      1      54     4.9517E+02  6.246E+09  5.559E-05  1.828E+01
     869      1    143      1    131      1      54     4.8253E+02  7.944E+08  1.000E-30  2.884E+00
     872      1    143      1    135      1      54     1.9720E+02  1.548E+09  4.225E-04  9.438E+00
     874      1    143      1    137      1      54     1.8876E+02  3.586E+08  1.000E-30  9.750E-01
     877      1    143      1    142      1      54     4.1712E+00  4.562E+03  2.277E-04  5.453E+00
     878      1    144      1    125      1      54     9.7774E+02  2.962E+10  3.745E-05  1.003E+01
     879      1    144      1    127      1      54     9.6221E+02  2.714E+08  1.000E-30  3.014E+00
     881      1    144      1    130      1      54     4.8829E+02  9.238E+09  1.622E-04  5.799E+00
     882      1    144      1    132      1      54     4.7651E+02  2.830E+08  1.000E-30  1.742E+00
     884      1    144      1    136      1      54     1.9328E+02  2.310E+09  1.492E-03  2.545E+00
     885      1    144      1    138      1      54     1.8342E+02  1.636E+08  1.000E-30  3.361E-01
     887      1    144      1    143      1      54     1.9160E+00  1.941E+02  2.603E-04  1.257E+00
     888      1    145      1    126      1      54     9.7835E+02  3.409E+10  6.182E-05  4.986E+00
     890      1    145      1    131      1      54     4.9132E+02  1.263E+10  3.124E-04  2.887E+00
     891      1    145      1    133      1      54     4.8223E+02  7.321E+07  1.000E-30  1.171E+00
     893      1    145      1    137      1      54     1.9755E+02  3.611E+09  3.519E-03  1.131E+00
     894      1    145      1    139      1      54     1.8956E+02  8.354E+07  1.000E-30  1.672E-01
     896      1    145      1    144      1      54     6.8766E+00  4.487E+03  2.356E-04  4.962E-01
     897      1    146      1    127      1      54     9.6958E+02  2.449E+10  5.871E-05  3.015E+00
     898      1    146      1    132      1      54     4.8388E+02  1.362E+10  4.542E-04  1.743E+00
     899      1    146      1    138      1      54     1.9078E+02  4.305E+09  6.533E-03  6.312E-01
     900      1    146      1    140      1      54     1.8955E+02  2.561E+07  1.000E-30  1.088E-01
     901      1    146      1    145      1      54     4.8959E-01  6.814E-01  1.529E-04  2.502E-01
     902      1    147      1    133      1      54     4.8306E+02  1.142E+10  4.671E-04  1.169E+00
     903      1    147      1    139      1      54     1.9039E+02  5.732E+09  1.135E-02  4.009E-01
     904      1    147      1    146      1      54     3.3818E-01  1.134E-01  1.090E-04  1.450E-01
     905      1    148      1    140      1      54     1.9013E+02  7.524E+09  1.858E-02  2.760E-01
     906      1    148      1    147      1      54     2.4746E-01  1.762E-02  5.818E-05  9.104E-02
     907      1    149      1    124      1      54     1.1162E+03  1.062E+10  1.000E-30  3.165E+01
     908      1    149      1    129      1      54     6.2092E+02  4.499E+09  1.000E-30  1.827E+01
     910      1    149      1    135      1      54     3.2295E+02  1.893E+09  1.000E-30  1.150E+01
     913      1    149      1    142      1      54     1.2992E+02  6.492E+08  1.000E-30  7.703E+00
     915      1    150      1    123      1      54     1.1354E+03  9.006E+09  6.718E-05  5.428E+00
     916      1    150      1    125      1      54     1.1038E+03  3.161E+09  1.000E-30  1.003E+01
     917      1    150      1    128      1      54     6.3256E+02  3.120E+09  1.354E-04  5.394E+00
     918      1    150      1    130      1      54     6.1433E+02  1.571E+09  1.000E-30  5.804E+00
     919      1    150      1    134      1      54     3.3078E+02  1.090E+09  3.327E-04  5.365E+00
     921      1    150      1    136      1      54     3.1933E+02  7.461E+08  1.000E-30  2.892E+00
     923      1    150      1    141      1      54     1.3562E+02  3.033E+08  1.353E-03  5.333E+00
     925      1    150      1    143      1      54     1.2796E+02  2.788E+08  1.000E-30  3.481E+00
     927      1    150      1    149      1      54     2.2069E+00  6.219E+02  2.951E-03  1.165E+00
     928      1    151      1    124      1      54     1.1216E+03  1.650E+10  7.304E-06  3.163E+01
     929      1    151      1    126      1      54     1.1007E+03  9.355E+08  1.000E-30  4.992E+00
     930      1    151      1    129      1      54     6.2630E+02  5.584E+09  2.458E-05  1.826E+01
     931      1    151      1    131      1      54     6.1366E+02  6.134E+08  1.000E-30  2.893E+00
     933      1    151      1    135      1      54     3.2833E+02  1.907E+09  1.062E-04  1.002E+01
     935      1    151      1    137      1      54     3.1989E+02  3.531E+08  1.000E-30  6.263E-01
     937      1    151      1    142      1      54     1.3530E+02  5.236E+08  6.672E-04  6.262E+00
     939      1    151      1    144      1      54     1.2921E+02  1.555E+08  1.000E-30  7.143E-01
     941      1    151      1    150      1      54     3.1681E+00  2.348E+03  3.839E-04  3.800E+00
     942      1    152      1    125      1      54     1.1084E+03  2.266E+10  1.964E-05  1.004E+01
     943      1    152      1    127      1      54     1.0929E+03  1.833E+08  1.000E-30  3.022E+00
     944      1    152      1    130      1      54     6.1900E+02  8.005E+09  6.887E-05  5.809E+00
     945      1    152      1    132      1      54     6.0722E+02  2.043E+08  1.000E-30  1.751E+00
     947      1    152      1    136      1      54     3.2399E+02  2.774E+09  3.364E-04  2.874E+00
     948      1    152      1    138      1      54     3.1413E+02  1.524E+08  1.000E-30  3.593E-01
     950      1    152      1    143      1      54     1.3263E+02  7.576E+08  2.303E-03  1.675E+00
     951      1    152      1    145      1      54     1.2383E+02  7.512E+07  1.000E-30  2.500E-01
     953      1    152      1    151      1      54     1.4980E+00  1.081E+02  4.308E-04  8.849E-01
     954      1    153      1    126      1      54     1.1088E+03  2.430E+10  3.022E-05  4.994E+00
     955      1    153      1    131      1      54     6.2180E+02  1.014E+10  1.234E-04  2.895E+00
     956      1    153      1    133      1      54     6.1271E+02  4.651E+07  1.000E-30  1.179E+00
     958      1    153      1    137      1      54     3.2803E+02  3.909E+09  7.014E-04  1.338E+00
     959      1    153      1    139      1      54     3.2004E+02  6.419E+07  1.000E-30  2.708E-01
     961      1    153      1    144      1      54     1.3736E+02  1.208E+09  5.368E-03  7.415E-01
     962      1    153      1    146      1      54     1.2999E+02  4.926E+07  1.000E-30  1.193E-01
     963      1    153      1    152      1      54     6.6466E+00  4.874E+03  4.012E-04  3.505E-01
     964      1    154      1    127      1      54     1.0999E+03  1.542E+10  2.525E-05  3.023E+00
     965      1    154      1    132      1      54     6.1421E+02  9.721E+09  1.578E-04  1.751E+00
     966      1    154      1    138      1      54     3.2112E+02  4.351E+09  1.119E-03  7.744E-01
     967      1    154      1    140      1      54     3.1988E+02  1.604E+07  1.000E-30  2.142E-01
     968      1    154      1    145      1      54     1.3082E+02  1.332E+09  9.677E-03  4.108E-01
     969      1    154      1    147      1      54     1.3000E+02  2.274E+07  1.000E-30  7.227E-02
     970      1    154      1    153      1      54     3.4390E-01  3.025E-01  2.766E-04  1.772E-01
     971      1    155      1    133      1      54     6.1329E+02  6.411E+09  1.272E-04  1.178E+00
     972      1    155      1    139      1      54     3.2062E+02  4.585E+09  1.484E-03  5.060E-01
     973      1    155      1    146      1      54     1.3057E+02  1.713E+09  1.636E-02  2.597E-01
     974      1    155      1    148      1      54     1.2999E+02  7.052E+06  1.000E-30  5.262E-02
     975      1    155      1    154      1      54     2.3759E-01  5.612E-02  2.191E-04  1.028E-01
     976      1    156      1    124      1      54     1.2114E+03  8.190E+09  1.000E-30  3.163E+01
     977      1    156      1    129      1      54     7.1613E+02  3.642E+09  1.000E-30  1.826E+01
     978      1    156      1    135      1      54     4.1816E+02  1.690E+09  1.000E-30  1.150E+01
     980      1    156      1    142      1      54     2.2513E+02  7.629E+08  1.000E-30  7.710E+00
     983      1    156      1    150      1      54     9.3002E+01  2.769E+08  1.000E-30  5.407E+00
     985      1    157      1    123      1      54     1.2298E+03  7.114E+09  5.695E-05  3.980E+00
     986      1    157      1    125      1      54     1.1982E+03  2.390E+09  1.000E-30  1.004E+01
     987      1    157      1    128      1      54     7.2695E+02  2.620E+09  1.024E-04  3.946E+00
     988      1    157      1    130      1      54     7.0872E+02  1.243E+09  1.000E-30  5.810E+00
     989      1    157      1    134      1      54     4.2517E+02  1.034E+09  2.032E-04  3.924E+00
     990      1    157      1    136      1      54     4.1371E+02  6.457E+08  1.000E-30  2.001E+00
     991      1    157      1    141      1      54     2.3000E+02  3.980E+08  4.964E-04  3.904E+00
     993      1    157      1    143      1      54     2.2235E+02  3.169E+08  1.000E-30  2.187E+00
     995      1    157      1    149      1      54     9.6594E+01  1.182E+08  2.005E-03  3.883E+00
     997      1    157      1    151      1      54     9.1219E+01  1.213E+08  1.000E-30  2.576E+00
     999      1    157      1    156      1      54     1.3856E+00  1.576E+02  5.113E-03  6.920E-01
    1000      1    158      1    124      1      54     1.2153E+03  1.294E+10  4.499E-06  3.164E+01
    1001      1    158      1    126      1      54     1.1944E+03  6.870E+08  1.000E-30  4.999E+00
    1002      1    158      1    129      1      54     7.2004E+02  4.665E+09  1.351E-05  1.826E+01
    1003      1    158      1    131      1      54     7.0740E+02  4.671E+08  1.000E-30  2.900E+00
    1004      1    158      1    135      1      54     4.2207E+02  1.801E+09  4.542E-05  1.042E+01
    1005      1    158      1    137      1      54     4.1363E+02  2.911E+08  1.000E-30  7.789E-01
    1007      1    158      1    142      1      54     2.2904E+02  6.795E+08  1.687E-04  6.621E+00
    1009      1    158      1    144      1      54     2.2296E+02  1.652E+08  1.000E-30  4.376E-01
    1011      1    158      1    150      1      54     9.6914E+01  2.024E+08  1.009E-03  4.357E+00
    1012      1    158      1    152      1      54     9.2248E+01  7.189E+07  1.000E-30  5.420E-01
    1014      1    158      1    157      1      54     2.5273E+00  1.384E+03  6.166E-04  2.749E+00
    1015      1    159      1    125      1      54     1.2019E+03  1.738E+10  1.181E-05  1.005E+01
    1016      1    159      1    127      1      54     1.1864E+03  1.291E+08  1.000E-30  3.030E+00
    1017      1    159      1    130      1      54     7.1248E+02  6.548E+09  3.690E-05  5.815E+00
    1018      1    159      1    132      1      54     7.0070E+02  1.477E+08  1.000E-30  1.757E+00
    1019      1    159      1    136      1      54     4.1747E+02  2.570E+09  1.357E-04  3.085E+00
    1020      1    159      1    138      1      54     4.0761E+02  1.197E+08  1.000E-30  5.342E-01
    1022      1    159      1    143      1      54     2.2610E+02  9.699E+08  5.291E-04  1.880E+00
    1023      1    159      1    145      1      54     2.1731E+02  7.900E+07  1.000E-30  2.186E-01
    1025      1    159      1    151      1      54     9.4977E+01  2.850E+08  3.410E-03  1.160E+00
    1026      1    159      1    153      1      54     8.6832E+01  3.491E+07  1.000E-30  1.926E-01
    1028      1    159      1    158      1      54     1.2307E+00  6.816E+01  6.733E-04  6.443E-01
    1029      1    160      1    126      1      54     1.2022E+03  1.779E+10  1.733E-05  5.001E+00
    1030      1    160      1    131      1      54     7.1513E+02  7.892E+09  6.297E-05  2.901E+00
    1031      1    160      1    133      1      54     7.0604E+02  3.124E+07  1.000E-30  1.185E+00
    1032      1    160      1    137      1      54     4.2136E+02  3.419E+09  2.629E-04  1.472E+00
    1033      1    160      1    139      1      54     4.1337E+02  4.509E+07  1.000E-30  3.955E-01
    1035      1    160      1    144      1      54     2.3069E+02  1.401E+09  1.113E-03  8.694E-01
    1036      1    160      1    146      1      54     2.2332E+02  4.249E+07  1.000E-30  1.614E-01
    1037      1    160      1    152      1      54     9.9979E+01  4.728E+08  7.951E-03  5.099E-01
    1038      1    160      1    154      1      54     9.2988E+01  2.768E+07  1.000E-30  9.166E-02
    1039      1    160      1    159      1      54     6.4994E+00  5.300E+03  6.352E-04  2.576E-01
    1040      1    161      1    127      1      54     1.1932E+03  1.040E+10  1.332E-05  3.029E+00
    1041      1    161      1    132      1      54     7.0745E+02  7.009E+09  7.419E-05  1.758E+00
    1042      1    161      1    138      1      54     4.1436E+02  3.582E+09  3.839E-04  8.639E-01
    1043      1    161      1    140      1      54     4.1312E+02  9.978E+06  1.000E-30  3.043E-01
    1044      1    161      1    145      1      54     2.2406E+02  1.538E+09  1.797E-03  5.021E-01
    1045      1    161      1    147      1      54     2.2323E+02  1.684E+07  1.000E-30  1.290E-01
    1046      1    161      1    153      1      54     9.3583E+01  4.702E+08  1.367E-02  2.820E-01
    1047      1    161      1    155      1      54     9.3001E+01  1.534E+07  1.000E-30  5.334E-02
    1048      1    161      1    160      1      54     2.5061E-01  1.406E-01  4.496E-04  1.308E-01
    1049      1    162      1    133      1      54     7.0646E+02  4.019E+09  5.190E-05  1.184E+00
    1050      1    162      1    139      1      54     4.1380E+02  3.264E+09  4.317E-04  5.751E-01
    1051      1    162      1    146      1      54     2.2375E+02  1.740E+09  2.564E-03  3.275E-01
    1052      1    162      1    148      1      54     2.2316E+02  4.258E+06  1.000E-30  1.063E-01
    1053      1    162      1    154      1      54     9.3412E+01  5.922E+08  2.269E-02  1.783E-01
    1054      1    162      1    161      1      54     1.7317E-01  2.777E-02  3.755E-04  7.645E-02
    1381      1    165      1    164      1       1     1.0199E+01  2.864E+03  4.730E-04  2.096E-02
    1384      1    167      1    164      1       1     1.0199E+01  5.722E+03  9.460E-04  2.096E-02
    1387      1    169      1    164      1       1     1.2088E+01  2.380E+03  1.537E-04  3.866E-02
    1389      1    169      1    166      1       1     1.8887E+00  4.992E+01  6.399E-05  5.136E-02
    1392      1    168      1    165      1       1     1.8887E+00  1.561E+00  1.827E-06  5.579E-02
    1394      1    168      1    167      1       1     1.8886E+00  3.121E+00  3.653E-06  5.579E-02
    1396      1    170      1    165      1       1     1.8887E+00  7.988E+01  1.432E-04  3.691E-02
    1398      1    170      1    167      1       1     1.8887E+00  1.597E+02  2.863E-04  3.692E-02
    1399      1    172      1    164      1       1     1.2749E+01  2.537E+02  3.577E-05  6.007E-02
    1401      1    172      1    166      1       1     2.5497E+00  7.202E+00  2.441E-06  4.171E-01
    1404      1    172      1    168      1       1     6.6104E-01  5.922E-01  5.829E-06  1.870E-01
    1405      1    172      1    170      1       1     6.6103E-01  6.712E-02  7.357E-07  1.681E-01
    1407      1    171      1    165      1       1     2.5497E+00  2.137E-01  1.898E-07  1.595E-01
    1409      1    171      1    167      1       1     2.5497E+00  4.274E-01  3.797E-07  1.595E-01
    1410      1    171      1    169      1       1     6.6103E-01  1.183E-01  1.131E-06  1.925E-01
    1414      1    173      1    165      1       1     2.5497E+00  8.548E+00  9.786E-06  1.241E-01
    1416      1    173      1    167      1       1     2.5497E+00  1.712E+01  1.960E-05  1.241E-01
    1417      1    173      1    169      1       1     6.6104E-01  2.267E+00  2.649E-05  1.571E-01
    1425      1    174      1    170      1       1     6.6103E-01  6.221E+00  9.991E-05  1.144E-01
    1426      1    176      1    164      1       1     1.3054E+01  8.862E+00  1.073E-05  9.351E-02
    1428      1    176      1    166      1       1     2.8557E+00  2.795E-01  1.283E-06  3.610E-01
    1430      1    176      1    168      1       1     9.6701E-01  3.132E-02  9.983E-07  3.979E-01
    1431      1    176      1    170      1       1     9.6699E-01  2.855E-03  9.559E-08  3.790E-01
    1433      1    176      1    171      1       1     3.0597E-01  4.453E-03  2.789E-07  5.006E-01
    1434      1    176      1    173      1       1     3.0596E-01  1.138E-03  7.728E-08  4.652E-01
    1437      1    175      1    165      1       1     2.8557E+00  8.052E-03  3.533E-08  3.775E-01
    1439      1    175      1    167      1       1     2.8556E+00  1.610E-02  7.066E-08  3.775E-01
    1440      1    175      1    169      1       1     9.6700E-01  5.759E-03  1.779E-07  4.105E-01
    1443      1    175      1    172      1       1     3.0596E-01  1.299E-03  8.049E-08  5.077E-01
    1447      1    177      1    165      1       1     2.8557E+00  2.955E-01  1.526E-06  3.208E-01
    1449      1    177      1    167      1       1     2.8557E+00  5.901E-01  3.049E-06  3.208E-01
    1450      1    177      1    169      1       1     9.6700E-01  1.077E-01  3.856E-06  3.538E-01
    1453      1    177      1    172      1       1     3.0597E-01  1.498E-02  1.042E-06  4.511E-01
    1456      1    177      1    174      1       1     3.0596E-01  5.086E-04  4.056E-08  3.973E-01
    1461      1    178      1    170      1       1     9.6699E-01  2.024E-01  8.855E-06  2.898E-01
    1463      1    178      1    173      1       1     3.0596E-01  3.645E-02  3.047E-06  3.761E-01
    1469      1    179      1    174      1       1     3.0596E-01  7.735E-02  8.580E-06  2.835E-01
    1470      1    181      1    164      1       1     1.3221E+01  4.199E-01  4.200E-06  1.273E-01
    1472      1    181      1    166      1       1     3.0219E+00  1.388E-02  2.921E-07  7.483E-01
    1473      1    181      1    168      1       1     1.1332E+00  1.740E-03  1.628E-07  7.852E-01
    1474      1    181      1    170      1       1     1.1332E+00  1.426E-04  1.368E-08  7.664E-01
    1476      1    181      1    171      1       1     4.7217E-01  3.385E-04  9.354E-09  8.880E-01
    1477      1    181      1    173      1       1     4.7216E-01  7.153E-05  2.121E-09  8.526E-01
    1480      1    181      1    175      1       1     1.6620E-01  6.505E-05  1.000E-30  1.105E+00
    1481      1    181      1    177      1       1     1.6620E-01  2.564E-05  1.000E-30  1.049E+00
    1484      1    180      1    165      1       1     3.0219E+00  3.974E-04  8.089E-09  7.735E-01
    1486      1    180      1    167      1       1     3.0218E+00  7.935E-04  1.615E-08  7.735E-01
    1487      1    180      1    169      1       1     1.1332E+00  3.078E-04  2.801E-08  8.065E-01
    1488      1    180      1    172      1       1     4.7217E-01  9.037E-05  2.481E-09  9.037E-01
    1491      1    180      1    176      1       1     1.6620E-01  2.390E-05  1.000E-30  1.114E+00
    1495      1    182      1    165      1       1     3.0219E+00  1.387E-02  3.161E-07  6.909E-01
    1497      1    182      1    167      1       1     3.0219E+00  2.781E-02  6.340E-07  6.909E-01
    1498      1    182      1    169      1       1     1.1332E+00  5.700E-03  5.779E-07  7.239E-01
    1499      1    182      1    172      1       1     4.7217E-01  1.092E-03  3.299E-08  8.211E-01
    1502      1    182      1    174      1       1     4.7216E-01  2.713E-05  9.148E-10  7.674E-01
    1503      1    182      1    176      1       1     1.6620E-01  2.002E-04  1.000E-30  1.032E+00
    1506      1    182      1    178      1       1     1.6620E-01  1.741E-05  1.000E-30  9.423E-01
    1509      1    183      1    170      1       1     1.1332E+00  9.122E-03  1.058E-06  6.339E-01
    1511      1    183      1    173      1       1     4.7216E-01  2.277E-03  7.994E-08  7.202E-01
    1513      1    183      1    177      1       1     1.6620E-01  4.511E-04  1.000E-30  9.164E-01
    1514      1    183      1    179      1       1     1.6620E-01  7.094E-06  1.000E-30  8.026E-01
    1517      1    184      1    174      1       1     4.7216E-01  3.122E-03  1.362E-07  5.930E-01
    1519      1    184      1    178      1       1     1.6620E-01  8.896E-04  1.000E-30  7.680E-01
    1521      1    185      1    179      1       1     1.6620E-01  1.616E-03  1.000E-30  5.973E-01
    1523      1    186      1    165      1       1     3.1221E+00  2.877E-05  2.652E-09  1.426E+00
    1524      1    186      1    167      1       1     3.1221E+00  5.753E-05  5.303E-09  1.426E+00
    1525      1    186      1    169      1       1     1.2334E+00  2.329E-05  9.161E-09  1.459E+00
    1526      1    186      1    172      1       1     5.7238E-01  7.497E-06  1.417E-09  1.556E+00
    1527      1    186      1    176      1       1     2.6642E-01  2.599E-06  1.000E-30  1.766E+00
    1530      1    186      1    181      1       1     1.0021E-01  7.637E-07  6.200E-11  2.153E+00
    1533      1    187      1    164      1       1     1.3321E+01  2.977E-02  1.904E-06  1.704E-01
    1534      1    187      1    166      1       1     3.1221E+00  1.012E-03  9.566E-08  1.390E+00
    1535      1    187      1    168      1       1     1.2334E+00  1.346E-04  5.417E-08  1.427E+00
    1536      1    187      1    170      1       1     1.2334E+00  1.034E-05  4.220E-09  1.408E+00
    1537      1    187      1    171      1       1     5.7238E-01  2.926E-05  5.600E-09  1.530E+00
    1538      1    187      1    173      1       1     5.7238E-01  5.573E-06  1.106E-09  1.494E+00
    1540      1    187      1    175      1       1     2.6642E-01  7.675E-06  1.000E-30  1.747E+00
    1541      1    187      1    177      1       1     2.6642E-01  2.550E-06  1.000E-30  1.691E+00
    1544      1    187      1    180      1       1     1.0022E-01  1.774E-06  1.447E-10  2.143E+00
    1545      1    187      1    182      1       1     1.0021E-01  9.250E-07  7.848E-11  2.060E+00
    1548      1    188      1    165      1       1     3.1221E+00  9.802E-04  9.816E-08  1.312E+00
    1549      1    188      1    167      1       1     3.1221E+00  1.960E-03  1.963E-07  1.312E+00
    1550      1    188      1    169      1       1     1.2334E+00  4.275E-04  1.823E-07  1.345E+00
    1551      1    188      1    172      1       1     5.7238E-01  9.207E-05  1.877E-08  1.442E+00
    1552      1    188      1    174      1       1     5.7238E-01  1.939E-06  4.179E-10  1.389E+00
    1553      1    188      1    176      1       1     2.6642E-01  2.332E-05  1.000E-30  1.653E+00
    1556      1    188      1    178      1       1     2.6642E-01  1.536E-06  1.000E-30  1.564E+00
    1558      1    188      1    181      1       1     1.0022E-01  5.147E-06  4.411E-10  2.040E+00
    1561      1    188      1    183      1       1     1.0021E-01  7.619E-07  6.983E-11  1.908E+00
    1564      1    189      1    170      1       1     1.2334E+00  6.280E-04  2.946E-07  1.225E+00
    1565      1    189      1    173      1       1     5.7238E-01  1.773E-04  4.009E-08  1.311E+00
    1567      1    189      1    177      1       1     2.6642E-01  4.878E-05  1.000E-30  1.507E+00
    1568      1    189      1    179      1       1     2.6642E-01  5.215E-07  1.000E-30  1.393E+00
    1570      1    189      1    182      1       1     1.0021E-01  1.097E-05  1.022E-09  1.877E+00
    1571      1    189      1    184      1       1     1.0021E-01  4.697E-07  4.823E-11  1.702E+00
    1573      1    190      1    174      1       1     5.7238E-01  2.004E-04  5.250E-08  1.143E+00
    1575      1    190      1    178      1       1     2.6642E-01  7.940E-05  1.000E-30  1.318E+00
    1577      1    190      1    183      1       1     1.0021E-01  2.048E-05  2.155E-09  1.662E+00
    1578      1    190      1    185      1       1     1.0021E-01  1.824E-07  2.189E-11  1.456E+00
    1580      1    191      1    179      1       1     2.6642E-01  9.006E-05  1.000E-30  1.096E+00
    1581      1    191      1    184      1       1     1.0021E-01  3.536E-05  4.397E-09  1.405E+00
    1583      1    192      1    185      1       1     1.0021E-01  5.830E-05  9.083E-09  1.122E+00
    1585      1    193      1    165      1       1     3.1872E+00  2.908E-06  1.020E-09  2.426E+00
    1586      1    193      1    167      1       1     3.1871E+00  5.817E-06  2.039E-09  2.426E+00
    1587      1    193      1    169      1       1     1.2985E+00  2.403E-06  3.485E-09  2.459E+00
    1588      1    193      1    172      1       1     6.3742E-01  8.098E-07  6.248E-10  2.556E+00
    1589      1    193      1    176      1       1     3.3146E-01  3.085E-07  1.000E-30  2.766E+00
    1590      1    193      1    181      1       1     1.6526E-01  1.201E-07  1.647E-11  3.153E+00
    1594      1    193      1    187      1       1     6.5043E-02  3.820E-08  3.166E-12  3.795E+00
    1596      1    194      1    164      1       1     1.3386E+01  2.967E-03  8.516E-08  2.377E+00
    1597      1    194      1    166      1       1     3.1871E+00  1.029E-04  3.678E-08  2.378E+00
    1598      1    194      1    168      1       1     1.2985E+00  1.405E-05  2.075E-08  2.415E+00
    1599      1    194      1    170      1       1     1.2985E+00  1.043E-06  1.554E-09  2.396E+00
    1600      1    194      1    171      1       1     6.3743E-01  3.254E-06  2.540E-09  2.518E+00
    1601      1    194      1    173      1       1     6.3742E-01  5.792E-07  4.627E-10  2.483E+00
    1602      1    194      1    175      1       1     3.3146E-01  9.532E-07  1.000E-30  2.736E+00
    1603      1    194      1    177      1       1     3.3146E-01  2.889E-07  1.000E-30  2.679E+00
    1605      1    194      1    180      1       1     1.6526E-01  3.002E-07  4.147E-11  3.131E+00
    1606      1    194      1    182      1       1     1.6526E-01  1.352E-07  1.918E-11  3.049E+00
    1608      1    194      1    186      1       1     6.5044E-02  7.920E-08  6.583E-12  3.783E+00
    1610      1    194      1    188      1       1     6.5043E-02  5.019E-08  4.301E-12  3.670E+00
    1613      1    195      1    165      1       1     3.1872E+00  9.760E-05  3.644E-08  2.277E+00
    1614      1    195      1    167      1       1     3.1871E+00  1.952E-04  7.289E-08  2.277E+00
    1615      1    195      1    169      1       1     1.2985E+00  4.394E-05  6.781E-08  2.310E+00
    1616      1    195      1    172      1       1     6.3742E-01  1.006E-05  8.244E-09  2.407E+00
    1617      1    195      1    174      1       1     6.3742E-01  1.911E-07  1.622E-10  2.353E+00
    1618      1    195      1    176      1       1     3.3146E-01  2.868E-06  1.000E-30  2.618E+00
    1619      1    195      1    178      1       1     3.3146E-01  1.616E-07  1.000E-30  2.528E+00
    1620      1    195      1    181      1       1     1.6526E-01  8.743E-07  1.259E-10  3.005E+00
    1623      1    195      1    183      1       1     1.6526E-01  1.008E-07  1.518E-11  2.872E+00
    1626      1    195      1    187      1       1     6.5044E-02  2.196E-07  1.894E-11  3.646E+00
    1628      1    195      1    189      1       1     6.5043E-02  4.638E-08  4.212E-12  3.463E+00
    1631      1    196      1    170      1       1     1.2985E+00  6.132E-05  1.016E-07  2.154E+00
    1632      1    196      1    173      1       1     6.3742E-01  1.844E-05  1.632E-08  2.240E+00
    1633      1    196      1    177      1       1     3.3146E-01  5.724E-06  1.000E-30  2.436E+00
    1634      1    196      1    179      1       1     3.3146E-01  4.960E-08  1.000E-30  2.323E+00
    1636      1    196      1    182      1       1     1.6526E-01  1.786E-06  2.753E-10  2.806E+00
    1637      1    196      1    184      1       1     1.6526E-01  5.420E-08  8.910E-12  2.632E+00
    1639      1    196      1    188      1       1     6.5043E-02  4.491E-07  4.120E-11  3.427E+00
    1640      1    196      1    190      1       1     6.5043E-02  3.449E-08  3.410E-12  3.181E+00
    1642      1    197      1    174      1       1     6.3742E-01  1.870E-05  1.844E-08  2.025E+00
    1643      1    197      1    178      1       1     3.3146E-01  8.372E-06  1.000E-30  2.200E+00
    1645      1    197      1    183      1       1     1.6526E-01  3.012E-06  5.121E-10  2.544E+00
    1646      1    197      1    185      1       1     1.6526E-01  1.739E-08  3.216E-12  2.338E+00
    1648      1    197      1    189      1       1     6.5043E-02  8.021E-07  8.044E-11  3.134E+00
    1649      1    197      1    191      1       1     6.5043E-02  2.026E-08  2.246E-12  2.837E+00
    1651      1    198      1    179      1       1     3.3146E-01  7.642E-06  1.000E-30  1.919E+00
    1652      1    198      1    184      1       1     1.6526E-01  4.206E-06  8.161E-10  2.228E+00
    1653      1    198      1    190      1       1     6.5043E-02  1.340E-06  1.516E-10  2.778E+00
    1656      1    199      1    185      1       1     1.6526E-01  4.195E-06  9.676E-10  1.874E+00
    1657      1    199      1    191      1       1     6.5043E-02  2.121E-06  2.810E-10  2.372E+00
    1659      1    200      1    192      1       1     6.5043E-02  3.260E-06  5.293E-10  1.935E+00
    1661      1    201      1    165      1       1     3.2317E+00  3.783E-07  4.398E-10  3.880E+00
    1662      1    201      1    167      1       1     3.2317E+00  7.566E-07  8.796E-10  3.880E+00
    1663      1    201      1    169      1       1     1.3431E+00  3.170E-07  1.491E-09  3.913E+00
    1664      1    201      1    172      1       1     6.8202E-01  1.101E-07  2.858E-10  4.010E+00
    1665      1    201      1    176      1       1     3.7605E-01  4.385E-08  1.000E-30  4.221E+00
    1666      1    201      1    181      1       1     2.0985E-01  1.878E-08  5.957E-12  4.608E+00
    1673      1    202      1    164      1       1     1.3431E+01  3.823E-04  3.689E-08  3.818E+00
    1674      1    202      1    166      1       1     3.2317E+00  1.345E-05  1.588E-08  3.819E+00
    1675      1    202      1    168      1       1     1.3431E+00  1.885E-06  9.006E-09  3.856E+00
    1676      1    202      1    170      1       1     1.3430E+00  1.349E-07  6.479E-10  3.837E+00
    1677      1    202      1    171      1       1     6.8202E-01  4.485E-07  1.176E-09  3.959E+00
    1678      1    202      1    173      1       1     6.8201E-01  7.690E-08  2.050E-10  3.924E+00
    1679      1    202      1    175      1       1     3.7606E-01  1.394E-07  1.000E-30  4.177E+00
    1680      1    202      1    177      1       1     3.7605E-01  3.968E-08  1.000E-30  4.120E+00
    1681      1    202      1    180      1       1     2.0985E-01  4.935E-08  1.577E-11  4.572E+00
    1682      1    202      1    182      1       1     2.0985E-01  2.022E-08  6.582E-12  4.490E+00
    1683      1    202      1    186      1       1     1.0964E-01  1.769E-08  2.041E-12  5.224E+00
    1685      1    202      1    188      1       1     1.0964E-01  9.785E-09  1.154E-12  5.111E+00
    1692      1    203      1    165      1       1     3.2317E+00  1.258E-05  1.537E-08  3.691E+00
    1693      1    203      1    167      1       1     3.2317E+00  2.516E-05  3.074E-08  3.691E+00
    1694      1    203      1    169      1       1     1.3431E+00  5.778E-06  2.855E-08  3.724E+00
    1695      1    203      1    172      1       1     6.8202E-01  1.373E-06  3.739E-09  3.821E+00
    1696      1    203      1    174      1       1     6.8201E-01  2.442E-08  6.821E-11  3.768E+00
    1697      1    203      1    176      1       1     3.7605E-01  4.159E-07  1.000E-30  4.032E+00
    1698      1    203      1    178      1       1     3.7605E-01  2.121E-08  1.000E-30  3.943E+00
    1699      1    203      1    181      1       1     2.0985E-01  1.427E-07  4.719E-11  4.419E+00
    1700      1    203      1    183      1       1     2.0985E-01  1.423E-08  4.850E-12  4.286E+00
    1702      1    203      1    187      1       1     1.0964E-01  4.941E-08  5.884E-12  5.061E+00
    1706      1    203      1    194      1       1     4.4594E-02  1.368E-08  1.224E-12  6.049E+00
    1710      1    204      1    170      1       1     1.3430E+00  7.814E-06  4.080E-08  3.528E+00
    1711      1    204      1    173      1       1     6.8202E-01  2.436E-06  7.048E-09  3.614E+00
    1712      1    204      1    177      1       1     3.7605E-01  8.054E-07  1.000E-30  3.810E+00
    1714      1    204      1    182      1       1     2.0985E-01  2.845E-07  9.941E-11  4.180E+00
    1717      1    204      1    188      1       1     1.0964E-01  9.885E-08  1.240E-11  4.801E+00
    1720      1    204      1    195      1       1     4.4593E-02  2.708E-08  2.542E-12  5.766E+00
    1723      1    205      1    174      1       1     6.8201E-01  2.317E-06  7.283E-09  3.345E+00
    1724      1    205      1    178      1       1     3.7605E-01  1.104E-06  1.000E-30  3.520E+00
    1725      1    205      1    183      1       1     2.0985E-01  4.498E-07  1.700E-10  3.864E+00
    1728      1    205      1    189      1       1     1.0964E-01  1.675E-07  2.264E-11  4.455E+00
    1731      1    205      1    196      1       1     4.4593E-02  4.702E-08  4.725E-12  5.384E+00
    1734      1    206      1    179      1       1     3.7605E-01  8.863E-07  1.000E-30  3.173E+00
    1735      1    206      1    184      1       1     2.0985E-01  5.530E-07  2.318E-10  3.482E+00
    1736      1    206      1    190      1       1     1.0964E-01  2.468E-07  3.686E-11  4.032E+00
    1738      1    206      1    197      1       1     4.4593E-02  7.646E-08  8.418E-12  4.914E+00
    1741      1    207      1    185      1       1     2.0985E-01  4.345E-07  2.080E-10  3.047E+00
    1742      1    207      1    191      1       1     1.0964E-01  3.080E-07  5.228E-11  3.546E+00
    1743      1    207      1    198      1       1     4.4593E-02  1.172E-07  1.451E-11  4.369E+00
    1746      1    208      1    185      1       1     2.4771E-01  6.534E-08  6.598E-11  4.763E+00
    1747      1    208      1    191      1       1     1.4750E-01  5.660E-08  1.644E-11  5.261E+00
    1748      1    208      1    198      1       1     8.2456E-02  3.447E-08  4.116E-12  6.084E+00
    1750      1    208      1    206      1       1     3.7863E-02  1.775E-08  1.532E-12  7.338E+00
    1752      1    209      1    170      1       1     1.3809E+00  1.248E-06  1.849E-08  5.467E+00
    1753      1    209      1    173      1       1     7.1991E-01  4.057E-07  3.385E-09  5.554E+00
    1754      1    209      1    177      1       1     4.1395E-01  1.427E-07  1.641E-11  5.750E+00
    1756      1    209      1    182      1       1     2.4775E-01  5.587E-08  4.398E-11  6.120E+00
    1758      1    209      1    188      1       1     1.4753E-01  2.352E-08  5.338E-12  6.741E+00
    1761      1    209      1    195      1       1     8.2489E-02  1.020E-08  9.627E-13  7.705E+00
    1767      1    210      1    179      1       1     4.1400E-01  1.385E-07  2.184E-11  4.978E+00
    1768      1    210      1    184      1       1     2.4780E-01  9.608E-08  8.741E-11  5.287E+00
    1769      1    210      1    190      1       1     1.4759E-01  5.221E-08  1.366E-11  5.836E+00
    1771      1    210      1    197      1       1     8.2546E-02  2.575E-08  2.780E-12  6.718E+00
    1773      1    210      1    205      1       1     3.7953E-02  1.186E-08  9.302E-13  8.039E+00
    1775      1    211      1    164      1       1     1.3469E+01  6.106E-05  1.762E-08  5.832E+00
    1776      1    211      1    166      1       1     3.2697E+00  2.165E-06  7.529E-09  5.833E+00
    1777      1    211      1    168      1       1     1.3810E+00  3.099E-07  4.277E-09  5.870E+00
    1778      1    211      1    170      1       1     1.3810E+00  2.187E-08  3.030E-10  5.851E+00
    1779      1    211      1    171      1       1     7.2000E-01  7.706E-08  5.940E-10  5.973E+00
    1780      1    211      1    173      1       1     7.1999E-01  1.283E-08  1.002E-10  5.938E+00
    1781      1    211      1    175      1       1     4.1404E-01  2.545E-08  2.534E-12  6.191E+00
    1783      1    211      1    180      1       1     2.4783E-01  9.924E-09  7.259E-12  6.586E+00
    1796      1    212      1    165      1       1     3.2697E+00  2.008E-06  7.177E-09  5.675E+00
    1797      1    212      1    167      1       1     3.2697E+00  4.017E-06  1.435E-08  5.675E+00
    1798      1    212      1    169      1       1     1.3810E+00  9.460E-07  1.341E-08  5.708E+00
    1799      1    212      1    172      1       1     7.2001E-01  2.330E-07  1.852E-09  5.806E+00
    1801      1    212      1    176      1       1     4.1404E-01  7.539E-08  7.872E-12  6.016E+00
    1803      1    212      1    181      1       1     2.4784E-01  2.865E-08  2.155E-11  6.403E+00
    1805      1    212      1    187      1       1     1.4763E-01  1.196E-08  2.595E-12  7.045E+00
    1815      1    213      1    165      1       1     3.2697E+00  6.076E-08  2.087E-10  5.909E+00
    1816      1    213      1    167      1       1     3.2697E+00  1.215E-07  4.173E-10  5.909E+00
    1817      1    213      1    169      1       1     1.3810E+00  5.200E-08  7.086E-10  5.942E+00
    1818      1    213      1    172      1       1     7.2001E-01  1.859E-08  1.421E-10  6.039E+00
    1829      1    214      1    174      1       1     7.2002E-01  3.676E-07  3.274E-09  5.225E+00
    1830      1    214      1    178      1       1     4.1406E-01  1.869E-07  2.427E-11  5.400E+00
    1831      1    214      1    183      1       1     2.4786E-01  8.466E-08  7.091E-11  5.744E+00
    1833      1    214      1    189      1       1     1.4764E-01  3.817E-08  9.200E-12  6.334E+00
    1836      1    214      1    196      1       1     8.2598E-02  1.723E-08  1.720E-12  7.264E+00
