#  File format type:   4
#
#  SPECT3D transition powers file.
#  RUN NAME:  xe_20-200ev_1e18-1e21_4mm
#  Total number of transitions   =     1890
#  Number of written transitions =      663
#  Plasma temperature (eV)       =     1.0000E+02
#  Mass density (g/cm3)          =     4.4865E-03
#  Cell areal density (g/cm2)    =     1.7946E-03
#  Material mass fractions       =     1.0000E+00
#  DCA material number fractions =     1.3000E-02    9.8700E-01
# -----------------------------------------------------
#
#
#   Trans.  Trans  Upper  Upper  Lower  Lower   Ioniz   Energy     Line Power Line Center Line Width
#   Index   Model  Level  Model  Level  Model   Stage   (eV)       (W/cm2)    Opt. Depth      eV
# --------------------------------------------------------------------------------------------------
       1      1      3      1      2      1      52     1.1982E+02  1.736E+09  5.120E-08  9.109E-03
       2      1      4      1      2      1      52     4.9234E+02  9.804E+10  3.572E+00  3.436E-02
       4      1      6      1      5      1      52     1.0651E+02  6.578E+09  4.115E-03  7.872E+01
       6      1      7      1      6      1      52     6.8034E+01  8.654E+08  5.737E-04  9.467E+01
       7      1      9      1      8      1      52     3.8672E+01  3.772E+08  1.372E-02  2.873E+01
       9      1     10      1      9      1      52     3.4641E+01  2.469E+08  3.755E-03  3.135E+01
      11      1     11      1     10      1      52     9.4480E+00  8.604E+05  1.418E-03  8.538E+00
      13      1     12      1      9      1      52     8.3242E+02  1.426E+13  1.000E-30  4.476E+01
      14      1     13      1      8      1      52     8.9349E+02  1.080E+13  3.453E-02  2.727E+01
      16      1     13      1     10      1      52     8.2018E+02  3.772E+12  1.000E-30  1.547E+01
      17      1     13      1     12      1      52     2.2396E+01  1.040E+08  3.471E-02  1.659E+01
      19      1     14      1      9      1      52     8.6975E+02  2.354E+13  1.937E-02  3.752E+01
      21      1     14      1     11      1      52     8.2566E+02  8.999E+11  1.000E-30  2.950E+00
      23      1     14      1     13      1      52     1.4925E+01  2.300E+07  6.815E-03  2.025E+01
      25      1     15      1     10      1      52     8.3968E+02  3.751E+13  6.378E-02  1.285E+01
      28      1     15      1     14      1      52     4.5752E+00  1.691E+05  4.766E-03  4.413E+00
      30      1     16      1     11      1      52     8.3260E+02  5.433E+13  1.658E-01  5.903E+00
      32      1     16      1     15      1      52     2.3647E+00  7.063E+03  2.561E-03  1.771E+00
      34      1     17      1      9      1      52     1.3019E+03  1.196E+13  1.000E-30  4.469E+01
      36      1     17      1     13      1      52     4.4709E+02  3.032E+12  1.000E-30  2.767E+01
      38      1     18      1      8      1      52     1.3534E+03  1.047E+13  1.610E-02  1.592E+01
      40      1     18      1     10      1      52     1.2800E+03  2.922E+12  1.000E-30  8.610E+00
      41      1     18      1     12      1      52     4.8226E+02  1.790E+12  6.536E-02  1.582E+01
      43      1     18      1     14      1      52     4.4493E+02  1.012E+12  1.000E-30  9.537E+00
      45      1     18      1     17      1      52     1.2770E+01  2.209E+07  7.333E-02  9.471E+00
      47      1     19      1      9      1      52     1.3234E+03  2.164E+13  4.579E-03  4.046E+01
      49      1     19      1     11      1      52     1.2793E+03  5.948E+11  1.000E-30  4.070E+00
      51      1     19      1     13      1      52     4.6860E+02  3.623E+12  3.100E-02  2.344E+01
      53      1     19      1     15      1      52     4.4910E+02  3.698E+11  1.000E-30  1.823E+00
      56      1     19      1     18      1      52     8.7378E+00  5.905E+06  1.518E-02  1.178E+01
      58      1     20      1     10      1      52     1.2912E+03  3.083E+13  1.191E-02  1.450E+01
      61      1     20      1     14      1      52     4.5609E+02  5.279E+12  1.207E-01  6.388E+00
      63      1     20      1     16      1      52     4.4915E+02  1.041E+11  1.000E-30  7.486E-01
      65      1     20      1     19      1      52     2.4178E+00  3.186E+04  1.042E-02  2.603E+00
      67      1     21      1     11      1      52     1.2829E+03  3.207E+13  1.906E-02  6.934E+00
      69      1     21      1     15      1      52     4.5271E+02  6.803E+12  2.941E-01  2.931E+00
      72      1     21      1     20      1      52     1.2002E+00  1.549E+03  7.033E-03  1.084E+00
      75      1     22      1     16      1      52     4.5135E+02  8.022E+12  5.965E-01  1.673E+00
      77      1     22      1     21      1      52     1.0028E+00  4.098E+02  4.671E-03  5.762E-01
      79      1     23      1     13      1      52     7.2854E+02  2.907E+12  1.000E-30  2.767E+01
      81      1     23      1     18      1      52     2.6868E+02  8.516E+11  1.000E-30  1.607E+01
      83      1     24      1     12      1      52     7.5883E+02  2.016E+12  2.834E-02  1.005E+01
      85      1     24      1     14      1      52     7.2151E+02  9.023E+11  1.000E-30  5.158E+00
      86      1     24      1     17      1      52     2.8935E+02  4.004E+11  1.130E-01  1.005E+01
      88      1     24      1     19      1      52     2.6784E+02  3.185E+11  1.000E-30  6.333E+00
      90      1     24      1     23      1      52     7.9016E+00  5.638E+06  1.345E-01  5.977E+00
      92      1     25      1     13      1      52     7.4204E+02  3.924E+12  7.682E-03  2.498E+01
      94      1     25      1     15      1      52     7.2254E+02  2.916E+11  1.000E-30  1.831E+00
      96      1     25      1     18      1      52     2.8218E+02  7.889E+11  5.576E-02  1.344E+01
      98      1     25      1     20      1      52     2.7102E+02  1.428E+11  1.000E-30  1.317E+00
     101      1     25      1     24      1      52     5.5989E+00  1.860E+06  2.908E-02  7.504E+00
     103      1     26      1     14      1      52     7.2843E+02  5.730E+12  2.501E-02  7.283E+00
     105      1     26      1     16      1      52     7.2149E+02  6.853E+10  1.000E-30  1.264E+00
     107      1     26      1     19      1      52     2.7476E+02  1.034E+12  2.049E-01  3.684E+00
     109      1     26      1     21      1      52     2.7114E+02  6.081E+10  1.000E-30  5.443E-01
     112      1     26      1     25      1      52     1.3194E+00  6.147E+03  1.842E-02  1.771E+00
     114      1     27      1     15      1      52     7.2446E+02  6.967E+12  4.753E-02  3.488E+00
     117      1     27      1     20      1      52     2.7295E+02  1.209E+12  4.600E-01  1.725E+00
     119      1     27      1     22      1      52     2.7075E+02  1.797E+10  1.000E-30  3.357E-01
     121      1     27      1     26      1      52     6.0740E-01  2.693E+02  1.298E-02  7.962E-01
     123      1     28      1     16      1      52     7.2273E+02  6.356E+12  5.796E-02  2.071E+00
     125      1     28      1     21      1      52     2.7238E+02  1.312E+12  8.811E-01  1.010E+00
     128      1     28      1     27      1      52     6.3240E-01  1.902E+02  1.074E-02  4.616E-01
     129      1     29      1     13      1      52     9.1039E+02  2.312E+12  1.000E-30  2.769E+01
     131      1     29      1     18      1      52     4.5053E+02  8.852E+11  1.000E-30  1.609E+01
     134      1     29      1     24      1      52     1.7396E+02  2.819E+11  1.000E-30  1.028E+01
     136      1     30      1     12      1      52     9.3797E+02  1.720E+12  1.848E-02  6.865E+00
     137      1     30      1     14      1      52     9.0065E+02  6.858E+11  1.000E-30  4.601E+00
     138      1     30      1     17      1      52     4.6848E+02  5.065E+11  4.534E-02  6.862E+00
     140      1     30      1     19      1      52     4.4698E+02  3.135E+11  1.000E-30  3.681E+00
     142      1     30      1     23      1      52     1.8704E+02  1.097E+11  1.797E-01  6.887E+00
     144      1     30      1     25      1      52     1.7354E+02  1.140E+11  1.000E-30  4.517E+00
     146      1     30      1     29      1      52     5.1810E+00  1.641E+06  2.202E-01  4.101E+00
     147      1     31      1     13      1      52     9.1941E+02  3.298E+12  3.249E-03  2.589E+01
     148      1     31      1     15      1      52     8.9991E+02  2.070E+11  1.000E-30  2.618E+00
     150      1     31      1     18      1      52     4.5956E+02  9.680E+11  1.401E-02  1.435E+01
     152      1     31      1     20      1      52     4.4840E+02  1.272E+11  1.000E-30  1.098E+00
     155      1     31      1     24      1      52     1.8298E+02  2.139E+11  9.189E-02  8.483E+00
     157      1     31      1     26      1      52     1.7606E+02  5.828E+10  1.000E-30  1.084E+00
     160      1     31      1     30      1      52     3.8407E+00  6.967E+05  4.950E-02  5.249E+00
     161      1     32      1     14      1      52     9.0519E+02  4.634E+12  9.617E-03  7.811E+00
     162      1     32      1     16      1      52     8.9825E+02  4.422E+10  1.000E-30  1.792E+00
     164      1     32      1     19      1      52     4.5152E+02  1.370E+12  4.448E-02  4.218E+00
     166      1     32      1     21      1      52     4.4790E+02  4.739E+10  1.000E-30  7.685E-01
     169      1     32      1     25      1      52     1.7808E+02  2.562E+11  3.088E-01  2.427E+00
     171      1     32      1     27      1      52     1.7615E+02  2.992E+10  1.000E-30  5.218E-01
     174      1     32      1     31      1      52     7.0280E-01  1.063E+03  2.704E-02  1.390E+00
     175      1     33      1     15      1      52     9.0089E+02  5.170E+12  1.587E-02  3.859E+00
     177      1     33      1     20      1      52     4.4938E+02  1.704E+12  8.503E-02  2.082E+00
     179      1     33      1     22      1      52     4.4717E+02  1.162E+10  1.000E-30  6.036E-01
     181      1     33      1     26      1      52     1.7704E+02  2.835E+11  6.405E-01  1.204E+00
     183      1     33      1     28      1      52     1.7580E+02  1.333E+10  1.000E-30  3.527E-01
     185      1     33      1     32      1      52     2.7490E-01  3.188E+01  1.772E-02  7.218E-01
     186      1     34      1     16      1      52     8.9895E+02  3.823E+12  1.514E-02  2.334E+00
     188      1     34      1     21      1      52     4.4860E+02  1.850E+12  1.243E-01  1.273E+00
     191      1     34      1     27      1      52     1.7685E+02  2.995E+11  1.091E+00  7.471E-01
     194      1     34      1     33      1      52     4.2420E-01  8.199E+01  1.376E-02  4.819E-01
     195      1     35      1     13      1      52     1.0346E+03  1.783E+12  1.000E-30  2.780E+01
     196      1     35      1     18      1      52     5.7478E+02  7.516E+11  1.000E-30  1.620E+01
     198      1     35      1     24      1      52     2.9820E+02  3.158E+11  1.000E-30  1.033E+01
     201      1     35      1     30      1      52     1.1906E+02  1.078E+11  1.000E-30  7.121E+00
     203      1     36      1     12      1      52     1.0606E+03  1.383E+12  1.393E-02  5.024E+00
     204      1     36      1     14      1      52     1.0233E+03  5.148E+11  1.000E-30  5.438E+00
     205      1     36      1     17      1      52     5.9109E+02  4.674E+11  2.773E-02  5.020E+00
     206      1     36      1     19      1      52     5.6958E+02  2.561E+11  1.000E-30  2.871E+00
     207      1     36      1     23      1      52     3.0964E+02  1.552E+11  6.717E-02  5.039E+00
     209      1     36      1     25      1      52     2.9614E+02  1.219E+11  1.000E-30  2.900E+00
     211      1     36      1     29      1      52     1.2779E+02  3.497E+10  2.626E-01  5.078E+00
     213      1     36      1     31      1      52     1.1877E+02  4.582E+10  1.000E-30  3.484E+00
     215      1     36      1     35      1      52     3.5433E+00  5.296E+05  3.199E-01  3.123E+00
     216      1     37      1     13      1      52     1.0410E+03  2.622E+12  1.733E-03  2.651E+01
     217      1     37      1     15      1      52     1.0215E+03  1.487E+11  1.000E-30  3.248E+00
     218      1     37      1     18      1      52     5.8110E+02  8.761E+11  5.936E-03  1.498E+01
     219      1     37      1     20      1      52     5.6995E+02  9.800E+10  1.000E-30  1.536E+00
     221      1     37      1     24      1      52     3.0452E+02  2.908E+11  2.306E-02  9.107E+00
     223      1     37      1     26      1      52     2.9760E+02  5.687E+10  1.000E-30  8.954E-01
     226      1     37      1     30      1      52     1.2539E+02  6.837E+10  1.378E-01  5.899E+00
     228      1     37      1     32      1      52     1.2084E+02  2.556E+10  1.000E-30  1.035E+00
     231      1     37      1     36      1      52     2.7803E+00  3.004E+05  7.660E-02  3.996E+00
     232      1     38      1     14      1      52     1.0264E+03  3.579E+12  4.814E-03  8.176E+00
     233      1     38      1     16      1      52     1.0194E+03  2.975E+10  1.000E-30  2.183E+00
     234      1     38      1     19      1      52     5.7269E+02  1.235E+12  1.727E-02  4.609E+00
     235      1     38      1     21      1      52     5.6908E+02  3.363E+10  1.000E-30  1.128E+00
     237      1     38      1     25      1      52     2.9925E+02  3.983E+11  6.860E-02  2.812E+00
     239      1     38      1     27      1      52     2.9733E+02  2.630E+10  1.000E-30  6.458E-01
     242      1     38      1     31      1      52     1.2188E+02  7.672E+10  4.122E-01  1.851E+00
     244      1     38      1     33      1      52     1.2090E+02  1.466E+10  1.000E-30  6.133E-01
     247      1     38      1     37      1      52     3.3030E-01  1.294E+02  3.326E-02  1.280E+00
     248      1     39      1     15      1      52     1.0219E+03  3.742E+12  7.223E-03  4.136E+00
     249      1     39      1     20      1      52     5.7035E+02  1.485E+12  2.986E-02  2.360E+00
     250      1     39      1     22      1      52     5.6815E+02  7.381E+09  1.000E-30  8.746E-01
     252      1     39      1     26      1      52     2.9801E+02  4.903E+11  1.241E-01  1.475E+00
     254      1     39      1     28      1      52     2.9677E+02  1.017E+10  1.000E-30  5.417E-01
     256      1     39      1     32      1      52     1.2125E+02  9.998E+10  7.160E-01  1.029E+00
     258      1     39      1     34      1      52     1.2055E+02  7.834E+09  1.000E-30  4.677E-01
     260      1     39      1     38      1      52     7.3900E-02  7.415E-01  1.903E-02  7.296E-01
     261      1     40      1     16      1      52     1.0198E+03  2.442E+12  5.924E-03  2.555E+00
     262      1     40      1     21      1      52     5.6945E+02  1.473E+12  3.695E-02  1.488E+00
     264      1     40      1     27      1      52     2.9770E+02  5.586E+11  1.772E-01  9.627E-01
     267      1     40      1     33      1      52     1.2127E+02  1.180E+11  1.047E+00  7.135E-01
     270      1     40      1     39      1      52     2.9800E-01  3.629E+01  1.252E-02  6.082E-01
     271      1     41      1     13      1      52     1.1233E+03  1.376E+12  1.000E-30  2.795E+01
     272      1     41      1     18      1      52     6.6340E+02  6.099E+11  1.000E-30  1.635E+01
     273      1     41      1     24      1      52     3.8682E+02  2.811E+11  1.000E-30  1.048E+01
     275      1     41      1     30      1      52     2.0768E+02  1.263E+11  1.000E-30  7.273E+00
     278      1     41      1     36      1      52     8.5076E+01  4.547E+10  1.000E-30  5.389E+00
     280      1     42      1     12      1      52     1.1482E+03  1.095E+12  1.113E-02  3.914E+00
     281      1     42      1     14      1      52     1.1108E+03  3.901E+11  1.000E-30  6.365E+00
     282      1     42      1     17      1      52     6.7867E+02  3.975E+11  1.981E-02  3.910E+00
     283      1     42      1     19      1      52     6.5716E+02  2.024E+11  1.000E-30  3.145E+00
     284      1     42      1     23      1      52     3.9722E+02  1.525E+11  3.863E-02  3.935E+00
     285      1     42      1     25      1      52     3.8372E+02  1.054E+11  1.000E-30  2.251E+00
     286      1     42      1     29      1      52     2.1536E+02  5.487E+10  9.227E-02  3.987E+00
     288      1     42      1     31      1      52     2.0634E+02  5.195E+10  1.000E-30  2.502E+00
     290      1     42      1     35      1      52     9.1119E+01  1.265E+10  3.552E-01  4.070E+00
     292      1     42      1     37      1      52     8.4795E+01  2.017E+10  1.000E-30  2.943E+00
     294      1     42      1     41      1      52     2.4992E+00  1.909E+05  3.956E-01  2.730E+00
     295      1     43      1     13      1      52     1.1279E+03  2.059E+12  1.047E-03  2.705E+01
     296      1     43      1     15      1      52     1.1084E+03  1.093E+11  1.000E-30  3.752E+00
     297      1     43      1     18      1      52     6.6800E+02  7.373E+11  3.166E-03  1.545E+01
     298      1     43      1     20      1      52     6.5684E+02  7.434E+10  1.000E-30  1.994E+00
     299      1     43      1     24      1      52     3.9142E+02  2.801E+11  9.738E-03  9.578E+00
     300      1     43      1     26      1      52     3.8450E+02  4.668E+10  1.000E-30  1.174E+00
     302      1     43      1     30      1      52     2.1228E+02  1.013E+11  3.425E-02  6.357E+00
     304      1     43      1     32      1      52     2.0774E+02  2.672E+10  1.000E-30  9.443E-01
     307      1     43      1     36      1      52     8.9678E+01  2.479E+10  1.907E-01  4.486E+00
     309      1     43      1     38      1      52     8.6568E+01  1.198E+10  1.000E-30  1.132E+00
     312      1     43      1     42      1      52     2.1031E+00  1.456E+05  1.051E-01  3.351E+00
     313      1     44      1     15      1      52     1.1084E+03  2.772E+12  3.893E-03  4.395E+00
     314      1     44      1     20      1      52     6.5688E+02  1.188E+12  1.379E-02  2.612E+00
     315      1     44      1     22      1      52     6.5468E+02  4.943E+09  1.000E-30  1.128E+00
     316      1     44      1     26      1      52     3.8454E+02  4.801E+11  4.310E-02  1.734E+00
     317      1     44      1     28      1      52     3.8330E+02  7.166E+09  1.000E-30  7.878E-01
     319      1     44      1     32      1      52     2.0778E+02  1.756E+11  1.408E-01  1.283E+00
     321      1     44      1     34      1      52     2.0708E+02  6.751E+09  1.000E-30  6.440E-01
     323      1     44      1     38      1      52     8.6605E+01  3.761E+10  6.482E-01  1.070E+00
     325      1     44      1     40      1      52     8.6233E+01  4.397E+09  1.000E-30  6.735E-01
     327      1     45      1     14      1      52     1.1130E+03  2.755E+12  2.776E-03  8.516E+00
     328      1     45      1     16      1      52     1.1061E+03  2.083E+10  1.000E-30  2.516E+00
     329      1     45      1     19      1      52     6.5935E+02  1.025E+12  8.608E-03  4.936E+00
     330      1     45      1     21      1      52     6.5574E+02  2.432E+10  1.000E-30  1.456E+00
     331      1     45      1     25      1      52     3.8591E+02  3.901E+11  2.655E-02  3.139E+00
     332      1     45      1     27      1      52     3.8399E+02  2.018E+10  1.000E-30  9.393E-01
     334      1     45      1     31      1      52     2.0854E+02  1.344E+11  9.000E-02  2.172E+00
     336      1     45      1     33      1      52     2.0756E+02  1.415E+10  1.000E-30  7.305E-01
     339      1     45      1     37      1      52     8.6990E+01  3.107E+10  4.576E-01  1.659E+00
     341      1     45      1     39      1      52     8.6586E+01  7.422E+09  1.000E-30  8.026E-01
     344      1     45      1     43      1      52     9.2200E-02  3.187E+00  3.720E-02  1.171E+00
     345      1     45      1     44      1      52     5.4600E-02  4.571E-01  1.000E-30  8.692E-01
     346      1     46      1     16      1      52     1.1062E+03  1.653E+12  2.889E-03  2.770E+00
     347      1     46      1     21      1      52     6.5590E+02  1.094E+12  1.515E-02  1.703E+00
     348      1     46      1     27      1      52     3.8415E+02  5.423E+11  5.450E-02  1.180E+00
     350      1     46      1     33      1      52     2.0772E+02  2.102E+11  1.809E-01  9.254E-01
     353      1     46      1     39      1      52     8.6749E+01  4.638E+10  8.012E-01  8.322E-01
     355      1     46      1     44      1      52     2.1720E-01  1.694E+01  9.981E-03  8.392E-01
     357      1     48      1     47      1      52     3.1750E+02  5.072E+10  2.815E-03  1.840E+02
     358      1     49      1     48      1      52     3.6284E+02  2.758E+11  1.548E-04  2.762E+02
     359      1     51      1     50      1      52     7.7750E-01  7.224E+02  1.318E-03  1.384E+02
     360      1     52      1     51      1      52     6.6689E+02  4.282E+12  1.000E-30  4.204E+02
     361      1     54      1     53      1      52     3.0082E+01  2.564E+08  1.000E-30  1.846E+02
     362      1     55      1     53      1      52     1.0120E+02  5.267E+09  3.742E-03  8.075E+01
     363      1     56      1     54      1      52     1.0442E+02  5.909E+09  4.154E-03  7.434E+01
     364      1     56      1     55      1      52     3.3297E+01  3.453E+08  1.000E-30  1.922E+02
     365      1     57      1     55      1      52     9.2670E+01  2.952E+09  6.613E-04  1.109E+02
     367      1     58      1     56      1      52     9.3608E+01  3.059E+09  6.929E-04  1.064E+02
     368      1     58      1     57      1      52     3.4235E+01  3.748E+08  1.000E-30  1.948E+02
     369      1     61      1     60      1      53     7.7081E+01  2.051E+08  1.234E-08  6.208E-03
     370      1     62      1     60      1      53     8.3045E+01  3.086E+08  1.000E-30  6.609E-03
     373      1     63      1     61      1      53     8.0094E+00  5.349E+02  1.000E-30  1.573E-03
     375      1     64      1     60      1      53     4.6515E+02  1.023E+11  2.300E+00  3.246E-02
     378      1     65      1     60      1      53     5.0090E+02  1.449E+11  5.662E-09  3.483E-02
     380      1     65      1     63      1      53     4.1581E+02  2.742E+10  4.970E+00  2.914E-02
     381      1     67      1     66      1      53     9.2071E+01  3.532E+09  4.701E-03  5.730E+01
     383      1     68      1     67      1      53     2.1266E+02  4.645E+10  8.961E-04  3.995E+01
     385      1     69      1     67      1      53     2.3259E+02  3.583E+10  1.000E-30  2.161E+01
     386      1     71      1     70      1      53     1.8245E+01  2.297E+07  1.791E-02  1.284E+01
     388      1     72      1     71      1      53     7.1086E+01  4.164E+09  6.767E-03  3.418E+01
     390      1     73      1     72      1      53     1.1156E+02  1.585E+10  1.368E-02  1.008E+01
     392      1     74      1     71      1      53     8.8734E+02  1.696E+13  1.000E-30  4.809E+01
     393      1     75      1     70      1      53     9.0769E+02  1.159E+13  3.244E-02  2.964E+01
     395      1     75      1     72      1      53     8.1835E+02  3.545E+12  1.000E-30  1.675E+01
     396      1     75      1     74      1      53     2.1014E+00  4.543E+04  6.636E-02  4.787E+00
     398      1     76      1     71      1      53     9.4411E+02  3.182E+13  1.893E-02  4.054E+01
     400      1     76      1     73      1      53     7.6146E+02  6.264E+11  1.000E-30  3.183E+00
     402      1     76      1     75      1      53     5.4666E+01  3.797E+09  2.080E-02  2.275E+01
     404      1     77      1     72      1      53     9.7713E+02  6.597E+13  6.603E-02  1.389E+01
     407      1     77      1     76      1      53     1.0411E+02  3.880E+10  8.755E-02  5.234E+00
     409      1     78      1     73      1      53     1.0763E+03  1.426E+14  1.903E-01  6.409E+00
     411      1     78      1     77      1      53     2.1071E+02  2.680E+11  1.341E-01  2.147E+00
     412      1     79      1     70      1      53     1.3871E+03  1.149E+13  1.450E-02  1.797E+01
     414      1     79      1     72      1      53     1.2978E+03  2.933E+12  1.000E-30  9.378E+00
     415      1     79      1     74      1      53     4.8154E+02  1.803E+12  6.085E-02  1.710E+01
     417      1     79      1     76      1      53     4.2478E+02  7.974E+11  1.000E-30  1.030E+01
     420      1     80      1     71      1      53     1.3753E+03  1.384E+13  1.000E-30  4.809E+01
     422      1     80      1     75      1      53     4.8588E+02  3.930E+12  1.000E-30  2.972E+01
     424      1     80      1     79      1      53     6.4349E+00  5.070E+06  1.000E-30  1.658E+01
     426      1     81      1     71      1      53     1.4208E+03  2.774E+13  4.387E-03  4.373E+01
     428      1     81      1     73      1      53     1.2382E+03  5.038E+11  1.000E-30  4.374E+00
     430      1     81      1     75      1      53     5.3137E+02  5.821E+12  3.168E-02  2.530E+01
     432      1     81      1     77      1      53     3.7259E+02  1.694E+11  1.000E-30  1.970E+00
     434      1     81      1     79      1      53     5.1923E+01  6.310E+09  7.512E-02  1.312E+01
     438      1     82      1     76      1      53     5.7966E+02  1.298E+13  1.358E-01  6.912E+00
     440      1     82      1     78      1      53     2.6484E+02  1.215E+10  1.000E-30  8.041E-01
     442      1     82      1     81      1      53     1.0296E+02  6.923E+10  3.553E-01  3.092E+00
     443      1     83      1     74      1      53     7.7070E+02  2.136E+12  2.577E-02  1.114E+01
     445      1     83      1     76      1      53     7.1393E+02  8.204E+11  1.000E-30  5.578E+00
     447      1     83      1     80      1      53     2.8272E+02  3.713E+11  1.032E-01  1.081E+01
     448      1     83      1     81      1      53     2.3723E+02  1.858E+11  1.000E-30  6.833E+00
     451      1     84      1     75      1      53     7.7945E+02  3.560E+12  1.000E-30  2.972E+01
     452      1     84      1     79      1      53     3.0001E+02  1.221E+12  1.000E-30  1.722E+01
     455      1     84      1     83      1      53     1.0851E+01  3.561E+07  1.000E-30  1.141E+01
     457      1     85      1     75      1      53     8.2063E+02  5.708E+12  7.670E-03  2.690E+01
     459      1     85      1     77      1      53     6.6185E+02  1.985E+11  1.000E-30  1.958E+00
     460      1     85      1     79      1      53     3.4119E+02  1.628E+12  6.089E-02  1.446E+01
     463      1     85      1     82      1      53     1.8630E+02  3.082E+10  1.000E-30  1.400E+00
     464      1     85      1     83      1      53     5.2031E+01  1.033E+10  2.272E-01  8.334E+00
     467      1     86      1     77      1      53     6.7729E+02  3.022E+13  3.873E-01  3.187E+00
     470      1     86      1     82      1      53     2.0174E+02  4.580E+11  6.568E-01  1.296E+00
     473      1     87      1     78      1      53     5.1236E+02  1.285E+13  5.975E-01  1.829E+00
     475      1     87      1     86      1      53     4.5782E+01  1.393E+09  1.734E-01  6.824E-01
     477      1     88      1     76      1      53     8.6948E+02  1.118E+13  2.660E-02  7.870E+00
     479      1     88      1     78      1      53     5.5466E+02  2.321E+10  1.000E-30  1.365E+00
     481      1     88      1     81      1      53     3.9278E+02  3.924E+12  2.590E-01  3.987E+00
     484      1     88      1     85      1      53     1.0351E+02  9.025E+10  1.073E+00  2.071E+00
     485      1     88      1     86      1      53     8.8076E+01  9.652E+08  1.000E-30  5.690E-01
     487      1     89      1     74      1      53     9.5869E+02  1.861E+12  1.612E-02  7.949E+00
     488      1     89      1     76      1      53     9.0192E+02  6.562E+11  1.000E-30  4.980E+00
     490      1     89      1     80      1      53     4.7071E+02  5.164E+11  4.151E-02  7.495E+00
     491      1     89      1     81      1      53     4.2522E+02  2.444E+11  1.000E-30  3.954E+00
     494      1     89      1     84      1      53     1.7714E+02  9.076E+10  1.598E-01  7.389E+00
     495      1     89      1     85      1      53     1.3596E+02  4.087E+10  1.000E-30  4.832E+00
     497      1     90      1     75      1      53     9.7022E+02  2.792E+12  1.000E-30  2.980E+01
     498      1     90      1     79      1      53     4.9078E+02  1.164E+12  1.000E-30  1.730E+01
     501      1     90      1     83      1      53     2.0163E+02  4.717E+11  1.000E-30  1.098E+01
     504      1     90      1     89      1      53     1.3639E+01  6.084E+07  1.000E-30  4.179E+00
     505      1     91      1     75      1      53     1.0099E+03  4.644E+12  3.206E-03  2.788E+01
     506      1     91      1     77      1      53     8.5110E+02  1.598E+11  1.000E-30  2.801E+00
     507      1     91      1     79      1      53     5.3043E+02  1.662E+12  1.456E-02  1.544E+01
     510      1     91      1     82      1      53     3.7555E+02  6.035E+10  1.000E-30  1.147E+00
     511      1     91      1     83      1      53     2.4127E+02  6.163E+11  1.097E-01  9.119E+00
     515      1     91      1     88      1      53     8.5729E+01  3.159E+09  1.000E-30  1.144E+00
     516      1     91      1     89      1      53     5.3287E+01  1.504E+10  5.937E-01  5.727E+00
     518      1     92      1     74      1      53     1.0879E+03  1.517E+12  1.128E-02  6.290E+00
     519      1     92      1     76      1      53     1.0312E+03  5.045E+11  1.000E-30  5.865E+00
     520      1     92      1     80      1      53     5.9995E+02  4.929E+11  2.498E-02  5.605E+00
     521      1     92      1     81      1      53     5.5446E+02  2.189E+11  1.000E-30  3.083E+00
     523      1     92      1     84      1      53     3.0638E+02  1.486E+11  6.112E-02  5.435E+00
     524      1     92      1     85      1      53     2.6520E+02  7.444E+10  1.000E-30  3.090E+00
     527      1     92      1     90      1      53     1.1560E+02  2.445E+10  2.249E-01  5.414E+00
     528      1     92      1     91      1      53     7.5952E+01  7.287E+09  1.000E-30  3.696E+00
     529      1     93      1     75      1      53     1.1014E+03  2.146E+12  1.000E-30  2.991E+01
     530      1     93      1     79      1      53     6.2192E+02  9.681E+11  1.000E-30  1.741E+01
     531      1     93      1     83      1      53     3.3276E+02  4.572E+11  1.000E-30  1.109E+01
     534      1     93      1     89      1      53     1.4478E+02  2.170E+11  1.000E-30  7.620E+00
     537      1     93      1     92      1      53     1.5538E+01  2.546E+08  1.000E-30  5.751E+00
     538      1     94      1     76      1      53     1.0597E+03  8.370E+12  9.999E-03  8.461E+00
     539      1     94      1     78      1      53     7.4491E+02  2.021E+10  1.000E-30  1.924E+00
     541      1     94      1     81      1      53     5.8303E+02  3.626E+12  5.113E-02  4.552E+00
     544      1     94      1     85      1      53     2.9377E+02  1.628E+12  4.574E-01  2.611E+00
     545      1     94      1     86      1      53     2.7833E+02  6.824E+09  1.000E-30  8.002E-01
     549      1     94      1     91      1      53     1.0453E+02  1.014E+11  2.547E+00  1.582E+00
     552      1     95      1     77      1      53     9.6122E+02  2.056E+13  5.589E-02  3.790E+00
     555      1     95      1     82      1      53     4.8567E+02  9.739E+12  7.294E-01  1.867E+00
     558      1     95      1     87      1      53     2.3815E+02  1.038E+10  1.000E-30  3.609E-01
     559      1     95      1     88      1      53     1.9586E+02  4.931E+11  1.934E+00  9.409E-01
     561      1     95      1     94      1      53     5.5996E+00  2.404E+05  2.094E-02  5.418E-01
     562      1     96      1     75      1      53     1.1409E+03  3.649E+12  1.701E-03  2.856E+01
     563      1     96      1     77      1      53     9.8211E+02  1.226E+11  1.000E-30  3.473E+00
     564      1     96      1     79      1      53     6.6145E+02  1.422E+12  6.092E-03  1.606E+01
     565      1     96      1     82      1      53     5.0657E+02  5.912E+10  1.000E-30  1.608E+00
     566      1     96      1     83      1      53     3.7229E+02  6.256E+11  2.548E-02  9.740E+00
     569      1     96      1     88      1      53     2.1675E+02  1.543E+10  1.000E-30  9.238E-01
     570      1     96      1     89      1      53     1.8430E+02  2.957E+11  1.848E-01  6.303E+00
     573      1     96      1     92      1      53     5.5065E+01  1.852E+10  1.344E+00  4.300E+00
     575      1     96      1     94      1      53     2.6491E+01  5.541E+07  1.000E-30  1.074E+00
     578      1     97      1     78      1      53     7.9354E+02  8.894E+12  5.622E-02  2.251E+00
     580      1     97      1     86      1      53     3.2696E+02  2.518E+12  9.495E-01  1.083E+00
     584      1     97      1     95      1      53     4.3029E+01  2.275E+09  6.082E-01  5.351E-01
     585      1     98      1     74      1      53     1.1808E+03  1.215E+12  8.056E-03  5.470E+00
     586      1     98      1     76      1      53     1.1240E+03  3.884E+11  1.000E-30  6.851E+00
     587      1     98      1     80      1      53     6.9278E+02  4.280E+11  1.706E-02  4.547E+00
     588      1     98      1     81      1      53     6.4729E+02  1.814E+11  1.000E-30  3.359E+00
     589      1     98      1     84      1      53     3.9921E+02  1.546E+11  3.527E-02  4.288E+00
     590      1     98      1     85      1      53     3.5803E+02  7.599E+10  1.000E-30  2.378E+00
     592      1     98      1     90      1      53     2.0843E+02  4.822E+10  8.279E-02  4.254E+00
     593      1     98      1     91      1      53     1.6878E+02  2.212E+10  1.000E-30  2.632E+00
     595      1     98      1     93      1      53     7.7294E+01  6.981E+09  2.886E-01  4.294E+00
     597      1     98      1     96      1      53     3.7767E+01  7.516E+08  1.000E-30  3.081E+00
     598      1     99      1     75      1      53     1.1956E+03  1.660E+12  1.000E-30  3.006E+01
     599      1     99      1     79      1      53     7.1611E+02  7.769E+11  1.000E-30  1.756E+01
     600      1     99      1     83      1      53     4.2696E+02  3.909E+11  1.000E-30  1.123E+01
     601      1     99      1     89      1      53     2.3897E+02  2.070E+11  1.000E-30  7.767E+00
     604      1     99      1     92      1      53     1.0973E+02  1.160E+11  1.000E-30  5.706E+00
     607      1     99      1     98      1      53     1.6897E+01  6.740E+08  1.000E-30  4.668E+00
     608      1    100      1     75      1      53     1.2357E+03  2.859E+12  1.028E-03  2.909E+01
     609      1    100      1     77      1      53     1.0769E+03  9.403E+10  1.000E-30  3.997E+00
     610      1    100      1     79      1      53     7.5626E+02  1.170E+12  3.225E-03  1.659E+01
     611      1    100      1     82      1      53     6.0138E+02  5.064E+10  1.000E-30  2.087E+00
     612      1    100      1     83      1      53     4.6710E+02  5.495E+11  1.050E-02  1.027E+01
     613      1    100      1     88      1      53     3.1156E+02  1.939E+10  1.000E-30  1.206E+00
     614      1    100      1     89      1      53     2.7912E+02  2.909E+11  4.101E-02  6.783E+00
     617      1    100      1     92      1      53     1.4988E+02  1.713E+11  2.926E-01  4.754E+00
     619      1    100      1     94      1      53     1.2130E+02  2.992E+09  1.000E-30  9.528E-01
     621      1    100      1     98      1      53     5.7044E+01  2.294E+10  2.610E+00  3.549E+00
     623      1    101      1     76      1      53     1.1918E+03  6.257E+12  4.982E-03  8.823E+00
     624      1    101      1     78      1      53     8.7698E+02  1.577E+10  1.000E-30  2.338E+00
     625      1    101      1     81      1      53     7.1510E+02  2.873E+12  1.925E-02  4.959E+00
     627      1    101      1     85      1      53     4.2583E+02  1.529E+12  8.746E-02  3.011E+00
     628      1    101      1     86      1      53     4.1039E+02  8.799E+09  1.000E-30  1.175E+00
     631      1    101      1     91      1      53     2.3659E+02  8.441E+11  7.226E-01  1.964E+00
     634      1    101      1     95      1      53     1.2646E+02  1.044E+09  1.000E-30  6.610E-01
     635      1    101      1     96      1      53     1.0557E+02  1.635E+11  4.706E+00  1.407E+00
     638      1    101      1    100      1      53     1.0760E+01  2.250E+06  1.767E-02  1.142E+00
     639      1    102      1     77      1      53     1.1469E+03  1.306E+13  1.800E-02  4.178E+00
     641      1    102      1     82      1      53     6.7131E+02  7.883E+12  1.131E-01  2.248E+00
     644      1    102      1     87      1      53     4.2378E+02  9.045E+09  1.000E-30  6.400E-01
     645      1    102      1     88      1      53     3.8149E+02  4.143E+12  1.184E+00  1.303E+00
     647      1    102      1     94      1      53     1.9123E+02  8.764E+11  3.939E+00  8.208E-01
     650      1    102      1     97      1      53     1.4260E+02  5.541E+09  1.000E-30  3.681E-01
     652      1    102      1    101      1      53     5.9168E+01  3.451E+08  2.034E-02  6.296E-01
     653      1    103      1     76      1      53     1.2875E+03  4.753E+12  2.859E-03  9.224E+00
     654      1    103      1     78      1      53     9.7272E+02  1.210E+10  1.000E-30  2.680E+00
     655      1    103      1     81      1      53     8.1083E+02  2.253E+12  9.504E-03  5.302E+00
     656      1    103      1     85      1      53     5.2157E+02  1.245E+12  3.241E-02  3.347E+00
     657      1    103      1     86      1      53     5.0613E+02  8.317E+09  1.000E-30  1.511E+00
     659      1    103      1     91      1      53     3.3233E+02  7.966E+11  1.310E-01  2.300E+00
     662      1    103      1     95      1      53     2.2220E+02  2.268E+09  1.000E-30  9.620E-01
     663      1    103      1     96      1      53     2.0131E+02  6.738E+11  9.852E-01  1.724E+00
     665      1    103      1    100      1      53     1.0650E+02  2.714E+11  6.918E+00  1.441E+00
     667      1    103      1    102      1      53     3.6571E+01  3.277E+07  1.000E-30  7.304E-01
     668      1    104      1     78      1      53     9.7661E+02  5.130E+12  1.460E-02  2.531E+00
     670      1    104      1     86      1      53     5.1003E+02  2.963E+12  1.277E-01  1.356E+00
     674      1    104      1     95      1      53     2.2610E+02  7.149E+11  1.257E+00  7.996E-01
     677      1    104      1    102      1      53     4.0464E+01  3.489E+09  1.162E+00  5.308E-01
     679      1    105      1     77      1      53     1.2750E+03  8.727E+12  8.045E-03  4.466E+00
     680      1    105      1     82      1      53     7.9944E+02  5.474E+12  3.761E-02  2.537E+00
     682      1    105      1     87      1      53     5.5191E+02  6.356E+09  1.000E-30  9.220E-01
     683      1    105      1     88      1      53     5.0962E+02  3.756E+12  1.895E-01  1.585E+00
     685      1    105      1     94      1      53     3.1936E+02  3.185E+12  1.568E+00  1.093E+00
     688      1    105      1     97      1      53     2.7073E+02  6.803E+09  1.000E-30  5.604E-01
     690      1    105      1    101      1      53     1.8730E+02  1.140E+12  5.842E+00  8.636E-01
     692      1    105      1    103      1      53     9.1560E+01  5.637E+08  6.393E-03  8.082E-01
     693      1    105      1    104      1      53     8.7667E+01  2.109E+09  1.000E-30  4.755E-01
     694      1    106      1     78      1      53     1.1024E+03  3.206E+12  5.712E-03  2.755E+00
     695      1    106      1     86      1      53     6.3583E+02  2.201E+12  3.747E-02  1.580E+00
     698      1    106      1     95      1      53     3.5190E+02  1.036E+12  1.898E-01  1.023E+00
     701      1    106      1    102      1      53     1.6626E+02  3.661E+11  1.328E+00  7.449E-01
     704      1    106      1    105      1      53     3.8133E+01  4.521E+09  1.506E+00  6.387E-01
     705      1    107      1     77      1      53     1.3672E+03  6.146E+12  4.281E-03  4.728E+00
     706      1    107      1     82      1      53     8.9170E+02  3.867E+12  1.684E-02  2.799E+00
     707      1    107      1     87      1      53     6.4417E+02  4.492E+09  1.000E-30  1.183E+00
     708      1    107      1     88      1      53     6.0188E+02  2.714E+12  6.121E-02  1.848E+00
     710      1    107      1     94      1      53     4.1162E+02  2.374E+12  2.531E-01  1.356E+00
     712      1    107      1     97      1      53     3.6299E+02  5.555E+09  1.000E-30  8.121E-01
     714      1    107      1    101      1      53     2.7956E+02  2.408E+12  1.694E+00  1.115E+00
     716      1    107      1    103      1      53     1.8382E+02  1.549E+12  6.765E+00  1.041E+00
     717      1    107      1    104      1      53     1.7993E+02  3.710E+09  1.000E-30  6.509E-01
     719      1    107      1    106      1      53     5.4126E+01  6.597E+08  1.000E-30  6.731E-01
     720      1    108      1     78      1      53     1.1926E+03  2.148E+12  2.800E-03  2.966E+00
     721      1    108      1     86      1      53     7.2599E+02  1.582E+12  1.534E-02  1.797E+00
     723      1    108      1     95      1      53     4.4206E+02  8.832E+11  5.755E-02  1.233E+00
     725      1    108      1    102      1      53     2.5642E+02  4.600E+11  2.097E-01  9.575E-01
     728      1    108      1    105      1      53     1.2829E+02  1.881E+11  1.128E+00  8.475E-01
     730      1    108      1    107      1      53     3.6034E+01  5.796E+09  1.620E+00  8.535E-01
     731      1    110      1    109      1      53     1.0325E+02  9.636E+09  1.000E-30  3.596E+02
     732      1    111      1    109      1      53     6.2828E+02  2.442E+12  1.812E-04  4.026E+02
     733      1    114      1    113      1      54     7.1415E+00  2.940E+04  1.000E-30  1.485E-03
     735      1    115      1    114      1      54     4.2027E+02  5.110E+10  3.341E+00  2.936E-02
     736      1    117      1    116      1      54     8.2284E+01  3.342E+08  1.946E+01  1.122E-02
     737      1    118      1    117      1      54     6.5579E+01  6.897E+08  4.879E-04  9.900E+01
     739      1    120      1    119      1      54     2.7707E+01  2.036E+07  9.475E+00  2.069E-02
     740      1    121      1    120      1      54     3.4184E+01  2.167E+08  3.046E-03  3.529E+01
     743      1    122      1    121      1      54     1.1729E+01  1.897E+06  1.388E-03  1.006E+01
     745      1    124      1    119      1      54     9.4819E+02  1.385E+13  3.213E-02  3.136E+01
     746      1    124      1    121      1      54     8.8629E+02  4.617E+12  1.000E-30  1.770E+01
     747      1    123      1    120      1      54     9.0352E+02  1.685E+13  1.000E-30  5.150E+01
     749      1    124      1    123      1      54     1.6956E+01  9.889E+06  4.792E+00  5.830E-02
     750      1    125      1    120      1      54     9.3511E+02  2.986E+13  1.719E-02  4.302E+01
     753      1    125      1    122      1      54     8.8920E+02  1.125E+12  1.000E-30  3.430E+00
     754      1    125      1    124      1      54     1.4632E+01  1.981E+07  5.631E-03  2.237E+01
     757      1    126      1    121      1      54     9.0719E+02  4.792E+13  5.469E-02  1.500E+01
     759      1    126      1    125      1      54     6.2624E+00  5.472E+05  5.095E-03  5.211E+00
     761      1    127      1    122      1      54     9.0472E+02  7.185E+13  1.434E-01  6.868E+00
     763      1    127      1    126      1      54     9.2648E+00  6.569E+05  3.396E-03  2.067E+00
     765      1    129      1    121      1      54     1.3816E+03  3.581E+12  1.000E-30  1.001E+01
     767      1    129      1    123      1      54     5.1224E+02  2.320E+12  6.124E-02  1.817E+01
     768      1    129      1    125      1      54     4.8065E+02  1.241E+12  1.000E-30  1.088E+01
     770      1    128      1    120      1      54     1.4063E+03  1.412E+13  1.000E-30  5.140E+01
     772      1    128      1    124      1      54     4.8585E+02  3.622E+12  1.000E-30  3.184E+01
     775      1    129      1    128      1      54     9.4325E+00  2.464E+06  3.068E+00  1.068E-01
     777      1    130      1    120      1      54     1.4246E+03  1.724E+13  3.368E-02  3.669E+00
     779      1    130      1    122      1      54     1.3787E+03  7.489E+11  1.000E-30  4.703E+00
     780      1    130      1    124      1      54     5.0408E+02  4.615E+12  2.750E-02  2.692E+01
     783      1    130      1    126      1      54     4.8319E+02  4.621E+11  1.000E-30  2.114E+00
     785      1    130      1    129      1      54     8.7978E+00  5.622E+06  1.273E-02  1.305E+01
     788      1    131      1    121      1      54     1.3942E+03  3.896E+13  1.022E-02  1.693E+01
     790      1    131      1    125      1      54     4.9329E+02  6.820E+12  1.035E-01  7.453E+00
     791      1    131      1    127      1      54     4.7777E+02  1.243E+11  1.000E-30  8.546E-01
     793      1    131      1    130      1      54     3.8408E+00  1.851E+05  1.278E-02  3.089E+00
     795      1    132      1    122      1      54     1.3904E+03  4.108E+13  1.641E-02  8.075E+00
     797      1    132      1    126      1      54     4.9497E+02  9.258E+12  2.545E-01  3.404E+00
     799      1    132      1    131      1      54     7.9348E+00  7.550E+05  1.030E-02  1.257E+00
     800      1    133      1    127      1      54     4.8686E+02  1.065E+13  5.145E-01  1.940E+00
     801      1    133      1    132      1      54     1.1594E+00  6.784E+02  4.387E-03  6.560E-01
     802      1    134      1    124      1      54     7.8763E+02  3.456E+12  1.000E-30  3.180E+01
     804      1    134      1    129      1      54     2.9235E+02  1.017E+12  1.000E-30  1.848E+01
     808      1    135      1    123      1      54     8.1021E+02  2.595E+12  2.591E-02  1.158E+01
     809      1    135      1    125      1      54     7.7862E+02  1.108E+12  1.000E-30  1.012E+01
     811      1    135      1    128      1      54     3.0740E+02  5.205E+11  1.060E-01  1.151E+01
     812      1    135      1    130      1      54     2.8917E+02  3.892E+11  1.000E-30  5.912E+00
     814      1    135      1    134      1      54     5.6221E+00  1.410E+06  1.821E-01  3.221E+00
     815      1    136      1    124      1      54     7.9909E+02  4.968E+12  6.107E-03  3.178E+01
     818      1    136      1    126      1      54     7.7820E+02  3.661E+11  1.000E-30  5.076E+00
     819      1    136      1    129      1      54     3.0380E+02  1.024E+12  4.146E-02  1.844E+01
     822      1    136      1    131      1      54     2.9116E+02  1.772E+11  1.000E-30  3.000E+00
     825      1    136      1    135      1      54     5.8334E+00  2.026E+06  2.492E-02  8.388E+00
     827      1    137      1    125      1      54     7.8707E+02  7.314E+12  1.804E-02  1.012E+01
     828      1    137      1    127      1      54     7.7154E+02  8.380E+10  1.000E-30  3.095E+00
     830      1    137      1    130      1      54     2.9761E+02  1.428E+12  1.279E-01  5.918E+00
     831      1    137      1    132      1      54     2.8584E+02  6.991E+10  1.000E-30  1.845E+00
     833      1    137      1    136      1      54     2.6080E+00  7.546E+04  2.543E-02  2.048E+00
     835      1    138      1    126      1      54     7.8806E+02  9.240E+12  3.309E-02  5.064E+00
     837      1    138      1    131      1      54     3.0103E+02  1.933E+12  2.737E-01  2.987E+00
     838      1    138      1    133      1      54     2.9194E+02  2.262E+10  1.000E-30  1.258E+00
     840      1    138      1    137      1      54     7.2571E+00  8.034E+05  2.045E-02  8.938E-01
     841      1    139      1    127      1      54     7.7953E+02  8.155E+12  3.891E-02  3.078E+00
     842      1    139      1    132      1      54     2.9383E+02  2.124E+12  4.844E-01  1.828E+00
     843      1    139      1    138      1      54     7.3047E-01  3.137E+02  1.056E-02  5.042E-01
     844      1    140      1    133      1      54     2.9317E+02  2.358E+12  8.175E-01  1.234E+00
     845      1    140      1    139      1      54     5.0455E-01  3.969E+01  5.028E-03  3.251E-01
     846      1    141      1    124      1      54     9.8280E+02  2.752E+12  1.000E-30  3.184E+01
     847      1    141      1    129      1      54     4.8751E+02  1.060E+12  1.000E-30  1.849E+01
     851      1    141      1    135      1      54     1.8954E+02  3.398E+11  1.000E-30  1.174E+01
     853      1    142      1    123      1      54     1.0032E+03  2.204E+12  1.682E-02  7.882E+00
     854      1    142      1    125      1      54     9.7165E+02  8.415E+11  1.000E-30  1.020E+01
     856      1    142      1    128      1      54     5.0043E+02  6.553E+11  4.174E-02  7.874E+00
     857      1    142      1    130      1      54     4.8220E+02  3.833E+11  1.000E-30  5.998E+00
     859      1    142      1    134      1      54     1.9865E+02  1.428E+11  1.701E-01  7.830E+00
     861      1    142      1    136      1      54     1.8719E+02  1.394E+11  1.000E-30  5.102E+00
     863      1    142      1    141      1      54     3.4847E+00  3.330E+05  2.921E-01  2.212E+00
     864      1    143      1    124      1      54     9.9046E+02  4.158E+12  2.663E-03  3.182E+01
     865      1    143      1    126      1      54     9.6956E+02  2.603E+11  1.000E-30  5.153E+00
     866      1    143      1    129      1      54     4.9517E+02  1.229E+12  1.100E-02  1.848E+01
     869      1    143      1    131      1      54     4.8253E+02  1.589E+11  1.000E-30  3.078E+00
     872      1    143      1    135      1      54     1.9720E+02  2.773E+11  8.241E-02  9.683E+00
     874      1    143      1    137      1      54     1.8876E+02  7.172E+10  1.000E-30  1.209E+00
     877      1    143      1    142      1      54     4.1712E+00  8.591E+05  4.306E-02  5.763E+00
     878      1    144      1    125      1      54     9.7774E+02  5.862E+12  7.372E-03  1.019E+01
     879      1    144      1    127      1      54     9.6221E+02  5.428E+10  1.000E-30  3.171E+00
     881      1    144      1    130      1      54     4.8829E+02  1.767E+12  3.142E-02  5.989E+00
     882      1    144      1    132      1      54     4.7651E+02  5.661E+10  1.000E-30  1.920E+00
     884      1    144      1    136      1      54     1.9328E+02  3.398E+11  2.723E-01  2.776E+00
     885      1    144      1    138      1      54     1.8342E+02  3.272E+10  1.000E-30  5.516E-01
     887      1    144      1    143      1      54     1.9160E+00  3.661E+04  4.197E-02  1.553E+00
     888      1    145      1    126      1      54     9.7835E+02  6.701E+12  1.201E-02  5.135E+00
     890      1    145      1    131      1      54     4.9132E+02  2.330E+12  5.888E-02  3.059E+00
     891      1    145      1    133      1      54     4.8223E+02  1.464E+10  1.000E-30  1.329E+00
     893      1    145      1    137      1      54     1.9755E+02  4.184E+11  5.926E-01  1.343E+00
     894      1    145      1    139      1      54     1.8956E+02  1.671E+10  1.000E-30  3.596E-01
     896      1    145      1    144      1      54     6.8766E+00  8.723E+05  2.959E-02  7.714E-01
     897      1    146      1    127      1      54     9.6958E+02  4.819E+12  1.125E-02  3.145E+00
     898      1    146      1    132      1      54     4.8388E+02  2.436E+12  8.314E-02  1.895E+00
     899      1    146      1    138      1      54     1.9078E+02  3.903E+11  9.997E-01  8.199E-01
     900      1    146      1    140      1      54     1.8955E+02  5.122E+09  1.000E-30  2.748E-01
     901      1    146      1    145      1      54     4.8959E-01  1.344E+02  1.446E-02  4.987E-01
     902      1    147      1    133      1      54     4.8306E+02  2.040E+12  8.432E-02  1.297E+00
     903      1    147      1    139      1      54     1.9039E+02  4.246E+11  1.599E+00  5.622E-01
     904      1    147      1    146      1      54     3.3818E-01  2.250E+01  7.894E-03  3.622E-01
     905      1    148      1    140      1      54     1.9013E+02  4.813E+11  2.472E+00  4.077E-01
     906      1    148      1    147      1      54     2.4746E-01  3.512E+00  3.391E-03  2.739E-01
     907      1    149      1    124      1      54     1.1162E+03  2.123E+12  1.000E-30  3.193E+01
     908      1    149      1    129      1      54     6.2092E+02  8.998E+11  1.000E-30  1.858E+01
     910      1    149      1    135      1      54     3.2295E+02  3.787E+11  1.000E-30  1.184E+01
     913      1    149      1    142      1      54     1.2992E+02  1.298E+11  1.000E-30  8.117E+00
     915      1    150      1    123      1      54     1.1354E+03  1.768E+12  1.277E-02  5.706E+00
     916      1    150      1    125      1      54     1.1038E+03  6.322E+11  1.000E-30  1.031E+01
     917      1    150      1    128      1      54     6.3256E+02  6.016E+11  2.561E-02  5.698E+00
     918      1    150      1    130      1      54     6.1433E+02  3.142E+11  1.000E-30  6.105E+00
     919      1    150      1    134      1      54     3.3078E+02  2.002E+11  6.240E-02  5.712E+00
     921      1    150      1    136      1      54     3.1933E+02  1.492E+11  1.000E-30  3.234E+00
     923      1    150      1    141      1      54     1.3562E+02  4.551E+10  2.505E-01  5.746E+00
     925      1    150      1    143      1      54     1.2796E+02  5.575E+10  1.000E-30  3.889E+00
     927      1    150      1    149      1      54     2.2069E+00  8.211E+04  4.056E-01  1.675E+00
     928      1    151      1    124      1      54     1.1216E+03  3.296E+12  1.447E-03  3.190E+01
     929      1    151      1    126      1      54     1.1007E+03  1.871E+11  1.000E-30  5.258E+00
     930      1    151      1    129      1      54     6.2630E+02  1.111E+12  4.835E-03  1.856E+01
     931      1    151      1    131      1      54     6.1366E+02  1.227E+11  1.000E-30  3.182E+00
     933      1    151      1    135      1      54     3.2833E+02  3.704E+11  2.053E-02  1.036E+01
     935      1    151      1    137      1      54     3.1989E+02  7.062E+10  1.000E-30  9.555E-01
     937      1    151      1    142      1      54     1.3530E+02  8.923E+10  1.251E-01  6.669E+00
     939      1    151      1    144      1      54     1.2921E+02  3.111E+10  1.000E-30  1.106E+00
     941      1    151      1    150      1      54     3.1681E+00  4.282E+05  6.780E-02  4.302E+00
     942      1    152      1    125      1      54     1.1084E+03  4.515E+12  3.826E-03  1.030E+01
     943      1    152      1    127      1      54     1.0929E+03  3.666E+10  1.000E-30  3.272E+00
     944      1    152      1    130      1      54     6.1900E+02  1.571E+12  1.311E-02  6.092E+00
     945      1    152      1    132      1      54     6.0722E+02  4.085E+10  1.000E-30  2.022E+00
     947      1    152      1    136      1      54     3.2399E+02  5.110E+11  5.990E-02  3.198E+00
     948      1    152      1    138      1      54     3.1413E+02  3.049E+10  1.000E-30  6.680E-01
     950      1    152      1    143      1      54     1.3263E+02  1.026E+11  3.718E-01  2.065E+00
     951      1    152      1    145      1      54     1.2383E+02  1.502E+10  1.000E-30  6.184E-01
     953      1    152      1    151      1      54     1.4980E+00  2.005E+04  5.445E-02  1.370E+00
     954      1    153      1    126      1      54     1.1088E+03  4.820E+12  5.753E-03  5.233E+00
     955      1    153      1    131      1      54     6.2180E+02  1.964E+12  2.247E-02  3.158E+00
     956      1    153      1    133      1      54     6.1271E+02  9.303E+09  1.000E-30  1.427E+00
     958      1    153      1    137      1      54     3.2803E+02  6.748E+11  1.138E-01  1.640E+00
     959      1    153      1    139      1      54     3.2004E+02  1.284E+10  1.000E-30  5.531E-01
     961      1    153      1    144      1      54     1.3736E+02  1.309E+11  7.060E-01  1.107E+00
     962      1    153      1    146      1      54     1.2999E+02  9.852E+09  1.000E-30  4.575E-01
     963      1    153      1    152      1      54     6.6466E+00  9.454E+05  3.212E-02  8.088E-01
     964      1    154      1    127      1      54     1.0999E+03  3.069E+12  4.686E-03  3.239E+00
     965      1    154      1    132      1      54     6.1421E+02  1.869E+12  2.770E-02  1.988E+00
     966      1    154      1    138      1      54     3.2112E+02  7.115E+11  1.632E-01  1.048E+00
     967      1    154      1    140      1      54     3.1988E+02  3.208E+09  1.000E-30  4.654E-01
     968      1    154      1    145      1      54     1.3082E+02  1.495E+11  1.021E+00  7.443E-01
     969      1    154      1    147      1      54     1.3000E+02  4.548E+09  1.000E-30  3.746E-01
     970      1    154      1    153      1      54     3.4390E-01  5.969E+01  1.404E-02  6.005E-01
     971      1    155      1    133      1      54     6.1329E+02  1.243E+12  2.159E-02  1.385E+00
     972      1    155      1    139      1      54     3.2062E+02  7.243E+11  1.972E-01  7.470E-01
     973      1    155      1    146      1      54     1.3057E+02  1.717E+11  1.418E+00  5.566E-01
     974      1    155      1    148      1      54     1.2999E+02  1.410E+09  1.000E-30  3.152E-01
     975      1    155      1    154      1      54     2.3759E-01  1.114E+01  7.588E-03  4.849E-01
     976      1    156      1    124      1      54     1.2114E+03  1.638E+12  1.000E-30  3.205E+01
     977      1    156      1    129      1      54     7.1613E+02  7.285E+11  1.000E-30  1.870E+01
     978      1    156      1    135      1      54     4.1816E+02  3.381E+11  1.000E-30  1.199E+01
     980      1    156      1    142      1      54     2.2513E+02  1.526E+11  1.000E-30  8.259E+00
     983      1    156      1    150      1      54     9.3002E+01  5.539E+10  1.000E-30  6.052E+00
     985      1    157      1    123      1      54     1.2298E+03  1.402E+12  1.025E-02  4.394E+00
     986      1    157      1    125      1      54     1.1982E+03  4.781E+11  1.000E-30  1.045E+01
     987      1    157      1    128      1      54     7.2695E+02  5.103E+11  1.828E-02  4.386E+00
     988      1    157      1    130      1      54     7.0872E+02  2.487E+11  1.000E-30  6.246E+00
     989      1    157      1    134      1      54     4.2517E+02  1.965E+11  3.619E-02  4.406E+00
     990      1    157      1    136      1      54     4.1371E+02  1.291E+11  1.000E-30  2.479E+00
     991      1    157      1    141      1      54     2.3000E+02  7.087E+10  8.696E-02  4.453E+00
     993      1    157      1    143      1      54     2.2235E+02  6.338E+10  1.000E-30  2.730E+00
     995      1    157      1    149      1      54     9.6594E+01  1.636E+10  3.438E-01  4.528E+00
     997      1    157      1    151      1      54     9.1219E+01  2.427E+10  1.000E-30  3.214E+00
     999      1    157      1    156      1      54     1.3856E+00  2.276E+04  4.501E-01  1.472E+00
    1000      1    158      1    124      1      54     1.2153E+03  2.585E+12  8.869E-04  3.204E+01
    1001      1    158      1    126      1      54     1.1944E+03  1.374E+11  1.000E-30  5.399E+00
    1002      1    158      1    129      1      54     7.2004E+02  9.305E+11  2.636E-03  1.869E+01
    1003      1    158      1    131      1      54     7.0740E+02  9.341E+10  1.000E-30  3.323E+00
    1004      1    158      1    135      1      54     4.2207E+02  3.556E+11  8.670E-03  1.089E+01
    1005      1    158      1    137      1      54     4.1363E+02  5.822E+10  1.000E-30  1.242E+00
    1007      1    158      1    142      1      54     2.2904E+02  1.300E+11  3.104E-02  7.162E+00
    1009      1    158      1    144      1      54     2.2296E+02  3.303E+10  1.000E-30  9.639E-01
    1011      1    158      1    150      1      54     9.6914E+01  3.266E+10  1.757E-01  4.994E+00
    1012      1    158      1    152      1      54     9.2248E+01  1.438E+10  1.000E-30  1.161E+00
    1014      1    158      1    157      1      54     2.5273E+00  2.440E+05  9.595E-02  3.522E+00
    1015      1    159      1    125      1      54     1.2019E+03  3.469E+12  2.267E-03  1.043E+01
    1016      1    159      1    127      1      54     1.1864E+03  2.582E+10  1.000E-30  3.412E+00
    1017      1    159      1    130      1      54     7.1248E+02  1.297E+12  6.852E-03  6.229E+00
    1018      1    159      1    132      1      54     7.0070E+02  2.955E+10  1.000E-30  2.160E+00
    1019      1    159      1    136      1      54     4.1747E+02  4.970E+11  2.355E-02  3.541E+00
    1020      1    159      1    138      1      54     4.0761E+02  2.394E+10  1.000E-30  9.745E-01
    1022      1    159      1    143      1      54     2.2610E+02  1.738E+11  8.229E-02  2.402E+00
    1023      1    159      1    145      1      54     2.1731E+02  1.580E+10  1.000E-30  7.187E-01
    1025      1    159      1    151      1      54     9.4977E+01  3.681E+10  4.358E-01  1.777E+00
    1026      1    159      1    153      1      54     8.6832E+01  6.981E+09  1.000E-30  7.825E-01
    1028      1    159      1    158      1      54     1.2307E+00  1.292E+04  5.804E-02  1.395E+00
    1029      1    160      1    126      1      54     1.2022E+03  3.546E+12  3.207E-03  5.367E+00
    1030      1    160      1    131      1      54     7.1513E+02  1.553E+12  1.104E-02  3.291E+00
    1031      1    160      1    133      1      54     7.0604E+02  6.248E+09  1.000E-30  1.561E+00
    1032      1    160      1    137      1      54     4.2136E+02  6.462E+11  4.037E-02  1.902E+00
    1033      1    160      1    139      1      54     4.1337E+02  9.017E+09  1.000E-30  8.053E-01
    1035      1    160      1    144      1      54     2.3069E+02  2.483E+11  1.382E-01  1.362E+00
    1036      1    160      1    146      1      54     2.2332E+02  8.497E+09  1.000E-30  6.271E-01
    1037      1    160      1    152      1      54     9.9979E+01  6.057E+10  6.892E-01  1.096E+00
    1038      1    160      1    154      1      54     9.2988E+01  5.535E+09  1.000E-30  6.425E-01
    1039      1    160      1    159      1      54     6.4994E+00  1.032E+06  2.813E-02  9.750E-01
    1040      1    161      1    127      1      54     1.1932E+03  2.075E+12  2.384E-03  3.367E+00
    1041      1    161      1    132      1      54     7.0745E+02  1.377E+12  1.222E-02  2.117E+00
    1042      1    161      1    138      1      54     4.1436E+02  6.669E+11  5.165E-02  1.260E+00
    1043      1    161      1    140      1      54     4.1312E+02  1.996E+09  1.000E-30  6.781E-01
    1044      1    161      1    145      1      54     2.2406E+02  2.643E+11  1.781E-01  9.584E-01
    1045      1    161      1    147      1      54     2.2323E+02  3.367E+09  1.000E-30  5.540E-01
    1046      1    161      1    153      1      54     9.3583E+01  5.738E+10  8.181E-01  8.280E-01
    1047      1    161      1    155      1      54     9.3001E+01  3.067E+09  1.000E-30  5.581E-01
    1048      1    161      1    160      1      54     2.5061E-01  2.782E+01  1.152E-02  8.043E-01
    1049      1    162      1    133      1      54     7.0646E+02  7.944E+11  8.061E-03  1.508E+00
    1050      1    162      1    139      1      54     4.1380E+02  6.219E+11  5.137E-02  9.328E-01
    1051      1    162      1    146      1      54     2.2375E+02  2.925E+11  2.083E-01  7.411E-01
    1052      1    162      1    148      1      54     2.2316E+02  8.516E+08  1.000E-30  4.855E-01
    1053      1    162      1    154      1      54     9.3412E+01  6.837E+10  9.943E-01  6.770E-01
    1054      1    162      1    161      1      54     1.7317E-01  5.520E+00  6.209E-03  6.979E-01
    1381      1    165      1    164      1       1     1.0199E+01  4.690E+06  3.187E-01  7.067E-01
    1384      1    167      1    164      1       1     1.0199E+01  7.836E+06  6.374E-01  7.067E-01
    1387      1    169      1    164      1       1     1.2088E+01  3.803E+04  9.226E-02  1.572E+00
    1389      1    169      1    166      1       1     1.8887E+00  8.654E+02  3.022E-03  1.708E+00
    1392      1    168      1    165      1       1     1.8887E+00  2.581E+01  1.494E-05  1.087E+01
    1394      1    168      1    167      1       1     1.8886E+00  5.161E+01  2.987E-05  1.087E+01
    1396      1    170      1    165      1       1     1.8887E+00  1.506E+03  1.171E-03  7.092E+00
    1398      1    170      1    167      1       1     1.8887E+00  3.007E+03  2.342E-03  7.092E+00
    1399      1    172      1    164      1       1     1.2749E+01  1.339E+02  2.030E-02  2.684E+00
    1401      1    172      1    166      1       1     2.5497E+00  3.876E+00  1.057E-04  1.420E+01
    1404      1    172      1    168      1       1     6.6104E-01  3.187E-01  2.510E-07  3.729E+01
    1405      1    172      1    170      1       1     6.6103E-01  3.612E-02  3.614E-08  3.351E+01
    1407      1    171      1    165      1       1     2.5497E+00  9.881E-02  1.423E-06  3.151E+01
    1409      1    171      1    167      1       1     2.5497E+00  1.976E-01  2.845E-06  3.151E+01
    1410      1    171      1    169      1       1     6.6103E-01  5.470E-02  5.121E-08  3.839E+01
    1414      1    173      1    165      1       1     2.5497E+00  6.016E+00  7.339E-05  2.443E+01
    1416      1    173      1    167      1       1     2.5497E+00  1.205E+01  1.470E-04  2.443E+01
    1417      1    173      1    169      1       1     6.6104E-01  1.596E+00  1.203E-06  3.131E+01
    1425      1    174      1    170      1       1     6.6103E-01  6.040E+00  4.931E-06  2.277E+01
    1426      1    176      1    164      1       1     1.3054E+01  1.233E-01  5.883E-03  4.450E+00
    1428      1    176      1    166      1       1     2.8557E+00  3.910E-03  8.503E-06  7.173E+01
    1430      1    176      1    168      1       1     9.6701E-01  4.382E-04  2.945E-08  7.939E+01
    1431      1    176      1    170      1       1     9.6699E-01  3.994E-05  3.218E-09  7.562E+01
    1433      1    176      1    171      1       1     3.0597E-01  6.230E-05  1.000E-30  1.000E+02
    1434      1    176      1    173      1       1     3.0596E-01  1.593E-05  1.000E-30  9.296E+01
    1437      1    175      1    165      1       1     2.8557E+00  7.861E-05  2.370E-07  7.503E+01
    1439      1    175      1    167      1       1     2.8556E+00  1.572E-04  4.740E-07  7.503E+01
    1440      1    175      1    169      1       1     9.6700E-01  5.623E-05  5.521E-09  8.191E+01
    1443      1    175      1    172      1       1     3.0596E-01  1.268E-05  1.000E-30  1.015E+02
    1447      1    177      1    165      1       1     2.8557E+00  8.037E-03  1.024E-05  6.371E+01
    1449      1    177      1    167      1       1     2.8557E+00  1.605E-02  2.046E-05  6.371E+01
    1450      1    177      1    169      1       1     9.6700E-01  2.930E-03  1.198E-07  7.059E+01
    1453      1    177      1    172      1       1     3.0597E-01  4.074E-04  1.000E-30  9.013E+01
    1456      1    177      1    174      1       1     3.0596E-01  1.383E-05  1.004E-23  7.938E+01
    1461      1    178      1    170      1       1     9.6699E-01  1.311E-02  2.986E-07  5.780E+01
    1463      1    178      1    173      1       1     3.0596E-01  2.360E-03  5.319E-22  7.513E+01
    1469      1    179      1    174      1       1     3.0596E-01  1.275E-02  4.278E-21  5.663E+01
    1517      1    184      1    174      1       1     4.7216E-01  1.716E-06  1.379E-22  1.185E+02
    1521      1    185      1    179      1       1     1.6620E-01  8.399E-06  1.000E-30  1.194E+02
