#  File format type:   4
#
#  SPECT3D transition powers file.
#  RUN NAME:  xe_20-200ev_1e18-1e21_4mm
#  Total number of transitions   =     1890
#  Number of written transitions =      769
#  Plasma temperature (eV)       =     2.0000E+02
#  Mass density (g/cm3)          =     4.4865E-04
#  Cell areal density (g/cm2)    =     1.7946E-04
#  Material mass fractions       =     1.0000E+00
#  DCA material number fractions =     1.3000E-02    9.8700E-01
# -----------------------------------------------------
#
#
#   Trans.  Trans  Upper  Upper  Lower  Lower   Ioniz   Energy     Line Power Line Center Line Width
#   Index   Model  Level  Model  Level  Model   Stage   (eV)       (W/cm2)    Opt. Depth      eV
# --------------------------------------------------------------------------------------------------
       1      1      3      1      2      1      52     1.1982E+02  1.736E+08  4.073E-10  1.145E-02
       2      1      4      1      2      1      52     4.9234E+02  3.668E+10  2.608E-01  4.706E-02
       4      1      6      1      5      1      52     1.0651E+02  6.605E+08  4.115E-04  7.871E+01
       6      1      7      1      6      1      52     6.8034E+01  8.659E+07  5.737E-05  9.466E+01
       7      1      9      1      8      1      52     3.8672E+01  3.842E+07  1.373E-03  2.871E+01
       9      1     10      1      9      1      52     3.4641E+01  2.478E+07  3.757E-04  3.134E+01
      11      1     11      1     10      1      52     9.4480E+00  8.616E+04  1.420E-04  8.524E+00
      13      1     12      1      9      1      52     8.3242E+02  1.426E+12  1.000E-30  4.475E+01
      14      1     13      1      8      1      52     8.9349E+02  1.130E+12  3.454E-03  2.726E+01
      16      1     13      1     10      1      52     8.2018E+02  3.772E+11  1.000E-30  1.546E+01
      17      1     13      1     12      1      52     2.2396E+01  1.088E+07  3.481E-03  1.655E+01
      19      1     14      1      9      1      52     8.6975E+02  2.416E+12  1.937E-03  3.751E+01
      21      1     14      1     11      1      52     8.2566E+02  8.999E+10  1.000E-30  2.946E+00
      23      1     14      1     13      1      52     1.4925E+01  2.321E+06  6.830E-04  2.020E+01
      25      1     15      1     10      1      52     8.3968E+02  4.055E+12  6.379E-03  1.285E+01
      28      1     15      1     14      1      52     4.5752E+00  1.699E+04  4.807E-04  4.374E+00
      30      1     16      1     11      1      52     8.3260E+02  6.512E+12  1.656E-02  5.907E+00
      32      1     16      1     15      1      52     2.3647E+00  7.081E+02  2.607E-04  1.740E+00
      34      1     17      1      9      1      52     1.3019E+03  1.196E+12  1.000E-30  4.467E+01
      36      1     17      1     13      1      52     4.4709E+02  3.032E+11  1.000E-30  2.761E+01
      38      1     18      1      8      1      52     1.3534E+03  1.070E+12  1.611E-03  1.590E+01
      40      1     18      1     10      1      52     1.2800E+03  2.922E+11  1.000E-30  8.588E+00
      41      1     18      1     12      1      52     4.8226E+02  1.938E+11  6.559E-03  1.576E+01
      43      1     18      1     14      1      52     4.4493E+02  1.012E+11  1.000E-30  9.479E+00
      45      1     18      1     17      1      52     1.2770E+01  2.413E+06  7.407E-03  9.373E+00
      47      1     19      1      9      1      52     1.3234E+03  2.174E+12  4.581E-04  4.044E+01
      49      1     19      1     11      1      52     1.2793E+03  5.948E+10  1.000E-30  4.054E+00
      51      1     19      1     13      1      52     4.6860E+02  3.774E+11  3.107E-03  2.339E+01
      53      1     19      1     15      1      52     4.4910E+02  3.698E+10  1.000E-30  1.771E+00
      56      1     19      1     18      1      52     8.7378E+00  6.027E+05  1.530E-03  1.168E+01
      58      1     20      1     10      1      52     1.2912E+03  3.133E+12  1.192E-03  1.449E+01
      61      1     20      1     14      1      52     4.5609E+02  6.061E+11  1.216E-02  6.339E+00
      63      1     20      1     16      1      52     4.4915E+02  1.041E+10  1.000E-30  7.064E-01
      65      1     20      1     19      1      52     2.4178E+00  3.232E+03  1.079E-03  2.516E+00
      67      1     21      1     11      1      52     1.2829E+03  3.290E+12  1.907E-03  6.929E+00
      69      1     21      1     15      1      52     4.5271E+02  9.050E+11  2.981E-02  2.891E+00
      72      1     21      1     20      1      52     1.2002E+00  1.564E+02  7.610E-04  1.008E+00
      75      1     22      1     16      1      52     4.5135E+02  1.282E+12  6.070E-02  1.644E+00
      77      1     22      1     21      1      52     1.0028E+00  4.114E+01  5.228E-04  5.143E-01
      79      1     23      1     13      1      52     7.2854E+02  2.907E+11  1.000E-30  2.757E+01
      81      1     23      1     18      1      52     2.6868E+02  8.516E+10  1.000E-30  1.593E+01
      83      1     24      1     12      1      52     7.5883E+02  2.094E+11  2.860E-03  9.955E+00
      85      1     24      1     14      1      52     7.2151E+02  9.023E+10  1.000E-30  5.065E+00
      86      1     24      1     17      1      52     2.8935E+02  4.561E+10  1.144E-02  9.912E+00
      88      1     24      1     19      1      52     2.6784E+02  3.185E+10  1.000E-30  6.202E+00
      90      1     24      1     23      1      52     7.9016E+00  6.559E+05  1.388E-02  5.792E+00
      92      1     25      1     13      1      52     7.4204E+02  3.965E+11  7.709E-04  2.488E+01
      94      1     25      1     15      1      52     7.2254E+02  2.916E+10  1.000E-30  1.745E+00
      96      1     25      1     18      1      52     2.8218E+02  8.450E+10  5.628E-03  1.331E+01
      98      1     25      1     20      1      52     2.7102E+02  1.428E+10  1.000E-30  1.195E+00
     101      1     25      1     24      1      52     5.5989E+00  1.933E+05  2.979E-03  7.323E+00
     103      1     26      1     14      1      52     7.2843E+02  5.924E+11  2.529E-03  7.201E+00
     105      1     26      1     16      1      52     7.2149E+02  6.853E+09  1.000E-30  1.189E+00
     107      1     26      1     19      1      52     2.7476E+02  1.281E+11  2.118E-02  3.564E+00
     109      1     26      1     21      1      52     2.7114E+02  6.081E+09  1.000E-30  4.357E-01
     112      1     26      1     25      1      52     1.3194E+00  6.299E+02  2.034E-03  1.602E+00
     114      1     27      1     15      1      52     7.2446E+02  7.408E+11  4.849E-03  3.418E+00
     117      1     27      1     20      1      52     2.7295E+02  1.785E+11  4.918E-02  1.619E+00
     119      1     27      1     22      1      52     2.7075E+02  1.797E+09  1.000E-30  2.437E-01
     121      1     27      1     26      1      52     6.0740E-01  2.740E+01  1.614E-03  6.425E-01
     123      1     28      1     16      1      52     7.2273E+02  6.824E+11  5.959E-03  2.016E+00
     125      1     28      1     21      1      52     2.7238E+02  2.404E+11  9.663E-02  9.216E-01
     128      1     28      1     27      1      52     6.3240E-01  1.929E+01  1.533E-03  3.280E-01
     129      1     29      1     13      1      52     9.1039E+02  2.312E+11  1.000E-30  2.753E+01
     131      1     29      1     18      1      52     4.5053E+02  8.852E+10  1.000E-30  1.589E+01
     134      1     29      1     24      1      52     1.7396E+02  2.819E+10  1.000E-30  1.004E+01
     136      1     30      1     12      1      52     9.3797E+02  1.763E+11  1.890E-03  6.709E+00
     137      1     30      1     14      1      52     9.0065E+02  6.858E+10  1.000E-30  4.446E+00
     138      1     30      1     17      1      52     4.6848E+02  5.371E+10  4.666E-03  6.666E+00
     140      1     30      1     19      1      52     4.4698E+02  3.135E+10  1.000E-30  3.488E+00
     142      1     30      1     23      1      52     1.8704E+02  1.330E+10  1.864E-02  6.640E+00
     144      1     30      1     25      1      52     1.7354E+02  1.140E+10  1.000E-30  4.275E+00
     146      1     30      1     29      1      52     5.1810E+00  2.056E+05  2.397E-02  3.783E+00
     147      1     31      1     13      1      52     9.1941E+02  3.309E+11  3.267E-04  2.574E+01
     148      1     31      1     15      1      52     8.9991E+02  2.070E+10  1.000E-30  2.471E+00
     150      1     31      1     18      1      52     4.5956E+02  9.865E+10  1.420E-03  1.416E+01
     152      1     31      1     20      1      52     4.4840E+02  1.272E+10  1.000E-30  9.151E-01
     155      1     31      1     24      1      52     1.8298E+02  2.384E+10  9.455E-03  8.242E+00
     157      1     31      1     26      1      52     1.7606E+02  5.828E+09  1.000E-30  8.539E-01
     160      1     31      1     30      1      52     3.8407E+00  7.405E+04  5.272E-03  4.936E+00
     161      1     32      1     14      1      52     9.0519E+02  4.695E+11  9.790E-04  7.670E+00
     162      1     32      1     16      1      52     8.9825E+02  4.422E+09  1.000E-30  1.659E+00
     164      1     32      1     19      1      52     4.5152E+02  1.451E+11  4.648E-03  4.040E+00
     166      1     32      1     21      1      52     4.4790E+02  4.739E+09  1.000E-30  6.015E-01
     169      1     32      1     25      1      52     1.7808E+02  3.430E+10  3.437E-02  2.199E+00
     171      1     32      1     27      1      52     1.7615E+02  2.992E+09  1.000E-30  3.096E-01
     174      1     32      1     31      1      52     7.0280E-01  1.101E+02  3.459E-03  1.091E+00
     175      1     33      1     15      1      52     9.0089E+02  5.282E+11  1.641E-03  3.733E+00
     177      1     33      1     20      1      52     4.4938E+02  1.884E+11  9.277E-03  1.921E+00
     179      1     33      1     22      1      52     4.4717E+02  1.162E+09  1.000E-30  4.562E-01
     181      1     33      1     26      1      52     1.7704E+02  4.567E+10  7.784E-02  9.947E-01
     183      1     33      1     28      1      52     1.7580E+02  1.333E+09  1.000E-30  1.635E-01
     185      1     33      1     32      1      52     2.7490E-01  3.233E+00  2.970E-03  4.444E-01
     186      1     34      1     16      1      52     8.9895E+02  3.902E+11  1.591E-03  2.227E+00
     188      1     34      1     21      1      52     4.4860E+02  2.127E+11  1.398E-02  1.133E+00
     191      1     34      1     27      1      52     1.7685E+02  5.757E+10  1.467E-01  5.620E-01
     194      1     34      1     33      1      52     4.2420E-01  8.284E+00  3.100E-03  2.315E-01
     195      1     35      1     13      1      52     1.0346E+03  1.783E+11  1.000E-30  2.755E+01
     196      1     35      1     18      1      52     5.7478E+02  7.516E+10  1.000E-30  1.591E+01
     198      1     35      1     24      1      52     2.9820E+02  3.158E+10  1.000E-30  9.990E+00
     201      1     35      1     30      1      52     1.1906E+02  1.078E+10  1.000E-30  6.710E+00
     203      1     36      1     12      1      52     1.0606E+03  1.409E+11  1.468E-03  4.773E+00
     204      1     36      1     14      1      52     1.0233E+03  5.148E+10  1.000E-30  5.189E+00
     205      1     36      1     17      1      52     5.9109E+02  4.848E+10  2.950E-03  4.730E+00
     206      1     36      1     19      1      52     5.6958E+02  2.561E+10  1.000E-30  2.584E+00
     207      1     36      1     23      1      52     3.0964E+02  1.683E+10  7.226E-03  4.698E+00
     209      1     36      1     25      1      52     2.9614E+02  1.219E+10  1.000E-30  2.563E+00
     211      1     36      1     29      1      52     1.2779E+02  4.531E+09  2.873E-02  4.667E+00
     213      1     36      1     31      1      52     1.1877E+02  4.582E+09  1.000E-30  3.077E+00
     215      1     36      1     35      1      52     3.5433E+00  7.119E+04  3.834E-02  2.611E+00
     216      1     37      1     13      1      52     1.0410E+03  2.626E+11  1.751E-04  2.627E+01
     217      1     37      1     15      1      52     1.0215E+03  1.487E+10  1.000E-30  3.009E+00
     218      1     37      1     18      1      52     5.8110E+02  8.832E+10  6.054E-04  1.469E+01
     219      1     37      1     20      1      52     5.6995E+02  9.800E+09  1.000E-30  1.260E+00
     221      1     37      1     24      1      52     3.0452E+02  2.999E+10  2.397E-03  8.773E+00
     223      1     37      1     26      1      52     2.9760E+02  5.687E+09  1.000E-30  5.718E-01
     226      1     37      1     30      1      52     1.2539E+02  7.971E+09  1.486E-02  5.493E+00
     228      1     37      1     32      1      52     1.2084E+02  2.556E+09  1.000E-30  6.432E-01
     231      1     37      1     36      1      52     2.7803E+00  3.289E+04  8.778E-03  3.489E+00
     232      1     38      1     14      1      52     1.0264E+03  3.596E+11  4.962E-04  7.944E+00
     233      1     38      1     16      1      52     1.0194E+03  2.975E+09  1.000E-30  1.959E+00
     234      1     38      1     19      1      52     5.7269E+02  1.264E+11  1.841E-03  4.340E+00
     235      1     38      1     21      1      52     5.6908E+02  3.363E+09  1.000E-30  8.707E-01
     237      1     38      1     25      1      52     2.9925E+02  4.323E+10  7.759E-03  2.493E+00
     239      1     38      1     27      1      52     2.9733E+02  2.630E+09  1.000E-30  3.430E-01
     242      1     38      1     31      1      52     1.2188E+02  1.089E+10  5.248E-02  1.462E+00
     244      1     38      1     33      1      52     1.2090E+02  1.466E+09  1.000E-30  2.452E-01
     247      1     38      1     37      1      52     3.3030E-01  1.325E+01  5.553E-03  7.908E-01
     248      1     39      1     15      1      52     1.0219E+03  3.779E+11  7.649E-04  3.924E+00
     249      1     39      1     20      1      52     5.7035E+02  1.544E+11  3.348E-03  2.111E+00
     250      1     39      1     22      1      52     5.6815E+02  7.381E+08  1.000E-30  6.403E-01
     252      1     39      1     26      1      52     2.9801E+02  5.623E+10  1.561E-02  1.179E+00
     254      1     39      1     28      1      52     2.9677E+02  1.017E+09  1.000E-30  2.656E-01
     256      1     39      1     32      1      52     1.2125E+02  1.378E+10  1.141E-01  6.651E-01
     258      1     39      1     34      1      52     1.2055E+02  7.834E+08  1.000E-30  1.304E-01
     260      1     39      1     38      1      52     7.3900E-02  7.487E-02  5.917E-03  2.680E-01
     261      1     40      1     16      1      52     1.0198E+03  2.461E+11  6.465E-04  2.366E+00
     262      1     40      1     21      1      52     5.6945E+02  1.545E+11  4.373E-03  1.266E+00
     264      1     40      1     27      1      52     2.9770E+02  6.698E+10  2.493E-02  6.950E-01
     267      1     40      1     33      1      52     1.2127E+02  1.679E+10  2.080E-01  3.806E-01
     270      1     40      1     39      1      52     2.9800E-01  3.655E+00  5.016E-03  1.816E-01
     271      1     41      1     13      1      52     1.1233E+03  1.376E+11  1.000E-30  2.757E+01
     272      1     41      1     18      1      52     6.6340E+02  6.099E+10  1.000E-30  1.593E+01
     273      1     41      1     24      1      52     3.8682E+02  2.811E+10  1.000E-30  1.001E+01
     275      1     41      1     30      1      52     2.0768E+02  1.263E+10  1.000E-30  6.728E+00
     278      1     41      1     36      1      52     8.5076E+01  4.547E+09  1.000E-30  4.744E+00
     280      1     42      1     12      1      52     1.1482E+03  1.112E+11  1.235E-03  3.529E+00
     281      1     42      1     14      1      52     1.1108E+03  3.901E+10  1.000E-30  5.983E+00
     282      1     42      1     17      1      52     6.7867E+02  4.081E+10  2.224E-03  3.487E+00
     283      1     42      1     19      1      52     6.5716E+02  2.024E+10  1.000E-30  2.724E+00
     284      1     42      1     23      1      52     3.9722E+02  1.603E+10  4.399E-03  3.461E+00
     285      1     42      1     25      1      52     3.8372E+02  1.054E+10  1.000E-30  1.781E+00
     286      1     42      1     29      1      52     2.1536E+02  6.106E+09  1.069E-02  3.442E+00
     288      1     42      1     31      1      52     2.0634E+02  5.195E+09  1.000E-30  1.961E+00
     290      1     42      1     35      1      52     9.1119E+01  1.742E+09  4.229E-02  3.424E+00
     292      1     42      1     37      1      52     8.4795E+01  2.017E+09  1.000E-30  2.302E+00
     294      1     42      1     41      1      52     2.4992E+00  2.664E+04  5.619E-02  1.946E+00
     295      1     43      1     13      1      52     1.1279E+03  2.062E+11  1.064E-04  2.667E+01
     296      1     43      1     15      1      52     1.1084E+03  1.093E+10  1.000E-30  3.379E+00
     297      1     43      1     18      1      52     6.6800E+02  7.396E+10  3.261E-04  1.503E+01
     298      1     43      1     20      1      52     6.5684E+02  7.434E+09  1.000E-30  1.586E+00
     299      1     43      1     24      1      52     3.9142E+02  2.838E+10  1.027E-03  9.112E+00
     300      1     43      1     26      1      52     3.8450E+02  4.668E+09  1.000E-30  7.175E-01
     302      1     43      1     30      1      52     2.1228E+02  1.059E+10  3.772E-03  5.819E+00
     304      1     43      1     32      1      52     2.0774E+02  2.672E+09  1.000E-30  4.198E-01
     307      1     43      1     36      1      52     8.9678E+01  3.025E+09  2.224E-02  3.847E+00
     309      1     43      1     38      1      52     8.6568E+01  1.198E+09  1.000E-30  5.103E-01
     312      1     43      1     42      1      52     2.1031E+00  1.638E+04  1.379E-02  2.574E+00
     313      1     44      1     15      1      52     1.1084E+03  2.783E+11  4.266E-04  4.057E+00
     314      1     44      1     20      1      52     6.5688E+02  1.210E+11  1.619E-03  2.238E+00
     315      1     44      1     22      1      52     6.5468E+02  4.943E+08  1.000E-30  7.672E-01
     316      1     44      1     26      1      52     3.8454E+02  5.057E+10  5.792E-03  1.311E+00
     317      1     44      1     28      1      52     3.8330E+02  7.166E+08  1.000E-30  3.855E-01
     319      1     44      1     32      1      52     2.0778E+02  1.922E+10  2.366E-02  7.927E-01
     321      1     44      1     34      1      52     2.0708E+02  6.751E+08  1.000E-30  1.805E-01
     323      1     44      1     38      1      52     8.6605E+01  4.793E+09  1.564E-01  4.821E-01
     325      1     44      1     40      1      52     8.6233E+01  4.397E+08  1.000E-30  1.207E-01
     327      1     45      1     14      1      52     1.1130E+03  2.763E+11  2.912E-04  8.154E+00
     328      1     45      1     16      1      52     1.1061E+03  2.083E+09  1.000E-30  2.162E+00
     329      1     45      1     19      1      52     6.5935E+02  1.037E+11  9.457E-04  4.537E+00
     330      1     45      1     21      1      52     6.5574E+02  2.432E+09  1.000E-30  1.068E+00
     331      1     45      1     25      1      52     3.8591E+02  4.039E+10  3.106E-03  2.690E+00
     332      1     45      1     27      1      52     3.8399E+02  2.018E+09  1.000E-30  5.063E-01
     334      1     45      1     31      1      52     2.0854E+02  1.489E+10  1.199E-02  1.653E+00
     336      1     45      1     33      1      52     2.0756E+02  1.415E+09  1.000E-30  2.323E-01
     339      1     45      1     37      1      52     8.6990E+01  3.932E+09  7.539E-02  1.039E+00
     341      1     45      1     39      1      52     8.6586E+01  7.422E+08  1.000E-30  2.108E-01
     344      1     45      1     43      1      52     9.2200E-02  3.245E-01  1.208E-02  4.137E-01
     345      1     45      1     44      1      52     5.4600E-02  4.571E-02  1.000E-30  1.464E-01
     346      1     46      1     16      1      52     1.1062E+03  1.658E+11  3.279E-04  2.460E+00
     347      1     46      1     21      1      52     6.5590E+02  1.116E+11  1.921E-03  1.359E+00
     348      1     46      1     27      1      52     3.8415E+02  5.639E+10  8.384E-03  7.908E-01
     350      1     46      1     33      1      52     2.0772E+02  2.327E+10  3.813E-02  4.712E-01
     353      1     46      1     39      1      52     8.6749E+01  5.650E+09  2.734E-01  2.844E-01
     355      1     46      1     44      1      52     2.1720E-01  1.694E+00  6.730E-03  1.604E-01
     357      1     48      1     47      1      52     3.1750E+02  5.086E+09  2.815E-04  1.840E+02
     358      1     49      1     48      1      52     3.6284E+02  2.758E+10  1.548E-05  2.763E+02
     359      1     51      1     50      1      52     7.7750E-01  7.233E+01  1.318E-04  1.384E+02
     360      1     52      1     51      1      52     6.6689E+02  4.282E+11  1.000E-30  4.204E+02
     361      1     54      1     53      1      52     3.0082E+01  2.564E+07  1.000E-30  1.845E+02
     362      1     55      1     53      1      52     1.0120E+02  5.287E+08  3.742E-04  8.075E+01
     363      1     56      1     54      1      52     1.0442E+02  5.933E+08  4.153E-04  7.434E+01
     364      1     56      1     55      1      52     3.3297E+01  3.453E+07  1.000E-30  1.922E+02
     365      1     57      1     55      1      52     9.2670E+01  2.954E+08  6.613E-05  1.109E+02
     367      1     58      1     56      1      52     9.3608E+01  3.061E+08  6.929E-05  1.064E+02
     368      1     58      1     57      1      52     3.4235E+01  3.748E+07  1.000E-30  1.948E+02
     369      1     61      1     60      1      53     7.7081E+01  2.051E+07  1.037E-10  7.389E-03
     370      1     62      1     60      1      53     8.3045E+01  3.086E+07  1.000E-30  7.955E-03
     373      1     63      1     61      1      53     8.0094E+00  5.349E+01  1.000E-30  8.340E-04
     375      1     64      1     60      1      53     4.6515E+02  3.090E+10  1.680E-01  4.443E-02
     378      1     65      1     60      1      53     5.0090E+02  1.449E+10  4.126E-11  4.779E-02
     380      1     65      1     63      1      53     4.1581E+02  1.194E+10  3.645E-01  3.973E-02
     381      1     67      1     66      1      53     9.2071E+01  3.548E+08  4.701E-04  5.730E+01
     383      1     68      1     67      1      53     2.1266E+02  4.649E+09  8.961E-05  3.996E+01
     385      1     69      1     67      1      53     2.3259E+02  3.583E+09  1.000E-30  2.162E+01
     386      1     71      1     70      1      53     1.8245E+01  2.353E+06  1.794E-03  1.282E+01
     388      1     72      1     71      1      53     7.1086E+01  4.203E+08  6.769E-04  3.416E+01
     390      1     73      1     72      1      53     1.1156E+02  1.614E+09  1.370E-03  1.007E+01
     392      1     74      1     71      1      53     8.8734E+02  1.696E+12  1.000E-30  4.809E+01
     393      1     75      1     70      1      53     9.0769E+02  1.209E+12  3.244E-03  2.963E+01
     395      1     75      1     72      1      53     8.1835E+02  3.545E+11  1.000E-30  1.674E+01
     396      1     75      1     74      1      53     2.1014E+00  4.925E+03  6.697E-03  4.742E+00
     398      1     76      1     71      1      53     9.4411E+02  3.263E+12  1.893E-03  4.053E+01
     400      1     76      1     73      1      53     7.6146E+02  6.264E+10  1.000E-30  3.178E+00
     402      1     76      1     75      1      53     5.4666E+01  3.904E+08  2.083E-03  2.271E+01
     404      1     77      1     72      1      53     9.7713E+02  7.149E+12  6.602E-03  1.389E+01
     407      1     77      1     76      1      53     1.0411E+02  4.305E+09  8.812E-03  5.199E+00
     409      1     78      1     73      1      53     1.0763E+03  1.747E+13  1.899E-02  6.420E+00
     411      1     78      1     77      1      53     2.1071E+02  3.117E+10  1.356E-02  2.122E+00
     412      1     79      1     70      1      53     1.3871E+03  1.172E+12  1.451E-03  1.795E+01
     414      1     79      1     72      1      53     1.2978E+03  2.933E+11  1.000E-30  9.359E+00
     415      1     79      1     74      1      53     4.8154E+02  1.943E+11  6.104E-03  1.704E+01
     417      1     79      1     76      1      53     4.2478E+02  7.974E+10  1.000E-30  1.025E+01
     420      1     80      1     71      1      53     1.3753E+03  1.384E+12  1.000E-30  4.807E+01
     422      1     80      1     75      1      53     4.8588E+02  3.930E+11  1.000E-30  2.966E+01
     424      1     80      1     79      1      53     6.4349E+00  5.070E+05  1.000E-30  1.648E+01
     426      1     81      1     71      1      53     1.4208E+03  2.786E+12  4.388E-04  4.372E+01
     428      1     81      1     73      1      53     1.2382E+03  5.038E+10  1.000E-30  4.359E+00
     430      1     81      1     75      1      53     5.3137E+02  6.069E+11  3.174E-03  2.525E+01
     432      1     81      1     77      1      53     3.7259E+02  1.694E+10  1.000E-30  1.919E+00
     434      1     81      1     79      1      53     5.1923E+01  6.908E+08  7.562E-03  1.303E+01
     438      1     82      1     76      1      53     5.7966E+02  1.512E+12  1.367E-02  6.868E+00
     440      1     82      1     78      1      53     2.6484E+02  1.215E+09  1.000E-30  7.588E-01
     442      1     82      1     81      1      53     1.0296E+02  9.606E+09  3.648E-02  3.011E+00
     443      1     83      1     74      1      53     7.7070E+02  2.211E+11  2.597E-03  1.105E+01
     445      1     83      1     76      1      53     7.1393E+02  8.204E+10  1.000E-30  5.489E+00
     447      1     83      1     80      1      53     2.8272E+02  4.187E+10  1.044E-02  1.068E+01
     448      1     83      1     81      1      53     2.3723E+02  1.858E+10  1.000E-30  6.707E+00
     451      1     84      1     75      1      53     7.7945E+02  3.560E+11  1.000E-30  2.963E+01
     452      1     84      1     79      1      53     3.0001E+02  1.221E+11  1.000E-30  1.709E+01
     455      1     84      1     83      1      53     1.0851E+01  3.561E+06  1.000E-30  1.123E+01
     457      1     85      1     75      1      53     8.2063E+02  5.768E+11  7.693E-04  2.681E+01
     459      1     85      1     77      1      53     6.6185E+02  1.985E+10  1.000E-30  1.874E+00
     460      1     85      1     79      1      53     3.4119E+02  1.754E+11  6.140E-03  1.434E+01
     463      1     85      1     82      1      53     1.8630E+02  3.082E+09  1.000E-30  1.281E+00
     464      1     85      1     83      1      53     5.2031E+01  1.305E+09  2.319E-02  8.161E+00
     467      1     86      1     77      1      53     6.7729E+02  4.286E+12  3.912E-02  3.156E+00
     470      1     86      1     82      1      53     2.0174E+02  7.538E+10  6.955E-02  1.229E+00
     473      1     87      1     78      1      53     5.1236E+02  2.055E+12  6.063E-02  1.804E+00
     475      1     87      1     86      1      53     4.5782E+01  1.677E+08  1.895E-02  6.241E-01
     477      1     88      1     76      1      53     8.6948E+02  1.158E+12  2.685E-03  7.796E+00
     479      1     88      1     78      1      53     5.5466E+02  2.321E+09  1.000E-30  1.289E+00
     481      1     88      1     81      1      53     3.9278E+02  5.082E+11  2.665E-02  3.875E+00
     484      1     88      1     85      1      53     1.0351E+02  1.797E+10  1.170E-01  1.911E+00
     485      1     88      1     86      1      53     8.8076E+01  9.652E+07  1.000E-30  4.597E-01
     487      1     89      1     74      1      53     9.5869E+02  1.902E+11  1.643E-03  7.800E+00
     488      1     89      1     76      1      53     9.0192E+02  6.562E+10  1.000E-30  4.832E+00
     490      1     89      1     80      1      53     4.7071E+02  5.451E+10  4.256E-03  7.307E+00
     491      1     89      1     81      1      53     4.2522E+02  2.444E+10  1.000E-30  3.769E+00
     494      1     89      1     84      1      53     1.7714E+02  1.081E+10  1.651E-02  7.152E+00
     495      1     89      1     85      1      53     1.3596E+02  4.087E+09  1.000E-30  4.598E+00
     497      1     90      1     75      1      53     9.7022E+02  2.792E+11  1.000E-30  2.965E+01
     498      1     90      1     79      1      53     4.9078E+02  1.164E+11  1.000E-30  1.711E+01
     501      1     90      1     83      1      53     2.0163E+02  4.717E+10  1.000E-30  1.074E+01
     504      1     90      1     89      1      53     1.3639E+01  6.084E+06  1.000E-30  3.873E+00
     505      1     91      1     75      1      53     1.0099E+03  4.659E+11  3.222E-04  2.773E+01
     506      1     91      1     77      1      53     8.5110E+02  1.598E+10  1.000E-30  2.659E+00
     507      1     91      1     79      1      53     5.3043E+02  1.695E+11  1.473E-03  1.526E+01
     510      1     91      1     82      1      53     3.7555E+02  6.035E+09  1.000E-30  9.700E-01
     511      1     91      1     83      1      53     2.4127E+02  6.995E+10  1.125E-02  8.888E+00
     515      1     91      1     88      1      53     8.5729E+01  3.159E+08  1.000E-30  9.201E-01
     516      1     91      1     89      1      53     5.3287E+01  2.393E+09  6.271E-02  5.428E+00
     518      1     92      1     74      1      53     1.0879E+03  1.540E+11  1.173E-03  6.051E+00
     519      1     92      1     76      1      53     1.0312E+03  5.045E+10  1.000E-30  5.626E+00
     520      1     92      1     80      1      53     5.9995E+02  5.095E+10  2.632E-03  5.327E+00
     521      1     92      1     81      1      53     5.5446E+02  2.189E+10  1.000E-30  2.807E+00
     523      1     92      1     84      1      53     3.0638E+02  1.600E+10  6.519E-03  5.107E+00
     524      1     92      1     85      1      53     2.6520E+02  7.444E+09  1.000E-30  2.765E+00
     527      1     92      1     90      1      53     1.1560E+02  3.077E+09  2.436E-02  5.017E+00
     528      1     92      1     91      1      53     7.5952E+01  7.287E+08  1.000E-30  3.303E+00
     529      1     93      1     75      1      53     1.1014E+03  2.146E+11  1.000E-30  2.967E+01
     530      1     93      1     79      1      53     6.2192E+02  9.681E+10  1.000E-30  1.713E+01
     531      1     93      1     83      1      53     3.3276E+02  4.572E+10  1.000E-30  1.076E+01
     534      1     93      1     89      1      53     1.4478E+02  2.170E+10  1.000E-30  7.224E+00
     537      1     93      1     92      1      53     1.5538E+01  2.546E+07  1.000E-30  5.258E+00
     538      1     94      1     76      1      53     1.0597E+03  8.484E+11  1.015E-03  8.331E+00
     539      1     94      1     78      1      53     7.4491E+02  2.021E+09  1.000E-30  1.792E+00
     541      1     94      1     81      1      53     5.8303E+02  3.862E+11  5.310E-03  4.384E+00
     544      1     94      1     85      1      53     2.9377E+02  2.397E+11  5.020E-02  2.394E+00
     545      1     94      1     86      1      53     2.7833E+02  6.824E+08  1.000E-30  6.351E-01
     549      1     94      1     91      1      53     1.0453E+02  2.766E+10  3.119E-01  1.298E+00
     552      1     95      1     77      1      53     9.6122E+02  2.203E+12  5.679E-03  3.730E+00
     555      1     95      1     82      1      53     4.8567E+02  1.665E+12  7.713E-02  1.771E+00
     558      1     95      1     87      1      53     2.3815E+02  1.038E+09  1.000E-30  2.717E-01
     559      1     95      1     88      1      53     1.9586E+02  1.239E+11  2.287E-01  7.985E-01
     561      1     95      1     94      1      53     5.5996E+00  2.444E+04  3.556E-03  3.329E-01
     562      1     96      1     75      1      53     1.1409E+03  3.655E+11  1.716E-04  2.833E+01
     563      1     96      1     77      1      53     9.8211E+02  1.226E+10  1.000E-30  3.242E+00
     564      1     96      1     79      1      53     6.6145E+02  1.433E+11  6.199E-04  1.579E+01
     565      1     96      1     82      1      53     5.0657E+02  5.912E+09  1.000E-30  1.342E+00
     566      1     96      1     83      1      53     3.7229E+02  6.471E+10  2.637E-03  9.420E+00
     569      1     96      1     88      1      53     2.1675E+02  1.543E+09  1.000E-30  6.105E-01
     570      1     96      1     89      1      53     1.8430E+02  3.599E+10  1.975E-02  5.915E+00
     573      1     96      1     92      1      53     5.5065E+01  4.041E+09  1.516E-01  3.814E+00
     575      1     96      1     94      1      53     2.6491E+01  5.541E+06  1.000E-30  6.947E-01
     578      1     97      1     78      1      53     7.9354E+02  9.530E+11  5.757E-03  2.201E+00
     580      1     97      1     86      1      53     3.2696E+02  4.765E+11  1.029E-01  9.993E-01
     584      1     97      1     95      1      53     4.3029E+01  3.574E+08  8.048E-02  4.076E-01
     585      1     98      1     74      1      53     1.1808E+03  1.228E+11  8.673E-04  5.102E+00
     586      1     98      1     76      1      53     1.1240E+03  3.884E+10  1.000E-30  6.484E+00
     587      1     98      1     80      1      53     6.9278E+02  4.379E+10  1.889E-03  4.141E+00
     588      1     98      1     81      1      53     6.4729E+02  1.814E+10  1.000E-30  2.954E+00
     589      1     98      1     84      1      53     3.9921E+02  1.618E+10  3.951E-03  3.832E+00
     590      1     98      1     85      1      53     3.5803E+02  7.599E+09  1.000E-30  1.925E+00
     592      1     98      1     90      1      53     2.0843E+02  5.314E+09  9.460E-03  3.728E+00
     593      1     98      1     91      1      53     1.6878E+02  2.212E+09  1.000E-30  2.110E+00
     595      1     98      1     93      1      53     7.7294E+01  9.194E+08  3.372E-02  3.671E+00
     597      1     98      1     96      1      53     3.7767E+01  7.516E+07  1.000E-30  2.464E+00
     598      1     99      1     75      1      53     1.1956E+03  1.660E+11  1.000E-30  2.969E+01
     599      1     99      1     79      1      53     7.1611E+02  7.769E+10  1.000E-30  1.715E+01
     600      1     99      1     83      1      53     4.2696E+02  3.909E+10  1.000E-30  1.078E+01
     601      1     99      1     89      1      53     2.3897E+02  2.070E+10  1.000E-30  7.243E+00
     604      1     99      1     92      1      53     1.0973E+02  1.160E+10  1.000E-30  5.084E+00
     607      1     99      1     98      1      53     1.6897E+01  6.740E+07  1.000E-30  3.913E+00
     608      1    100      1     75      1      53     1.2357E+03  2.862E+11  1.043E-04  2.873E+01
     609      1    100      1     77      1      53     1.0769E+03  9.403E+09  1.000E-30  3.639E+00
     610      1    100      1     79      1      53     7.5626E+02  1.174E+11  3.311E-04  1.619E+01
     611      1    100      1     82      1      53     6.0138E+02  5.064E+09  1.000E-30  1.693E+00
     612      1    100      1     83      1      53     4.6710E+02  5.574E+10  1.101E-03  9.823E+00
     613      1    100      1     88      1      53     3.1156E+02  1.939E+09  1.000E-30  7.657E-01
     614      1    100      1     89      1      53     2.7912E+02  3.068E+10  4.467E-03  6.267E+00
     617      1    100      1     92      1      53     1.4988E+02  2.264E+10  3.365E-02  4.140E+00
     619      1    100      1     94      1      53     1.2130E+02  2.992E+08  1.000E-30  4.456E-01
     621      1    100      1     98      1      53     5.7044E+01  6.093E+09  3.317E-01  2.802E+00
     623      1    101      1     76      1      53     1.1918E+03  6.284E+11  5.115E-04  8.606E+00
     624      1    101      1     78      1      53     8.7698E+02  1.577E+09  1.000E-30  2.119E+00
     625      1    101      1     81      1      53     7.1510E+02  2.948E+11  2.035E-03  4.705E+00
     627      1    101      1     85      1      53     4.2583E+02  1.694E+11  9.743E-03  2.708E+00
     628      1    101      1     86      1      53     4.1039E+02  8.799E+08  1.000E-30  9.235E-01
     631      1    101      1     91      1      53     2.3659E+02  1.415E+11  8.963E-02  1.593E+00
     634      1    101      1     95      1      53     1.2646E+02  1.044E+08  1.000E-30  3.652E-01
     635      1    101      1     96      1      53     1.0557E+02  3.566E+10  7.212E-01  9.396E-01
     638      1    101      1    100      1      53     1.0760E+01  2.280E+05  3.997E-03  5.411E-01
     639      1    102      1     77      1      53     1.1469E+03  1.337E+12  1.851E-03  4.065E+00
     641      1    102      1     82      1      53     6.7131E+02  8.971E+11  1.218E-02  2.100E+00
     644      1    102      1     87      1      53     4.2378E+02  9.045E+08  1.000E-30  4.980E-01
     645      1    102      1     88      1      53     3.8149E+02  8.502E+11  1.398E-01  1.108E+00
     647      1    102      1     94      1      53     1.9123E+02  1.582E+11  5.913E-01  5.591E-01
     650      1    102      1     97      1      53     1.4260E+02  5.541E+08  1.000E-30  1.855E-01
     652      1    102      1    101      1      53     5.9168E+01  3.492E+07  5.242E-03  2.739E-01
     653      1    103      1     76      1      53     1.2875E+03  4.767E+11  2.980E-04  8.882E+00
     654      1    103      1     78      1      53     9.7272E+02  1.210E+09  1.000E-30  2.337E+00
     655      1    103      1     81      1      53     8.1083E+02  2.282E+11  1.032E-03  4.922E+00
     656      1    103      1     85      1      53     5.2157E+02  1.299E+11  3.731E-03  2.920E+00
     657      1    103      1     86      1      53     5.0613E+02  8.317E+08  1.000E-30  1.135E+00
     659      1    103      1     91      1      53     3.3233E+02  9.192E+10  1.687E-02  1.804E+00
     662      1    103      1     95      1      53     2.2220E+02  2.268E+08  1.000E-30  5.413E-01
     663      1    103      1     96      1      53     2.0131E+02  9.910E+10  1.542E-01  1.132E+00
     665      1    103      1    100      1      53     1.0650E+02  3.886E+10  1.487E+00  7.160E-01
     667      1    103      1    102      1      53     3.6571E+01  3.277E+06  1.000E-30  2.466E-01
     668      1    104      1     78      1      53     9.7661E+02  5.231E+11  1.524E-03  2.432E+00
     670      1    104      1     86      1      53     5.1003E+02  3.420E+11  1.417E-02  1.224E+00
     674      1    104      1     95      1      53     2.2610E+02  1.456E+11  1.629E-01  6.230E-01
     677      1    104      1    102      1      53     4.0464E+01  5.070E+08  2.259E-01  2.911E-01
     679      1    105      1     77      1      53     1.2750E+03  8.822E+11  8.450E-04  4.270E+00
     680      1    105      1     82      1      53     7.9944E+02  5.748E+11  4.152E-03  2.305E+00
     682      1    105      1     87      1      53     5.5191E+02  6.356E+08  1.000E-30  6.965E-01
     683      1    105      1     88      1      53     5.0962E+02  4.571E+11  2.315E-02  1.307E+00
     685      1    105      1     94      1      53     3.1936E+02  5.147E+11  2.349E-01  7.480E-01
     688      1    105      1     97      1      53     2.7073E+02  6.803E+08  1.000E-30  2.943E-01
     690      1    105      1    101      1      53     1.8730E+02  1.648E+11  1.289E+00  4.244E-01
     692      1    105      1    103      1      53     9.1560E+01  5.658E+07  2.594E-03  2.389E-01
     693      1    105      1    104      1      53     8.7667E+01  2.109E+08  1.000E-30  1.500E-01
     694      1    106      1     78      1      53     1.1024E+03  3.231E+11  6.170E-04  2.577E+00
     695      1    106      1     86      1      53     6.3583E+02  2.310E+11  4.345E-03  1.369E+00
     698      1    106      1     95      1      53     3.5190E+02  1.258E+11  2.568E-02  7.674E-01
     701      1    106      1    102      1      53     1.6626E+02  5.490E+10  2.460E-01  4.259E-01
     704      1    106      1    105      1      53     3.8133E+01  5.858E+08  4.896E-01  2.291E-01
     705      1    107      1     77      1      53     1.3672E+03  6.171E+11  4.636E-04  4.411E+00
     706      1    107      1     82      1      53     8.9170E+02  3.954E+11  1.935E-03  2.446E+00
     707      1    107      1     87      1      53     6.4417E+02  4.492E+08  1.000E-30  8.367E-01
     708      1    107      1     88      1      53     6.0188E+02  2.918E+11  7.919E-03  1.448E+00
     710      1    107      1     94      1      53     4.1162E+02  2.764E+11  3.982E-02  8.895E-01
     712      1    107      1     97      1      53     3.6299E+02  5.555E+08  1.000E-30  4.249E-01
     714      1    107      1    101      1      53     2.7956E+02  3.573E+11  3.689E-01  5.543E-01
     716      1    107      1    103      1      53     1.8382E+02  1.694E+11  2.388E+00  3.509E-01
     717      1    107      1    104      1      53     1.7993E+02  3.710E+08  1.000E-30  2.043E-01
     719      1    107      1    106      1      53     5.4126E+01  6.597E+07  1.000E-30  1.403E-01
     720      1    108      1     78      1      53     1.1926E+03  2.154E+11  3.133E-04  2.671E+00
     721      1    108      1     86      1      53     7.2599E+02  1.615E+11  1.896E-03  1.469E+00
     723      1    108      1     95      1      53     4.4206E+02  9.443E+10  8.459E-03  8.610E-01
     725      1    108      1    102      1      53     2.5642E+02  5.186E+10  4.080E-02  5.221E-01
     728      1    108      1    105      1      53     1.2829E+02  2.441E+10  3.412E-01  3.214E-01
     730      1    108      1    107      1      53     3.6034E+01  6.248E+08  8.566E-01  2.012E-01
     731      1    110      1    109      1      53     1.0325E+02  9.636E+08  1.000E-30  3.596E+02
     732      1    111      1    109      1      53     6.2828E+02  2.442E+11  1.811E-05  4.026E+02
     733      1    114      1    113      1      54     7.1415E+00  2.940E+03  1.000E-30  7.489E-04
     735      1    115      1    114      1      54     4.2027E+02  1.851E+10  2.446E-01  4.010E-02
     736      1    117      1    116      1      54     8.2284E+01  5.099E+07  2.810E+00  8.218E-03
     737      1    118      1    117      1      54     6.5579E+01  6.897E+07  4.879E-05  9.900E+01
     739      1    120      1    119      1      54     2.7707E+01  1.859E+06  6.537E+00  3.963E-03
     740      1    121      1    120      1      54     3.4184E+01  2.174E+07  3.047E-04  3.528E+01
     743      1    122      1    121      1      54     1.1729E+01  1.900E+05  1.389E-04  1.004E+01
     745      1    124      1    119      1      54     9.4819E+02  1.445E+12  3.213E-03  3.135E+01
     746      1    124      1    121      1      54     8.8629E+02  4.617E+11  1.000E-30  1.769E+01
     747      1    123      1    120      1      54     9.0352E+02  1.685E+12  1.000E-30  5.150E+01
     749      1    124      1    123      1      54     1.6956E+01  1.417E+06  2.071E+00  1.502E-02
     750      1    125      1    120      1      54     9.3511E+02  3.056E+12  1.719E-03  4.302E+01
     753      1    125      1    122      1      54     8.8920E+02  1.125E+11  1.000E-30  3.430E+00
     754      1    125      1    124      1      54     1.4632E+01  1.997E+06  5.640E-04  2.233E+01
     757      1    126      1    121      1      54     9.0719E+02  5.126E+12  5.468E-03  1.500E+01
     759      1    126      1    125      1      54     6.2624E+00  5.497E+04  5.129E-04  5.176E+00
     761      1    127      1    122      1      54     9.0472E+02  8.435E+12  1.432E-02  6.875E+00
     763      1    127      1    126      1      54     9.2648E+00  6.590E+04  3.444E-04  2.038E+00
     765      1    129      1    121      1      54     1.3816E+03  3.581E+11  1.000E-30  9.991E+00
     767      1    129      1    123      1      54     5.1224E+02  2.501E+11  6.141E-03  1.812E+01
     768      1    129      1    125      1      54     4.8065E+02  1.241E+11  1.000E-30  1.083E+01
     770      1    128      1    120      1      54     1.4063E+03  1.412E+12  1.000E-30  5.139E+01
     772      1    128      1    124      1      54     4.8585E+02  3.622E+11  1.000E-30  3.178E+01
     775      1    129      1    128      1      54     9.4325E+00  2.771E+05  2.324E+00  1.500E-02
     777      1    130      1    120      1      54     1.4246E+03  1.802E+12  3.378E-03  3.657E+00
     779      1    130      1    122      1      54     1.3787E+03  7.489E+10  1.000E-30  4.693E+00
     780      1    130      1    124      1      54     5.0408E+02  4.787E+11  2.754E-03  2.687E+01
     783      1    130      1    126      1      54     4.8319E+02  4.621E+10  1.000E-30  2.068E+00
     785      1    130      1    129      1      54     8.7978E+00  5.719E+05  1.281E-03  1.297E+01
     788      1    131      1    121      1      54     1.3942E+03  3.950E+12  1.022E-03  1.692E+01
     790      1    131      1    125      1      54     4.9329E+02  7.695E+11  1.041E-02  7.409E+00
     791      1    131      1    127      1      54     4.7777E+02  1.243E+10  1.000E-30  8.172E-01
     793      1    131      1    130      1      54     3.8408E+00  1.883E+04  1.312E-03  3.008E+00
     795      1    132      1    122      1      54     1.3904E+03  4.199E+12  1.640E-03  8.076E+00
     797      1    132      1    126      1      54     4.9497E+02  1.196E+12  2.570E-02  3.370E+00
     799      1    132      1    131      1      54     7.9348E+00  7.655E+04  1.095E-03  1.187E+00
     800      1    133      1    127      1      54     4.8686E+02  1.627E+12  5.212E-02  1.915E+00
     801      1    133      1    132      1      54     1.1594E+00  6.813E+01  4.811E-04  5.986E-01
     802      1    134      1    124      1      54     7.8763E+02  3.456E+11  1.000E-30  3.171E+01
     804      1    134      1    129      1      54     2.9235E+02  1.017E+11  1.000E-30  1.835E+01
     808      1    135      1    123      1      54     8.1021E+02  2.686E+11  2.609E-03  1.150E+01
     809      1    135      1    125      1      54     7.7862E+02  1.108E+11  1.000E-30  1.004E+01
     811      1    135      1    128      1      54     3.0740E+02  5.888E+10  1.071E-02  1.139E+01
     812      1    135      1    130      1      54     2.8917E+02  3.892E+10  1.000E-30  5.792E+00
     814      1    135      1    134      1      54     5.6221E+00  1.712E+05  1.926E-02  3.049E+00
     815      1    136      1    124      1      54     7.9909E+02  5.009E+11  6.122E-04  3.169E+01
     818      1    136      1    126      1      54     7.7820E+02  3.661E+10  1.000E-30  4.999E+00
     819      1    136      1    129      1      54     3.0380E+02  1.081E+11  4.172E-03  1.832E+01
     822      1    136      1    131      1      54     2.9116E+02  1.772E+10  1.000E-30  2.888E+00
     825      1    136      1    135      1      54     5.8334E+00  2.094E+05  2.542E-03  8.220E+00
     827      1    137      1    125      1      54     7.8707E+02  7.493E+11  1.817E-03  1.004E+01
     828      1    137      1    127      1      54     7.7154E+02  8.380E+09  1.000E-30  3.029E+00
     830      1    137      1    130      1      54     2.9761E+02  1.651E+11  1.303E-02  5.808E+00
     831      1    137      1    132      1      54     2.8584E+02  6.991E+09  1.000E-30  1.745E+00
     833      1    137      1    136      1      54     2.6080E+00  7.804E+03  2.767E-03  1.890E+00
     835      1    138      1    126      1      54     7.8806E+02  9.651E+11  3.349E-03  5.002E+00
     837      1    138      1    131      1      54     3.0103E+02  2.531E+11  2.829E-02  2.891E+00
     838      1    138      1    133      1      54     2.9194E+02  2.262E+09  1.000E-30  1.173E+00
     840      1    138      1    137      1      54     7.2571E+00  8.253E+04  2.440E-03  7.515E-01
     841      1    139      1    127      1      54     7.7953E+02  8.580E+11  3.952E-03  3.031E+00
     842      1    139      1    132      1      54     2.9383E+02  3.184E+11  5.077E-02  1.747E+00
     843      1    139      1    138      1      54     7.3047E-01  3.181E+01  1.415E-03  3.803E-01
     844      1    140      1    133      1      54     2.9317E+02  4.213E+11  8.639E-02  1.171E+00
     845      1    140      1    139      1      54     5.0455E-01  3.986E+00  7.507E-04  2.223E-01
     846      1    141      1    124      1      54     9.8280E+02  2.752E+11  1.000E-30  3.170E+01
     847      1    141      1    129      1      54     4.8751E+02  1.060E+11  1.000E-30  1.831E+01
     851      1    141      1    135      1      54     1.8954E+02  3.398E+10  1.000E-30  1.151E+01
     853      1    142      1    123      1      54     1.0032E+03  2.254E+11  1.712E-03  7.740E+00
     854      1    142      1    125      1      54     9.7165E+02  8.415E+10  1.000E-30  1.006E+01
     856      1    142      1    128      1      54     5.0043E+02  6.919E+10  4.270E-03  7.694E+00
     857      1    142      1    130      1      54     4.8220E+02  3.833E+10  1.000E-30  5.821E+00
     859      1    142      1    134      1      54     1.9865E+02  1.718E+10  1.752E-02  7.602E+00
     861      1    142      1    136      1      54     1.8719E+02  1.394E+10  1.000E-30  4.878E+00
     863      1    142      1    141      1      54     3.4847E+00  4.399E+04  3.372E-02  1.917E+00
     864      1    143      1    124      1      54     9.9046E+02  4.169E+11  2.675E-04  3.169E+01
     865      1    143      1    126      1      54     9.6956E+02  2.603E+10  1.000E-30  5.021E+00
     866      1    143      1    129      1      54     4.9517E+02  1.248E+11  1.110E-03  1.831E+01
     869      1    143      1    131      1      54     4.8253E+02  1.589E+10  1.000E-30  2.911E+00
     872      1    143      1    135      1      54     1.9720E+02  3.059E+10  8.432E-03  9.460E+00
     874      1    143      1    137      1      54     1.8876E+02  7.172E+09  1.000E-30  9.957E-01
     877      1    143      1    142      1      54     4.1712E+00  9.084E+04  4.538E-03  5.473E+00
     878      1    144      1    125      1      54     9.7774E+02  5.921E+11  7.462E-04  1.007E+01
     879      1    144      1    127      1      54     9.6221E+02  5.428E+09  1.000E-30  3.051E+00
     881      1    144      1    130      1      54     4.8829E+02  1.842E+11  3.229E-03  5.825E+00
     882      1    144      1    132      1      54     4.7651E+02  5.661E+09  1.000E-30  1.767E+00
     884      1    144      1    136      1      54     1.9328E+02  4.436E+10  2.961E-02  2.566E+00
     885      1    144      1    138      1      54     1.8342E+02  3.272E+09  1.000E-30  3.554E-01
     887      1    144      1    143      1      54     1.9160E+00  3.854E+03  5.128E-03  1.276E+00
     888      1    145      1    126      1      54     9.7835E+02  6.810E+11  1.227E-03  5.023E+00
     890      1    145      1    131      1      54     4.9132E+02  2.504E+11  6.195E-03  2.912E+00
     891      1    145      1    133      1      54     4.8223E+02  1.464E+09  1.000E-30  1.194E+00
     893      1    145      1    137      1      54     1.9755E+02  6.596E+10  6.920E-02  1.150E+00
     894      1    145      1    139      1      54     1.8956E+02  1.671E+09  1.000E-30  1.851E-01
     896      1    145      1    144      1      54     6.8766E+00  8.934E+04  4.539E-03  5.146E-01
     897      1    146      1    127      1      54     9.6958E+02  4.893E+11  1.161E-03  3.050E+00
     898      1    146      1    132      1      54     4.8388E+02  2.688E+11  8.964E-03  1.767E+00
     899      1    146      1    138      1      54     1.9078E+02  7.386E+10  1.271E-01  6.490E-01
     900      1    146      1    140      1      54     1.8955E+02  5.122E+08  1.000E-30  1.250E-01
     901      1    146      1    145      1      54     4.8959E-01  1.359E+01  2.851E-03  2.667E-01
     902      1    147      1    133      1      54     4.8306E+02  2.254E+11  9.171E-03  1.191E+00
     903      1    147      1    139      1      54     1.9039E+02  9.003E+10  2.183E-01  4.169E-01
     904      1    147      1    146      1      54     3.3818E-01  2.263E+00  1.983E-03  1.593E-01
     905      1    148      1    140      1      54     1.9013E+02  1.060E+11  3.534E-01  2.900E-01
     906      1    148      1    147      1      54     2.4746E-01  3.520E-01  1.027E-03  1.031E-01
     907      1    149      1    124      1      54     1.1162E+03  2.123E+11  1.000E-30  3.170E+01
     908      1    149      1    129      1      54     6.2092E+02  8.998E+10  1.000E-30  1.831E+01
     910      1    149      1    135      1      54     3.2295E+02  3.787E+10  1.000E-30  1.153E+01
     913      1    149      1    142      1      54     1.2992E+02  1.298E+10  1.000E-30  7.734E+00
     915      1    150      1    123      1      54     1.1354E+03  1.799E+11  1.331E-03  5.478E+00
     916      1    150      1    125      1      54     1.1038E+03  6.322E+10  1.000E-30  1.008E+01
     917      1    150      1    128      1      54     6.3256E+02  6.223E+10  2.690E-03  5.432E+00
     918      1    150      1    130      1      54     6.1433E+02  3.142E+10  1.000E-30  5.841E+00
     919      1    150      1    134      1      54     3.3078E+02  2.159E+10  6.615E-03  5.397E+00
     921      1    150      1    136      1      54     3.1933E+02  1.492E+10  1.000E-30  2.923E+00
     923      1    150      1    141      1      54     1.3562E+02  5.846E+09  2.691E-02  5.364E+00
     925      1    150      1    143      1      54     1.2796E+02  5.575E+09  1.000E-30  3.512E+00
     927      1    150      1    149      1      54     2.2069E+00  1.153E+04  5.737E-02  1.199E+00
     928      1    151      1    124      1      54     1.1216E+03  3.301E+11  1.459E-04  3.168E+01
     929      1    151      1    126      1      54     1.1007E+03  1.871E+10  1.000E-30  5.040E+00
     930      1    151      1    129      1      54     6.2630E+02  1.117E+11  4.907E-04  1.830E+01
     931      1    151      1    131      1      54     6.1366E+02  1.227E+10  1.000E-30  2.929E+00
     933      1    151      1    135      1      54     3.2833E+02  3.806E+10  2.117E-03  1.006E+01
     935      1    151      1    137      1      54     3.1989E+02  7.062E+09  1.000E-30  6.569E-01
     937      1    151      1    142      1      54     1.3530E+02  1.028E+10  1.328E-02  6.293E+00
     939      1    151      1    144      1      54     1.2921E+02  3.111E+09  1.000E-30  7.438E-01
     941      1    151      1    150      1      54     3.1681E+00  4.644E+04  7.613E-03  3.833E+00
     942      1    152      1    125      1      54     1.1084E+03  4.532E+11  3.910E-04  1.009E+01
     943      1    152      1    127      1      54     1.0929E+03  3.666E+09  1.000E-30  3.069E+00
     944      1    152      1    130      1      54     6.1900E+02  1.599E+11  1.369E-03  5.845E+00
     945      1    152      1    132      1      54     6.0722E+02  4.085E+09  1.000E-30  1.786E+00
     947      1    152      1    136      1      54     3.2399E+02  5.495E+10  6.659E-03  2.904E+00
     948      1    152      1    138      1      54     3.1413E+02  3.049E+09  1.000E-30  3.884E-01
     950      1    152      1    143      1      54     1.3263E+02  1.426E+10  4.528E-02  1.705E+00
     951      1    152      1    145      1      54     1.2383E+02  1.502E+09  1.000E-30  2.778E-01
     953      1    152      1    151      1      54     1.4980E+00  2.136E+03  8.313E-03  9.170E-01
     954      1    153      1    126      1      54     1.1088E+03  4.858E+11  5.989E-04  5.040E+00
     955      1    153      1    131      1      54     6.2180E+02  2.023E+11  2.438E-03  2.930E+00
     956      1    153      1    133      1      54     6.1271E+02  9.303E+08  1.000E-30  1.212E+00
     958      1    153      1    137      1      54     3.2803E+02  7.669E+10  1.373E-02  1.367E+00
     959      1    153      1    139      1      54     3.2004E+02  1.284E+09  1.000E-30  2.984E-01
     961      1    153      1    144      1      54     1.3736E+02  2.127E+10  1.034E-01  7.694E-01
     962      1    153      1    146      1      54     1.2999E+02  9.852E+08  1.000E-30  1.453E-01
     963      1    153      1    152      1      54     6.6466E+00  9.645E+04  7.329E-03  3.810E-01
     964      1    154      1    127      1      54     1.0999E+03  3.084E+11  4.976E-04  3.068E+00
     965      1    154      1    132      1      54     6.1421E+02  1.938E+11  3.098E-03  1.784E+00
     966      1    154      1    138      1      54     3.2112E+02  8.445E+10  2.162E-02  8.015E-01
     967      1    154      1    140      1      54     3.1988E+02  3.208E+08  1.000E-30  2.397E-01
     968      1    154      1    145      1      54     1.3082E+02  2.164E+10  1.817E-01  4.364E-01
     969      1    154      1    147      1      54     1.3000E+02  4.548E+08  1.000E-30  9.586E-02
     970      1    154      1    153      1      54     3.4390E-01  6.023E+00  4.770E-03  2.051E-01
     971      1    155      1    133      1      54     6.1329E+02  1.279E+11  2.480E-03  1.208E+00
     972      1    155      1    139      1      54     3.2062E+02  8.822E+10  2.828E-02  5.308E-01
     973      1    155      1    146      1      54     1.3057E+02  2.518E+10  2.985E-01  2.829E-01
     974      1    155      1    148      1      54     1.2999E+02  1.410E+08  1.000E-30  7.358E-02
     975      1    155      1    154      1      54     2.3759E-01  1.119E+00  3.498E-03  1.281E-01
     976      1    156      1    124      1      54     1.2114E+03  1.638E+11  1.000E-30  3.169E+01
     977      1    156      1    129      1      54     7.1613E+02  7.285E+10  1.000E-30  1.831E+01
     978      1    156      1    135      1      54     4.1816E+02  3.381E+10  1.000E-30  1.155E+01
     980      1    156      1    142      1      54     2.2513E+02  1.526E+10  1.000E-30  7.753E+00
     983      1    156      1    150      1      54     9.3002E+01  5.539E+09  1.000E-30  5.453E+00
     985      1    157      1    123      1      54     1.2298E+03  1.421E+11  1.122E-03  4.042E+00
     986      1    157      1    125      1      54     1.1982E+03  4.781E+10  1.000E-30  1.010E+01
     987      1    157      1    128      1      54     7.2695E+02  5.229E+10  2.023E-03  3.995E+00
     988      1    157      1    130      1      54     7.0872E+02  2.487E+10  1.000E-30  5.859E+00
     989      1    157      1    134      1      54     4.2517E+02  2.060E+10  4.020E-03  3.967E+00
     990      1    157      1    136      1      54     4.1371E+02  1.291E+10  1.000E-30  2.044E+00
     991      1    157      1    141      1      54     2.3000E+02  7.847E+09  9.824E-03  3.947E+00
     993      1    157      1    143      1      54     2.2235E+02  6.338E+09  1.000E-30  2.229E+00
     995      1    157      1    149      1      54     9.6594E+01  2.240E+09  3.966E-02  3.928E+00
     997      1    157      1    151      1      54     9.1219E+01  2.427E+09  1.000E-30  2.620E+00
     999      1    157      1    156      1      54     1.3856E+00  2.801E+03  9.485E-02  7.436E-01
    1000      1    158      1    124      1      54     1.2153E+03  2.587E+11  8.981E-05  3.170E+01
    1001      1    158      1    126      1      54     1.1944E+03  1.374E+10  1.000E-30  5.058E+00
    1002      1    158      1    129      1      54     7.2004E+02  9.330E+10  2.696E-04  1.831E+01
    1003      1    158      1    131      1      54     7.0740E+02  9.341E+09  1.000E-30  2.947E+00
    1004      1    158      1    135      1      54     4.2207E+02  3.598E+10  9.047E-04  1.046E+01
    1005      1    158      1    137      1      54     4.1363E+02  5.822E+09  1.000E-30  8.210E-01
    1007      1    158      1    142      1      54     2.2904E+02  1.354E+10  3.353E-03  6.664E+00
    1009      1    158      1    144      1      54     2.2296E+02  3.303E+09  1.000E-30  4.786E-01
    1011      1    158      1    150      1      54     9.6914E+01  3.937E+09  1.998E-02  4.402E+00
    1012      1    158      1    152      1      54     9.2248E+01  1.438E+09  1.000E-30  5.855E-01
    1014      1    158      1    157      1      54     2.5273E+00  2.722E+04  1.211E-02  2.800E+00
    1015      1    159      1    125      1      54     1.2019E+03  3.476E+11  2.348E-04  1.010E+01
    1016      1    159      1    127      1      54     1.1864E+03  2.582E+09  1.000E-30  3.088E+00
    1017      1    159      1    130      1      54     7.1248E+02  1.309E+11  7.321E-04  5.862E+00
    1018      1    159      1    132      1      54     7.0070E+02  2.955E+09  1.000E-30  1.803E+00
    1019      1    159      1    136      1      54     4.1747E+02  5.126E+10  2.678E-03  3.127E+00
    1020      1    159      1    138      1      54     4.0761E+02  2.394E+09  1.000E-30  5.746E-01
    1022      1    159      1    143      1      54     2.2610E+02  1.912E+10  1.036E-02  1.921E+00
    1023      1    159      1    145      1      54     2.1731E+02  1.580E+09  1.000E-30  2.577E-01
    1025      1    159      1    151      1      54     9.4977E+01  5.229E+09  6.574E-02  1.204E+00
    1026      1    159      1    153      1      54     8.6832E+01  6.981E+08  1.000E-30  2.340E-01
    1028      1    159      1    158      1      54     1.2307E+00  1.340E+03  1.245E-02  6.940E-01
    1029      1    160      1    126      1      54     1.2022E+03  3.557E+11  3.428E-04  5.058E+00
    1030      1    160      1    131      1      54     7.1513E+02  1.576E+11  1.240E-03  2.947E+00
    1031      1    160      1    133      1      54     7.0604E+02  6.248E+08  1.000E-30  1.229E+00
    1032      1    160      1    137      1      54     4.2136E+02  6.788E+10  5.120E-03  1.512E+00
    1033      1    160      1    139      1      54     4.1337E+02  9.017E+08  1.000E-30  4.341E-01
    1035      1    160      1    144      1      54     2.3069E+02  2.721E+10  2.130E-02  9.083E-01
    1036      1    160      1    146      1      54     2.2332E+02  8.497E+08  1.000E-30  1.983E-01
    1037      1    160      1    152      1      54     9.9979E+01  7.955E+09  1.464E-01  5.513E-01
    1038      1    160      1    154      1      54     9.2988E+01  5.535E+08  1.000E-30  1.306E-01
    1039      1    160      1    159      1      54     6.4994E+00  1.044E+05  1.069E-02  3.052E-01
    1040      1    161      1    127      1      54     1.1932E+03  2.080E+11  2.616E-04  3.084E+00
    1041      1    161      1    132      1      54     7.0745E+02  1.400E+11  1.448E-03  1.801E+00
    1042      1    161      1    138      1      54     4.1436E+02  7.087E+10  7.356E-03  9.016E-01
    1043      1    161      1    140      1      54     4.1312E+02  1.996E+08  1.000E-30  3.405E-01
    1044      1    161      1    145      1      54     2.2406E+02  2.939E+10  3.343E-02  5.385E-01
    1045      1    161      1    147      1      54     2.2323E+02  3.367E+08  1.000E-30  1.632E-01
    1046      1    161      1    153      1      54     9.3583E+01  7.255E+09  2.403E-01  3.207E-01
    1047      1    161      1    155      1      54     9.3001E+01  3.067E+08  1.000E-30  8.928E-02
    1048      1    161      1    160      1      54     2.5061E-01  2.786E+00  6.636E-03  1.753E-01
    1049      1    162      1    133      1      54     7.0646E+02  8.030E+10  1.003E-03  1.225E+00
    1050      1    162      1    139      1      54     4.1380E+02  6.451E+10  8.130E-03  6.102E-01
    1051      1    162      1    146      1      54     2.2375E+02  3.271E+10  4.621E-02  3.610E-01
    1052      1    162      1    148      1      54     2.2316E+02  8.516E+07  1.000E-30  1.375E-01
    1053      1    162      1    154      1      54     9.3412E+01  8.232E+09  3.772E-01  2.139E-01
    1054      1    162      1    161      1      54     1.7317E-01  5.528E-01  4.761E-03  1.175E-01
    1381      1    165      1    164      1       1     1.0199E+01  3.083E+05  3.935E-03  1.156E-01
    1384      1    167      1    164      1       1     1.0199E+01  6.143E+05  7.870E-03  1.156E-01
    1387      1    169      1    164      1       1     1.2088E+01  1.458E+04  1.157E-03  2.468E-01
    1389      1    169      1    166      1       1     1.8887E+00  3.063E+02  4.662E-04  3.697E-01
    1392      1    168      1    165      1       1     1.8887E+00  9.581E+00  6.957E-06  7.706E-01
    1394      1    168      1    167      1       1     1.8886E+00  1.916E+01  1.391E-05  7.706E-01
    1396      1    170      1    165      1       1     1.8887E+00  4.901E+02  5.425E-04  5.036E-01
    1398      1    170      1    167      1       1     1.8887E+00  9.792E+02  1.084E-03  5.036E-01
    1399      1    172      1    164      1       1     1.2749E+01  1.415E+02  2.448E-04  4.138E-01
    1401      1    172      1    166      1       1     2.5497E+00  4.017E+00  1.221E-05  3.062E+00
    1404      1    172      1    168      1       1     6.6104E-01  3.303E-01  1.000E-30  2.638E+00
    1405      1    172      1    170      1       1     6.6103E-01  3.744E-02  1.000E-30  2.371E+00
    1407      1    171      1    165      1       1     2.5497E+00  1.191E-01  4.946E-07  2.231E+00
    1409      1    171      1    167      1       1     2.5497E+00  2.382E-01  9.891E-07  2.231E+00
    1410      1    171      1    169      1       1     6.6103E-01  6.594E-02  1.000E-30  2.716E+00
    1414      1    173      1    165      1       1     2.5497E+00  4.773E+00  2.551E-05  1.731E+00
    1416      1    173      1    167      1       1     2.5497E+00  9.562E+00  5.111E-05  1.731E+00
    1417      1    173      1    169      1       1     6.6104E-01  1.266E+00  1.000E-30  2.215E+00
    1425      1    174      1    170      1       1     6.6103E-01  3.479E+00  1.000E-30  1.611E+00
    1426      1    176      1    164      1       1     1.3054E+01  3.289E+00  7.265E-05  6.782E-01
    1428      1    176      1    166      1       1     2.8557E+00  1.037E-01  3.512E-06  5.077E+00
    1430      1    176      1    168      1       1     9.6701E-01  1.162E-02  3.376E-08  5.617E+00
    1431      1    176      1    170      1       1     9.6699E-01  1.060E-03  3.464E-09  5.350E+00
    1433      1    176      1    171      1       1     3.0597E-01  1.653E-03  5.473E-09  7.077E+00
    1434      1    176      1    173      1       1     3.0596E-01  4.225E-04  1.509E-09  6.576E+00
    1437      1    175      1    165      1       1     2.8557E+00  2.984E-03  9.672E-08  5.311E+00
    1439      1    175      1    167      1       1     2.8556E+00  5.968E-03  1.934E-07  5.311E+00
    1440      1    175      1    169      1       1     9.6700E-01  2.134E-03  6.240E-09  5.795E+00
    1443      1    175      1    172      1       1     3.0596E-01  4.813E-04  1.575E-09  7.177E+00
    1447      1    177      1    165      1       1     2.8557E+00  1.100E-01  4.180E-06  4.510E+00
    1449      1    177      1    167      1       1     2.8557E+00  2.197E-01  8.348E-06  4.510E+00
    1450      1    177      1    169      1       1     9.6700E-01  4.009E-02  1.354E-07  4.994E+00
    1453      1    177      1    172      1       1     3.0597E-01  5.575E-03  2.045E-08  6.376E+00
    1456      1    177      1    174      1       1     3.0596E-01  1.893E-04  7.904E-10  5.616E+00
    1461      1    178      1    170      1       1     9.6699E-01  7.563E-02  3.214E-07  4.089E+00
    1463      1    178      1    173      1       1     3.0596E-01  1.362E-02  5.976E-08  5.315E+00
    1469      1    179      1    174      1       1     3.0596E-01  2.902E-02  1.685E-07  4.006E+00
    1470      1    181      1    164      1       1     1.3221E+01  1.421E-01  2.937E-05  9.464E-01
    1472      1    181      1    166      1       1     3.0219E+00  4.698E-03  9.393E-07  1.055E+01
    1473      1    181      1    168      1       1     1.1332E+00  5.889E-04  1.520E-08  1.109E+01
    1474      1    181      1    170      1       1     1.1332E+00  4.827E-05  1.320E-09  1.083E+01
    1476      1    181      1    171      1       1     4.7217E-01  1.145E-04  1.209E-09  1.255E+01
    1477      1    181      1    173      1       1     4.7216E-01  2.421E-05  2.666E-10  1.205E+01
    1480      1    181      1    175      1       1     1.6620E-01  2.202E-05  6.774E-11  1.563E+01
    1481      1    181      1    177      1       1     1.6620E-01  8.675E-06  2.826E-11  1.483E+01
    1484      1    180      1    165      1       1     3.0219E+00  1.341E-04  2.602E-08  1.091E+01
    1486      1    180      1    167      1       1     3.0218E+00  2.677E-04  5.195E-08  1.091E+01
    1487      1    180      1    169      1       1     1.1332E+00  1.038E-04  2.662E-09  1.139E+01
    1488      1    180      1    172      1       1     4.7217E-01  3.049E-05  3.174E-10  1.278E+01
    1491      1    180      1    176      1       1     1.6620E-01  8.064E-06  2.474E-11  1.575E+01
    1495      1    182      1    165      1       1     3.0219E+00  4.722E-03  1.017E-06  9.741E+00
    1497      1    182      1    167      1       1     3.0219E+00  9.470E-03  2.039E-06  9.741E+00
    1498      1    182      1    169      1       1     1.1332E+00  1.941E-03  5.494E-08  1.023E+01
    1499      1    182      1    172      1       1     4.7217E-01  3.717E-04  4.221E-09  1.161E+01
    1502      1    182      1    174      1       1     4.7216E-01  9.238E-06  1.125E-10  1.085E+01
    1503      1    182      1    176      1       1     1.6620E-01  6.816E-05  2.238E-10  1.459E+01
    1506      1    182      1    178      1       1     1.6620E-01  5.926E-06  2.144E-11  1.332E+01
    1509      1    183      1    170      1       1     1.1332E+00  3.131E-03  1.021E-07  8.954E+00
    1511      1    183      1    173      1       1     4.7216E-01  7.816E-04  1.005E-08  1.018E+01
    1513      1    183      1    177      1       1     1.6620E-01  1.549E-04  5.692E-10  1.296E+01
    1514      1    183      1    179      1       1     1.6620E-01  2.435E-06  1.030E-11  1.135E+01
    1517      1    184      1    174      1       1     4.7216E-01  1.082E-03  1.676E-08  8.381E+00
    1519      1    184      1    178      1       1     1.6620E-01  3.083E-04  1.344E-09  1.086E+01
    1521      1    185      1    179      1       1     1.6620E-01  5.654E-04  3.152E-09  8.445E+00
    1523      1    186      1    165      1       1     3.1221E+00  8.811E-06  8.576E-09  2.013E+01
    1524      1    186      1    167      1       1     3.1221E+00  1.762E-05  1.715E-08  2.013E+01
    1525      1    186      1    169      1       1     1.2334E+00  7.133E-06  9.959E-10  2.061E+01
    1526      1    186      1    172      1       1     5.7238E-01  2.296E-06  9.185E-11  2.200E+01
    1527      1    186      1    176      1       1     2.6642E-01  7.962E-07  5.783E-12  2.497E+01
    1530      1    186      1    181      1       1     1.0021E-01  2.339E-07  7.137E-13  3.045E+01
    1533      1    187      1    164      1       1     1.3321E+01  9.172E-03  1.333E-05  1.288E+00
    1534      1    187      1    166      1       1     3.1221E+00  3.118E-04  3.094E-07  1.963E+01
    1535      1    187      1    168      1       1     1.2334E+00  4.148E-05  5.807E-09  2.017E+01
    1536      1    187      1    170      1       1     1.2334E+00  3.186E-06  4.641E-10  1.990E+01
    1537      1    187      1    171      1       1     5.7238E-01  9.017E-06  3.643E-10  2.163E+01
    1538      1    187      1    173      1       1     5.7238E-01  1.717E-06  7.116E-11  2.113E+01
    1540      1    187      1    175      1       1     2.6642E-01  2.365E-06  1.723E-11  2.471E+01
    1541      1    187      1    177      1       1     2.6642E-01  7.856E-07  5.943E-12  2.391E+01
    1544      1    187      1    180      1       1     1.0022E-01  5.465E-07  1.660E-12  3.030E+01
    1545      1    187      1    182      1       1     1.0021E-01  2.850E-07  9.088E-13  2.914E+01
    1548      1    188      1    165      1       1     3.1221E+00  3.054E-04  3.175E-07  1.853E+01
    1549      1    188      1    167      1       1     3.1221E+00  6.108E-04  6.350E-07  1.853E+01
    1550      1    188      1    169      1       1     1.2334E+00  1.332E-04  1.982E-08  1.901E+01
    1551      1    188      1    172      1       1     5.7238E-01  2.869E-05  1.216E-09  2.039E+01
    1552      1    188      1    174      1       1     5.7238E-01  6.040E-07  2.667E-11  1.963E+01
    1553      1    188      1    176      1       1     2.6642E-01  7.267E-06  5.543E-11  2.337E+01
    1556      1    188      1    178      1       1     2.6642E-01  4.784E-07  3.884E-12  2.211E+01
    1558      1    188      1    181      1       1     1.0022E-01  1.604E-06  5.076E-12  2.885E+01
    1561      1    188      1    183      1       1     1.0021E-01  2.374E-07  8.152E-13  2.697E+01
    1564      1    189      1    170      1       1     1.2334E+00  1.988E-04  3.240E-08  1.731E+01
    1565      1    189      1    173      1       1     5.7238E-01  5.612E-05  2.580E-09  1.853E+01
    1567      1    189      1    177      1       1     2.6642E-01  1.544E-05  1.275E-10  2.131E+01
    1570      1    189      1    182      1       1     1.0021E-01  3.472E-06  1.183E-11  2.654E+01
    1573      1    190      1    174      1       1     5.7238E-01  6.466E-05  3.351E-09  1.615E+01
    1575      1    190      1    178      1       1     2.6642E-01  2.561E-05  2.382E-10  1.863E+01
    1577      1    190      1    183      1       1     1.0021E-01  6.607E-06  2.515E-11  2.350E+01
    1580      1    191      1    179      1       1     2.6642E-01  2.965E-05  3.262E-10  1.550E+01
    1581      1    191      1    184      1       1     1.0021E-01  1.164E-05  5.183E-11  1.987E+01
    1583      1    192      1    185      1       1     1.0021E-01  1.960E-05  1.081E-10  1.586E+01
    1585      1    193      1    165      1       1     3.1872E+00  7.451E-07  3.223E-09  3.427E+01
    1586      1    193      1    167      1       1     3.1871E+00  1.490E-06  6.446E-09  3.427E+01
    1587      1    193      1    169      1       1     1.2985E+00  6.157E-07  3.518E-10  3.476E+01
    1588      1    193      1    172      1       1     6.3742E-01  2.075E-07  2.943E-11  3.614E+01
    1596      1    194      1    164      1       1     1.3386E+01  7.675E-04  3.342E-07  3.349E+01
    1597      1    194      1    166      1       1     3.1871E+00  2.662E-05  1.163E-07  3.360E+01
    1598      1    194      1    168      1       1     1.2985E+00  3.635E-06  2.066E-09  3.414E+01
    1599      1    194      1    170      1       1     1.2985E+00  2.699E-07  1.586E-10  3.388E+01
    1600      1    194      1    171      1       1     6.3743E-01  8.418E-07  1.199E-10  3.560E+01
    1602      1    194      1    175      1       1     3.3146E-01  2.466E-07  4.778E-12  3.868E+01
    1613      1    195      1    165      1       1     3.1872E+00  2.574E-05  1.152E-07  3.217E+01
    1614      1    195      1    167      1       1     3.1871E+00  5.148E-05  2.304E-07  3.217E+01
    1615      1    195      1    169      1       1     1.2985E+00  1.159E-05  6.844E-09  3.265E+01
    1616      1    195      1    172      1       1     6.3742E-01  2.654E-06  3.883E-10  3.403E+01
    1618      1    195      1    176      1       1     3.3146E-01  7.566E-07  1.505E-11  3.701E+01
    1620      1    195      1    181      1       1     1.6526E-01  2.306E-07  8.789E-13  4.249E+01
    1631      1    196      1    170      1       1     1.2985E+00  1.662E-05  1.038E-08  3.045E+01
    1632      1    196      1    173      1       1     6.3742E-01  4.998E-06  7.653E-10  3.167E+01
    1633      1    196      1    177      1       1     3.3146E-01  1.552E-06  3.235E-11  3.445E+01
    1636      1    196      1    182      1       1     1.6526E-01  4.841E-07  1.933E-12  3.968E+01
    1642      1    197      1    174      1       1     6.3742E-01  5.242E-06  8.594E-10  2.863E+01
    1643      1    197      1    178      1       1     3.3146E-01  2.347E-06  5.260E-11  3.111E+01
    1645      1    197      1    183      1       1     1.6526E-01  8.445E-07  3.627E-12  3.597E+01
    1648      1    197      1    189      1       1     6.5043E-02  2.249E-07  1.000E-30  4.432E+01
    1651      1    198      1    179      1       1     3.3146E-01  2.226E-06  5.524E-11  2.713E+01
    1652      1    198      1    184      1       1     1.6526E-01  1.225E-06  5.835E-12  3.151E+01
    1653      1    198      1    190      1       1     6.5043E-02  3.903E-07  1.000E-30  3.928E+01
    1656      1    199      1    185      1       1     1.6526E-01  1.272E-06  6.986E-12  2.650E+01
    1657      1    199      1    191      1       1     6.5043E-02  6.431E-07  1.881E-24  3.355E+01
    1659      1    200      1    192      1       1     6.5043E-02  1.028E-06  1.000E-30  2.737E+01
    1673      1    202      1    164      1       1     1.3431E+01  7.165E-05  1.444E-07  5.387E+01
    1674      1    202      1    166      1       1     3.2317E+00  2.520E-06  4.942E-08  5.398E+01
    1675      1    202      1    168      1       1     1.3431E+00  3.534E-07  8.545E-10  5.452E+01
    1692      1    203      1    165      1       1     3.2317E+00  2.432E-06  4.785E-08  5.217E+01
    1693      1    203      1    167      1       1     3.2317E+00  4.864E-06  9.569E-08  5.217E+01
    1694      1    203      1    169      1       1     1.3431E+00  1.117E-06  2.747E-09  5.265E+01
    1695      1    203      1    172      1       1     6.8202E-01  2.654E-07  1.484E-10  5.403E+01
    1710      1    204      1    170      1       1     1.3430E+00  1.579E-06  3.971E-09  4.988E+01
    1711      1    204      1    173      1       1     6.8202E-01  4.923E-07  2.786E-10  5.111E+01
    1723      1    205      1    174      1       1     6.8201E-01  4.951E-07  2.866E-10  4.730E+01
    1724      1    205      1    178      1       1     3.7605E-01  2.359E-07  1.616E-11  4.978E+01
    1734      1    206      1    179      1       1     3.7605E-01  2.020E-07  1.445E-11  4.486E+01
    1775      1    211      1    164      1       1     1.3469E+01  6.540E-06  6.878E-08  8.235E+01
    1776      1    211      1    166      1       1     3.2697E+00  2.319E-07  2.313E-08  8.246E+01
    1796      1    212      1    165      1       1     3.2697E+00  2.255E-07  2.205E-08  8.023E+01
    1797      1    212      1    167      1       1     3.2697E+00  4.510E-07  4.410E-08  8.023E+01
