#  File format type:   4
#
#  SPECT3D transition powers file.
#  RUN NAME:  xe_20-200ev_1e18-1e21_4mm
#  Total number of transitions   =     1890
#  Number of written transitions =      671
#  Plasma temperature (eV)       =     1.6000E+02
#  Mass density (g/cm3)          =     4.4865E-03
#  Cell areal density (g/cm2)    =     1.7946E-03
#  Material mass fractions       =     1.0000E+00
#  DCA material number fractions =     1.3000E-02    9.8700E-01
# -----------------------------------------------------
#
#
#   Trans.  Trans  Upper  Upper  Lower  Lower   Ioniz   Energy     Line Power Line Center Line Width
#   Index   Model  Level  Model  Level  Model   Stage   (eV)       (W/cm2)    Opt. Depth      eV
# --------------------------------------------------------------------------------------------------
       1      1      3      1      2      1      52     1.1982E+02  1.736E+09  4.221E-08  1.102E-02
       2      1      4      1      2      1      52     4.9234E+02  1.146E+11  2.862E+00  4.289E-02
       4      1      6      1      5      1      52     1.0651E+02  6.578E+09  4.115E-03  7.872E+01
       6      1      7      1      6      1      52     6.8034E+01  8.654E+08  5.737E-04  9.467E+01
       7      1      9      1      8      1      52     3.8672E+01  3.772E+08  1.372E-02  2.873E+01
       9      1     10      1      9      1      52     3.4641E+01  2.469E+08  3.755E-03  3.135E+01
      11      1     11      1     10      1      52     9.4480E+00  8.604E+05  1.419E-03  8.535E+00
      13      1     12      1      9      1      52     8.3242E+02  1.426E+13  1.000E-30  4.477E+01
      14      1     13      1      8      1      52     8.9349E+02  1.080E+13  3.452E-02  2.728E+01
      16      1     13      1     10      1      52     8.2018E+02  3.772E+12  1.000E-30  1.548E+01
      17      1     13      1     12      1      52     2.2396E+01  1.040E+08  3.474E-02  1.658E+01
      19      1     14      1      9      1      52     8.6975E+02  2.354E+13  1.936E-02  3.753E+01
      21      1     14      1     11      1      52     8.2566E+02  8.999E+11  1.000E-30  2.958E+00
      23      1     14      1     13      1      52     1.4925E+01  2.299E+07  6.819E-03  2.024E+01
      25      1     15      1     10      1      52     8.3968E+02  3.752E+13  6.373E-02  1.286E+01
      28      1     15      1     14      1      52     4.5752E+00  1.691E+05  4.776E-03  4.404E+00
      30      1     16      1     11      1      52     8.3260E+02  5.434E+13  1.655E-01  5.913E+00
      32      1     16      1     15      1      52     2.3647E+00  7.063E+03  2.571E-03  1.764E+00
      34      1     17      1      9      1      52     1.3019E+03  1.196E+13  1.000E-30  4.470E+01
      36      1     17      1     13      1      52     4.4709E+02  3.032E+12  1.000E-30  2.766E+01
      38      1     18      1      8      1      52     1.3534E+03  1.047E+13  1.608E-02  1.593E+01
      40      1     18      1     10      1      52     1.2800E+03  2.922E+12  1.000E-30  8.620E+00
      41      1     18      1     12      1      52     4.8226E+02  1.789E+12  6.539E-02  1.581E+01
      43      1     18      1     14      1      52     4.4493E+02  1.012E+12  1.000E-30  9.529E+00
      45      1     18      1     17      1      52     1.2770E+01  2.209E+07  7.349E-02  9.449E+00
      47      1     19      1      9      1      52     1.3234E+03  2.164E+13  4.578E-03  4.047E+01
      49      1     19      1     11      1      52     1.2793E+03  5.948E+11  1.000E-30  4.081E+00
      51      1     19      1     13      1      52     4.6860E+02  3.623E+12  3.101E-02  2.343E+01
      53      1     19      1     15      1      52     4.4910E+02  3.698E+11  1.000E-30  1.816E+00
      56      1     19      1     18      1      52     8.7378E+00  5.905E+06  1.521E-02  1.176E+01
      58      1     20      1     10      1      52     1.2912E+03  3.083E+13  1.190E-02  1.451E+01
      61      1     20      1     14      1      52     4.5609E+02  5.279E+12  1.208E-01  6.382E+00
      63      1     20      1     16      1      52     4.4915E+02  1.041E+11  1.000E-30  7.443E-01
      65      1     20      1     19      1      52     2.4178E+00  3.186E+04  1.050E-02  2.584E+00
      67      1     21      1     11      1      52     1.2829E+03  3.207E+13  1.902E-02  6.948E+00
      69      1     21      1     15      1      52     4.5271E+02  6.801E+12  2.945E-01  2.927E+00
      72      1     21      1     20      1      52     1.2002E+00  1.549E+03  7.163E-03  1.067E+00
      75      1     22      1     16      1      52     4.5135E+02  8.019E+12  5.970E-01  1.672E+00
      77      1     22      1     21      1      52     1.0028E+00  4.097E+02  4.780E-03  5.623E-01
      79      1     23      1     13      1      52     7.2854E+02  2.907E+12  1.000E-30  2.766E+01
      81      1     23      1     18      1      52     2.6868E+02  8.516E+11  1.000E-30  1.604E+01
      83      1     24      1     12      1      52     7.5883E+02  2.016E+12  2.837E-02  1.004E+01
      85      1     24      1     14      1      52     7.2151E+02  9.023E+11  1.000E-30  5.146E+00
      86      1     24      1     17      1      52     2.8935E+02  4.003E+11  1.133E-01  1.002E+01
      88      1     24      1     19      1      52     2.6784E+02  3.185E+11  1.000E-30  6.307E+00
      90      1     24      1     23      1      52     7.9016E+00  5.632E+06  1.355E-01  5.935E+00
      92      1     25      1     13      1      52     7.4204E+02  3.924E+12  7.686E-03  2.496E+01
      94      1     25      1     15      1      52     7.2254E+02  2.916E+11  1.000E-30  1.820E+00
      96      1     25      1     18      1      52     2.8218E+02  7.888E+11  5.586E-02  1.341E+01
      98      1     25      1     20      1      52     2.7102E+02  1.428E+11  1.000E-30  1.292E+00
     101      1     25      1     24      1      52     5.5989E+00  1.859E+06  2.924E-02  7.463E+00
     103      1     26      1     14      1      52     7.2843E+02  5.730E+12  2.505E-02  7.273E+00
     105      1     26      1     16      1      52     7.2149E+02  6.853E+10  1.000E-30  1.255E+00
     107      1     26      1     19      1      52     2.7476E+02  1.032E+12  2.063E-01  3.660E+00
     109      1     26      1     21      1      52     2.7114E+02  6.081E+10  1.000E-30  5.230E-01
     112      1     26      1     25      1      52     1.3194E+00  6.144E+03  1.871E-02  1.733E+00
     114      1     27      1     15      1      52     7.2446E+02  6.966E+12  4.763E-02  3.481E+00
     117      1     27      1     20      1      52     2.7295E+02  1.203E+12  4.664E-01  1.704E+00
     119      1     27      1     22      1      52     2.7075E+02  1.797E+10  1.000E-30  3.181E-01
     121      1     27      1     26      1      52     6.0740E-01  2.691E+02  1.358E-02  7.616E-01
     123      1     28      1     16      1      52     7.2273E+02  6.355E+12  5.810E-02  2.067E+00
     125      1     28      1     21      1      52     2.7238E+02  1.305E+12  8.902E-01  9.934E-01
     128      1     28      1     27      1      52     6.3240E-01  1.900E+02  1.153E-02  4.315E-01
     129      1     29      1     13      1      52     9.1039E+02  2.312E+12  1.000E-30  2.766E+01
     131      1     29      1     18      1      52     4.5053E+02  8.852E+11  1.000E-30  1.605E+01
     134      1     29      1     24      1      52     1.7396E+02  2.819E+11  1.000E-30  1.023E+01
     136      1     30      1     12      1      52     9.3797E+02  1.719E+12  1.854E-02  6.841E+00
     137      1     30      1     14      1      52     9.0065E+02  6.858E+11  1.000E-30  4.577E+00
     138      1     30      1     17      1      52     4.6848E+02  5.064E+11  4.560E-02  6.823E+00
     140      1     30      1     19      1      52     4.4698E+02  3.135E+11  1.000E-30  3.642E+00
     142      1     30      1     23      1      52     1.8704E+02  1.095E+11  1.811E-01  6.833E+00
     144      1     30      1     25      1      52     1.7354E+02  1.140E+11  1.000E-30  4.465E+00
     146      1     30      1     29      1      52     5.1810E+00  1.634E+06  2.246E-01  4.029E+00
     147      1     31      1     13      1      52     9.1941E+02  3.298E+12  3.252E-03  2.587E+01
     148      1     31      1     15      1      52     8.9991E+02  2.070E+11  1.000E-30  2.595E+00
     150      1     31      1     18      1      52     4.5956E+02  9.680E+11  1.405E-02  1.432E+01
     152      1     31      1     20      1      52     4.4840E+02  1.272E+11  1.000E-30  1.062E+00
     155      1     31      1     24      1      52     1.8298E+02  2.138E+11  9.246E-02  8.431E+00
     157      1     31      1     26      1      52     1.7606E+02  5.828E+10  1.000E-30  1.035E+00
     160      1     31      1     30      1      52     3.8407E+00  6.960E+05  5.022E-02  5.179E+00
     161      1     32      1     14      1      52     9.0519E+02  4.634E+12  9.643E-03  7.789E+00
     162      1     32      1     16      1      52     8.9825E+02  4.422E+10  1.000E-30  1.772E+00
     164      1     32      1     19      1      52     4.5152E+02  1.370E+12  4.488E-02  4.183E+00
     166      1     32      1     21      1      52     4.4790E+02  4.739E+10  1.000E-30  7.361E-01
     169      1     32      1     25      1      52     1.7808E+02  2.545E+11  3.164E-01  2.378E+00
     171      1     32      1     27      1      52     1.7615E+02  2.992E+10  1.000E-30  4.760E-01
     174      1     32      1     31      1      52     7.0280E-01  1.061E+03  2.842E-02  1.323E+00
     175      1     33      1     15      1      52     9.0089E+02  5.170E+12  1.595E-02  3.841E+00
     177      1     33      1     20      1      52     4.4938E+02  1.701E+12  8.658E-02  2.051E+00
     179      1     33      1     22      1      52     4.4717E+02  1.162E+10  1.000E-30  5.756E-01
     181      1     33      1     26      1      52     1.7704E+02  2.783E+11  6.684E-01  1.159E+00
     183      1     33      1     28      1      52     1.7580E+02  1.333E+10  1.000E-30  3.121E-01
     185      1     33      1     32      1      52     2.7490E-01  3.182E+01  1.959E-02  6.594E-01
     186      1     34      1     16      1      52     8.9895E+02  3.823E+12  1.525E-02  2.320E+00
     188      1     34      1     21      1      52     4.4860E+02  1.844E+12  1.270E-01  1.247E+00
     191      1     34      1     27      1      52     1.7685E+02  2.865E+11  1.159E+00  7.075E-01
     194      1     34      1     33      1      52     4.2420E-01  8.183E+01  1.588E-02  4.256E-01
     195      1     35      1     13      1      52     1.0346E+03  1.783E+12  1.000E-30  2.776E+01
     196      1     35      1     18      1      52     5.7478E+02  7.516E+11  1.000E-30  1.614E+01
     198      1     35      1     24      1      52     2.9820E+02  3.158E+11  1.000E-30  1.026E+01
     201      1     35      1     30      1      52     1.1906E+02  1.078E+11  1.000E-30  7.030E+00
     203      1     36      1     12      1      52     1.0606E+03  1.382E+12  1.407E-02  4.980E+00
     204      1     36      1     14      1      52     1.0233E+03  5.148E+11  1.000E-30  5.394E+00
     205      1     36      1     17      1      52     5.9109E+02  4.672E+11  2.809E-02  4.961E+00
     206      1     36      1     19      1      52     5.6958E+02  2.561E+11  1.000E-30  2.813E+00
     207      1     36      1     23      1      52     3.0964E+02  1.550E+11  6.826E-02  4.966E+00
     209      1     36      1     25      1      52     2.9614E+02  1.219E+11  1.000E-30  2.827E+00
     211      1     36      1     29      1      52     1.2779E+02  3.480E+10  2.681E-01  4.987E+00
     213      1     36      1     31      1      52     1.1877E+02  4.582E+10  1.000E-30  3.393E+00
     215      1     36      1     35      1      52     3.5433E+00  5.239E+05  3.328E-01  3.008E+00
     216      1     37      1     13      1      52     1.0410E+03  2.622E+12  1.736E-03  2.647E+01
     217      1     37      1     15      1      52     1.0215E+03  1.487E+11  1.000E-30  3.206E+00
     218      1     37      1     18      1      52     5.8110E+02  8.761E+11  5.958E-03  1.492E+01
     219      1     37      1     20      1      52     5.6995E+02  9.800E+10  1.000E-30  1.481E+00
     221      1     37      1     24      1      52     3.0452E+02  2.908E+11  2.325E-02  9.035E+00
     223      1     37      1     26      1      52     2.9760E+02  5.687E+10  1.000E-30  8.259E-01
     226      1     37      1     30      1      52     1.2539E+02  6.819E+10  1.402E-01  5.809E+00
     228      1     37      1     32      1      52     1.2084E+02  2.556E+10  1.000E-30  9.481E-01
     231      1     37      1     36      1      52     2.7803E+00  2.996E+05  7.894E-02  3.882E+00
     232      1     38      1     14      1      52     1.0264E+03  3.579E+12  4.838E-03  8.135E+00
     233      1     38      1     16      1      52     1.0194E+03  2.975E+10  1.000E-30  2.144E+00
     234      1     38      1     19      1      52     5.7269E+02  1.234E+12  1.749E-02  4.555E+00
     235      1     38      1     21      1      52     5.6908E+02  3.363E+10  1.000E-30  1.077E+00
     237      1     38      1     25      1      52     2.9925E+02  3.977E+11  6.982E-02  2.743E+00
     239      1     38      1     27      1      52     2.9733E+02  2.630E+10  1.000E-30  5.811E-01
     242      1     38      1     31      1      52     1.2188E+02  7.558E+10  4.322E-01  1.765E+00
     244      1     38      1     33      1      52     1.2090E+02  1.466E+10  1.000E-30  5.318E-01
     247      1     38      1     37      1      52     3.3030E-01  1.268E+02  3.676E-02  1.170E+00
     248      1     39      1     15      1      52     1.0219E+03  3.742E+12  7.294E-03  4.100E+00
     249      1     39      1     20      1      52     5.7035E+02  1.484E+12  3.028E-02  2.310E+00
     250      1     39      1     22      1      52     5.6815E+02  7.381E+09  1.000E-30  8.284E-01
     252      1     39      1     26      1      52     2.9801E+02  4.873E+11  1.296E-01  1.412E+00
     254      1     39      1     28      1      52     2.9677E+02  1.017E+10  1.000E-30  4.829E-01
     256      1     39      1     32      1      52     1.2125E+02  8.211E+10  7.857E-01  9.487E-01
     258      1     39      1     34      1      52     1.2055E+02  7.834E+09  1.000E-30  3.932E-01
     260      1     39      1     38      1      52     7.3900E-02  7.389E-01  2.271E-02  6.257E-01
     261      1     40      1     16      1      52     1.0198E+03  2.441E+12  6.015E-03  2.524E+00
     262      1     40      1     21      1      52     5.6945E+02  1.470E+12  3.819E-02  1.445E+00
     264      1     40      1     27      1      52     2.9770E+02  5.521E+11  1.888E-01  9.058E-01
     267      1     40      1     33      1      52     1.2127E+02  1.127E+11  1.188E+00  6.399E-01
     270      1     40      1     39      1      52     2.9800E-01  3.619E+01  1.536E-02  5.121E-01
     271      1     41      1     13      1      52     1.1233E+03  1.376E+12  1.000E-30  2.788E+01
     272      1     41      1     18      1      52     6.6340E+02  6.099E+11  1.000E-30  1.626E+01
     273      1     41      1     24      1      52     3.8682E+02  2.811E+11  1.000E-30  1.038E+01
     275      1     41      1     30      1      52     2.0768E+02  1.263E+11  1.000E-30  7.153E+00
     278      1     41      1     36      1      52     8.5076E+01  4.547E+10  1.000E-30  5.245E+00
     280      1     42      1     12      1      52     1.1482E+03  1.095E+12  1.128E-02  3.840E+00
     281      1     42      1     14      1      52     1.1108E+03  3.901E+11  1.000E-30  6.292E+00
     282      1     42      1     17      1      52     6.7867E+02  3.973E+11  2.013E-02  3.822E+00
     283      1     42      1     19      1      52     6.5716E+02  2.024E+11  1.000E-30  3.057E+00
     284      1     42      1     23      1      52     3.9722E+02  1.523E+11  3.973E-02  3.833E+00
     285      1     42      1     25      1      52     3.8372E+02  1.054E+11  1.000E-30  2.150E+00
     286      1     42      1     29      1      52     2.1536E+02  5.469E+10  9.504E-02  3.867E+00
     288      1     42      1     31      1      52     2.0634E+02  5.195E+10  1.000E-30  2.382E+00
     290      1     42      1     35      1      52     9.1119E+01  1.252E+10  3.686E-01  3.926E+00
     292      1     42      1     37      1      52     8.4795E+01  2.017E+10  1.000E-30  2.800E+00
     294      1     42      1     41      1      52     2.4992E+00  1.869E+05  4.242E-01  2.553E+00
     295      1     43      1     13      1      52     1.1279E+03  2.059E+12  1.050E-03  2.698E+01
     296      1     43      1     15      1      52     1.1084E+03  1.093E+11  1.000E-30  3.681E+00
     297      1     43      1     18      1      52     6.6800E+02  7.373E+11  3.184E-03  1.536E+01
     298      1     43      1     20      1      52     6.5684E+02  7.434E+10  1.000E-30  1.910E+00
     299      1     43      1     24      1      52     3.9142E+02  2.800E+11  9.847E-03  9.478E+00
     300      1     43      1     26      1      52     3.8450E+02  4.668E+10  1.000E-30  1.075E+00
     302      1     43      1     30      1      52     2.1228E+02  1.012E+11  3.500E-02  6.238E+00
     304      1     43      1     32      1      52     2.0774E+02  2.672E+10  1.000E-30  8.286E-01
     307      1     43      1     36      1      52     8.9678E+01  2.465E+10  1.966E-01  4.343E+00
     309      1     43      1     38      1      52     8.6568E+01  1.198E+10  1.000E-30  9.932E-01
     312      1     43      1     42      1      52     2.1031E+00  1.445E+05  1.113E-01  3.176E+00
     313      1     44      1     15      1      52     1.1084E+03  2.772E+12  3.960E-03  4.331E+00
     314      1     44      1     20      1      52     6.5688E+02  1.188E+12  1.419E-02  2.535E+00
     315      1     44      1     22      1      52     6.5468E+02  4.943E+09  1.000E-30  1.054E+00
     316      1     44      1     26      1      52     3.8454E+02  4.784E+11  4.581E-02  1.643E+00
     317      1     44      1     28      1      52     3.8330E+02  7.166E+09  1.000E-30  7.016E-01
     319      1     44      1     32      1      52     2.0778E+02  1.638E+11  1.553E-01  1.175E+00
     321      1     44      1     34      1      52     2.0708E+02  6.751E+09  1.000E-30  5.420E-01
     323      1     44      1     38      1      52     8.6605E+01  3.582E+10  7.540E-01  9.385E-01
     325      1     44      1     40      1      52     8.6233E+01  4.397E+09  1.000E-30  5.500E-01
     327      1     45      1     14      1      52     1.1130E+03  2.755E+12  2.800E-03  8.447E+00
     328      1     45      1     16      1      52     1.1061E+03  2.083E+10  1.000E-30  2.449E+00
     329      1     45      1     19      1      52     6.5935E+02  1.024E+12  8.777E-03  4.854E+00
     330      1     45      1     21      1      52     6.5574E+02  2.432E+10  1.000E-30  1.376E+00
     331      1     45      1     25      1      52     3.8591E+02  3.896E+11  2.733E-02  3.042E+00
     332      1     45      1     27      1      52     3.8399E+02  2.018E+10  1.000E-30  8.462E-01
     334      1     45      1     31      1      52     2.0854E+02  1.336E+11  9.553E-02  2.058E+00
     336      1     45      1     33      1      52     2.0756E+02  1.415E+10  1.000E-30  6.207E-01
     339      1     45      1     37      1      52     8.6990E+01  2.669E+10  5.045E-01  1.520E+00
     341      1     45      1     39      1      52     8.6586E+01  7.422E+09  1.000E-30  6.704E-01
     344      1     45      1     43      1      52     9.2200E-02  3.166E+00  4.439E-02  1.000E+00
     345      1     45      1     44      1      52     5.4600E-02  4.571E-01  1.000E-30  7.065E-01
     346      1     46      1     16      1      52     1.1062E+03  1.653E+12  2.951E-03  2.713E+00
     347      1     46      1     21      1      52     6.5590E+02  1.093E+12  1.580E-02  1.633E+00
     348      1     46      1     27      1      52     3.8415E+02  5.262E+11  5.931E-02  1.096E+00
     350      1     46      1     33      1      52     2.0772E+02  2.061E+11  2.068E-01  8.255E-01
     353      1     46      1     39      1      52     8.6749E+01  4.353E+10  9.619E-01  7.098E-01
     355      1     46      1     44      1      52     2.1720E-01  1.690E+01  1.262E-02  6.863E-01
     357      1     48      1     47      1      52     3.1750E+02  5.072E+10  2.815E-03  1.840E+02
     358      1     49      1     48      1      52     3.6284E+02  2.758E+11  1.548E-04  2.763E+02
     359      1     51      1     50      1      52     7.7750E-01  7.224E+02  1.318E-03  1.384E+02
     360      1     52      1     51      1      52     6.6689E+02  4.282E+12  1.000E-30  4.204E+02
     361      1     54      1     53      1      52     3.0082E+01  2.564E+08  1.000E-30  1.846E+02
     362      1     55      1     53      1      52     1.0120E+02  5.267E+09  3.742E-03  8.075E+01
     363      1     56      1     54      1      52     1.0442E+02  5.909E+09  4.153E-03  7.434E+01
     364      1     56      1     55      1      52     3.3297E+01  3.453E+08  1.000E-30  1.922E+02
     365      1     57      1     55      1      52     9.2670E+01  2.952E+09  6.613E-04  1.109E+02
     367      1     58      1     56      1      52     9.3608E+01  3.059E+09  6.929E-04  1.064E+02
     368      1     58      1     57      1      52     3.4235E+01  3.748E+08  1.000E-30  1.948E+02
     369      1     61      1     60      1      53     7.7081E+01  2.051E+08  1.041E-08  7.362E-03
     370      1     62      1     60      1      53     8.3045E+01  3.086E+08  1.000E-30  7.868E-03
     373      1     63      1     61      1      53     8.0094E+00  5.349E+02  1.000E-30  1.499E-03
     375      1     64      1     60      1      53     4.6515E+02  1.183E+11  1.843E+00  4.051E-02
     378      1     65      1     60      1      53     5.0090E+02  1.449E+11  4.533E-09  4.352E-02
     380      1     65      1     63      1      53     4.1581E+02  3.219E+10  3.989E+00  3.631E-02
     381      1     67      1     66      1      53     9.2071E+01  3.532E+09  4.701E-03  5.730E+01
     383      1     68      1     67      1      53     2.1266E+02  4.645E+10  8.961E-04  3.996E+01
     385      1     69      1     67      1      53     2.3259E+02  3.583E+10  1.000E-30  2.162E+01
     386      1     71      1     70      1      53     1.8245E+01  2.297E+07  1.792E-02  1.283E+01
     388      1     72      1     71      1      53     7.1086E+01  4.164E+09  6.767E-03  3.417E+01
     390      1     73      1     72      1      53     1.1156E+02  1.585E+10  1.369E-02  1.008E+01
     392      1     74      1     71      1      53     8.8734E+02  1.696E+13  1.000E-30  4.810E+01
     393      1     75      1     70      1      53     9.0769E+02  1.159E+13  3.243E-02  2.965E+01
     395      1     75      1     72      1      53     8.1835E+02  3.545E+12  1.000E-30  1.676E+01
     396      1     75      1     74      1      53     2.1014E+00  4.542E+04  6.649E-02  4.777E+00
     398      1     76      1     71      1      53     9.4411E+02  3.182E+13  1.892E-02  4.055E+01
     400      1     76      1     73      1      53     7.6146E+02  6.264E+11  1.000E-30  3.191E+00
     402      1     76      1     75      1      53     5.4666E+01  3.797E+09  2.080E-02  2.274E+01
     404      1     77      1     72      1      53     9.7713E+02  6.597E+13  6.598E-02  1.390E+01
     407      1     77      1     76      1      53     1.0411E+02  3.880E+10  8.766E-02  5.227E+00
     409      1     78      1     73      1      53     1.0763E+03  1.427E+14  1.899E-01  6.424E+00
     411      1     78      1     77      1      53     2.1071E+02  2.679E+11  1.343E-01  2.144E+00
     412      1     79      1     70      1      53     1.3871E+03  1.150E+13  1.449E-02  1.798E+01
     414      1     79      1     72      1      53     1.2978E+03  2.933E+12  1.000E-30  9.388E+00
     415      1     79      1     74      1      53     4.8154E+02  1.803E+12  6.087E-02  1.709E+01
     417      1     79      1     76      1      53     4.2478E+02  7.974E+11  1.000E-30  1.030E+01
     420      1     80      1     71      1      53     1.3753E+03  1.384E+13  1.000E-30  4.810E+01
     422      1     80      1     75      1      53     4.8588E+02  3.930E+12  1.000E-30  2.971E+01
     424      1     80      1     79      1      53     6.4349E+00  5.070E+06  1.000E-30  1.656E+01
     426      1     81      1     71      1      53     1.4208E+03  2.774E+13  4.385E-03  4.375E+01
     428      1     81      1     73      1      53     1.2382E+03  5.038E+11  1.000E-30  4.385E+00
     430      1     81      1     75      1      53     5.3137E+02  5.821E+12  3.169E-02  2.530E+01
     432      1     81      1     77      1      53     3.7259E+02  1.694E+11  1.000E-30  1.963E+00
     434      1     81      1     79      1      53     5.1923E+01  6.310E+09  7.523E-02  1.310E+01
     438      1     82      1     76      1      53     5.7966E+02  1.298E+13  1.359E-01  6.909E+00
     440      1     82      1     78      1      53     2.6484E+02  1.215E+10  1.000E-30  7.969E-01
     442      1     82      1     81      1      53     1.0296E+02  6.912E+10  3.573E-01  3.075E+00
     443      1     83      1     74      1      53     7.7070E+02  2.136E+12  2.580E-02  1.112E+01
     445      1     83      1     76      1      53     7.1393E+02  8.204E+11  1.000E-30  5.566E+00
     447      1     83      1     80      1      53     2.8272E+02  3.712E+11  1.034E-01  1.078E+01
     448      1     83      1     81      1      53     2.3723E+02  1.858E+11  1.000E-30  6.808E+00
     451      1     84      1     75      1      53     7.7945E+02  3.560E+12  1.000E-30  2.971E+01
     452      1     84      1     79      1      53     3.0001E+02  1.221E+12  1.000E-30  1.719E+01
     455      1     84      1     83      1      53     1.0851E+01  3.561E+07  1.000E-30  1.137E+01
     457      1     85      1     75      1      53     8.2063E+02  5.708E+12  7.673E-03  2.689E+01
     459      1     85      1     77      1      53     6.6185E+02  1.985E+11  1.000E-30  1.947E+00
     460      1     85      1     79      1      53     3.4119E+02  1.628E+12  6.099E-02  1.444E+01
     463      1     85      1     82      1      53     1.8630E+02  3.082E+10  1.000E-30  1.376E+00
     464      1     85      1     83      1      53     5.2031E+01  1.032E+10  2.282E-01  8.295E+00
     467      1     86      1     77      1      53     6.7729E+02  3.023E+13  3.872E-01  3.188E+00
     470      1     86      1     82      1      53     2.0174E+02  4.557E+11  6.644E-01  1.284E+00
     473      1     87      1     78      1      53     5.1236E+02  1.285E+13  5.976E-01  1.830E+00
     475      1     87      1     86      1      53     4.5782E+01  1.388E+09  1.767E-01  6.698E-01
     477      1     88      1     76      1      53     8.6948E+02  1.118E+13  2.663E-02  7.864E+00
     479      1     88      1     78      1      53     5.5466E+02  2.321E+10  1.000E-30  1.355E+00
     481      1     88      1     81      1      53     3.9278E+02  3.919E+12  2.604E-01  3.966E+00
     484      1     88      1     85      1      53     1.0351E+02  8.926E+10  1.095E+00  2.036E+00
     485      1     88      1     86      1      53     8.8076E+01  9.652E+08  1.000E-30  5.454E-01
     487      1     89      1     74      1      53     9.5869E+02  1.861E+12  1.617E-02  7.927E+00
     488      1     89      1     76      1      53     9.0192E+02  6.562E+11  1.000E-30  4.957E+00
     490      1     89      1     80      1      53     4.7071E+02  5.163E+11  4.172E-02  7.458E+00
     491      1     89      1     81      1      53     4.2522E+02  2.444E+11  1.000E-30  3.917E+00
     494      1     89      1     84      1      53     1.7714E+02  9.065E+10  1.609E-01  7.338E+00
     495      1     89      1     85      1      53     1.3596E+02  4.087E+10  1.000E-30  4.781E+00
     497      1     90      1     75      1      53     9.7022E+02  2.792E+12  1.000E-30  2.978E+01
     498      1     90      1     79      1      53     4.9078E+02  1.164E+12  1.000E-30  1.726E+01
     501      1     90      1     83      1      53     2.0163E+02  4.717E+11  1.000E-30  1.093E+01
     504      1     90      1     89      1      53     1.3639E+01  6.084E+07  1.000E-30  4.110E+00
     505      1     91      1     75      1      53     1.0099E+03  4.644E+12  3.208E-03  2.786E+01
     506      1     91      1     77      1      53     8.5110E+02  1.598E+11  1.000E-30  2.779E+00
     507      1     91      1     79      1      53     5.3043E+02  1.662E+12  1.459E-02  1.541E+01
     510      1     91      1     82      1      53     3.7555E+02  6.035E+10  1.000E-30  1.112E+00
     511      1     91      1     83      1      53     2.4127E+02  6.158E+11  1.103E-01  9.070E+00
     515      1     91      1     88      1      53     8.5729E+01  3.159E+09  1.000E-30  1.095E+00
     516      1     91      1     89      1      53     5.3287E+01  1.496E+10  6.012E-01  5.661E+00
     518      1     92      1     74      1      53     1.0879E+03  1.517E+12  1.135E-02  6.249E+00
     519      1     92      1     76      1      53     1.0312E+03  5.045E+11  1.000E-30  5.823E+00
     520      1     92      1     80      1      53     5.9995E+02  4.927E+11  2.525E-02  5.549E+00
     521      1     92      1     81      1      53     5.5446E+02  2.189E+11  1.000E-30  3.027E+00
     523      1     92      1     84      1      53     3.0638E+02  1.484E+11  6.199E-02  5.365E+00
     524      1     92      1     85      1      53     2.6520E+02  7.444E+10  1.000E-30  3.020E+00
     527      1     92      1     90      1      53     1.1560E+02  2.436E+10  2.290E-01  5.326E+00
     528      1     92      1     91      1      53     7.5952E+01  7.287E+09  1.000E-30  3.608E+00
     529      1     93      1     75      1      53     1.1014E+03  2.146E+12  1.000E-30  2.987E+01
     530      1     93      1     79      1      53     6.2192E+02  9.681E+11  1.000E-30  1.735E+01
     531      1     93      1     83      1      53     3.3276E+02  4.572E+11  1.000E-30  1.102E+01
     534      1     93      1     89      1      53     1.4478E+02  2.170E+11  1.000E-30  7.532E+00
     537      1     93      1     92      1      53     1.5538E+01  2.546E+08  1.000E-30  5.640E+00
     538      1     94      1     76      1      53     1.0597E+03  8.369E+12  1.002E-02  8.444E+00
     539      1     94      1     78      1      53     7.4491E+02  2.021E+10  1.000E-30  1.903E+00
     541      1     94      1     81      1      53     5.8303E+02  3.625E+12  5.150E-02  4.521E+00
     544      1     94      1     85      1      53     2.9377E+02  1.617E+12  4.669E-01  2.565E+00
     545      1     94      1     86      1      53     2.7833E+02  6.824E+09  1.000E-30  7.663E-01
     549      1     94      1     91      1      53     1.0453E+02  9.635E+10  2.662E+00  1.520E+00
     552      1     95      1     77      1      53     9.6122E+02  2.056E+13  5.593E-02  3.787E+00
     555      1     95      1     82      1      53     4.8567E+02  9.694E+12  7.367E-01  1.851E+00
     558      1     95      1     87      1      53     2.3815E+02  1.038E+10  1.000E-30  3.436E-01
     559      1     95      1     88      1      53     1.9586E+02  4.779E+11  2.005E+00  9.111E-01
     561      1     95      1     94      1      53     5.5996E+00  2.399E+05  2.320E-02  4.948E-01
     562      1     96      1     75      1      53     1.1409E+03  3.649E+12  1.703E-03  2.852E+01
     563      1     96      1     77      1      53     9.8211E+02  1.226E+11  1.000E-30  3.432E+00
     564      1     96      1     79      1      53     6.6145E+02  1.422E+12  6.111E-03  1.601E+01
     565      1     96      1     82      1      53     5.0657E+02  5.912E+10  1.000E-30  1.554E+00
     566      1     96      1     83      1      53     3.7229E+02  6.255E+11  2.566E-02  9.672E+00
     569      1     96      1     88      1      53     2.1675E+02  1.543E+10  1.000E-30  8.557E-01
     570      1     96      1     89      1      53     1.8430E+02  2.949E+11  1.876E-01  6.218E+00
     573      1     96      1     92      1      53     5.5065E+01  1.830E+10  1.370E+00  4.191E+00
     575      1     96      1     94      1      53     2.6491E+01  5.541E+07  1.000E-30  9.892E-01
     578      1     97      1     78      1      53     7.9354E+02  8.893E+12  5.630E-02  2.249E+00
     580      1     97      1     86      1      53     3.2696E+02  2.508E+12  9.566E-01  1.068E+00
     584      1     97      1     95      1      53     4.3029E+01  2.221E+09  6.437E-01  5.069E-01
     585      1     98      1     74      1      53     1.1808E+03  1.214E+12  8.174E-03  5.400E+00
     586      1     98      1     76      1      53     1.1240E+03  3.884E+11  1.000E-30  6.782E+00
     587      1     98      1     80      1      53     6.9278E+02  4.278E+11  1.744E-02  4.464E+00
     588      1     98      1     81      1      53     6.4729E+02  1.814E+11  1.000E-30  3.275E+00
     589      1     98      1     84      1      53     3.9921E+02  1.545E+11  3.588E-02  4.190E+00
     590      1     98      1     85      1      53     3.5803E+02  7.599E+10  1.000E-30  2.280E+00
     592      1     98      1     90      1      53     2.0843E+02  4.808E+10  8.524E-02  4.138E+00
     593      1     98      1     91      1      53     1.6878E+02  2.212E+10  1.000E-30  2.516E+00
     595      1     98      1     93      1      53     7.7294E+01  6.927E+09  2.975E-01  4.155E+00
     597      1     98      1     96      1      53     3.7767E+01  7.516E+08  1.000E-30  2.943E+00
     598      1     99      1     75      1      53     1.1956E+03  1.660E+12  1.000E-30  2.999E+01
     599      1     99      1     79      1      53     7.1611E+02  7.769E+11  1.000E-30  1.747E+01
     600      1     99      1     83      1      53     4.2696E+02  3.909E+11  1.000E-30  1.114E+01
     601      1     99      1     89      1      53     2.3897E+02  2.070E+11  1.000E-30  7.652E+00
     604      1     99      1     92      1      53     1.0973E+02  1.160E+11  1.000E-30  5.567E+00
     607      1     99      1     98      1      53     1.6897E+01  6.740E+08  1.000E-30  4.498E+00
     608      1    100      1     75      1      53     1.2357E+03  2.859E+12  1.030E-03  2.903E+01
     609      1    100      1     77      1      53     1.0769E+03  9.403E+10  1.000E-30  3.929E+00
     610      1    100      1     79      1      53     7.5626E+02  1.170E+12  3.241E-03  1.651E+01
     611      1    100      1     82      1      53     6.0138E+02  5.064E+10  1.000E-30  2.006E+00
     612      1    100      1     83      1      53     4.6710E+02  5.495E+11  1.061E-02  1.017E+01
     613      1    100      1     88      1      53     3.1156E+02  1.939E+10  1.000E-30  1.111E+00
     614      1    100      1     89      1      53     2.7912E+02  2.906E+11  4.180E-02  6.670E+00
     617      1    100      1     92      1      53     1.4988E+02  1.700E+11  3.014E-01  4.617E+00
     619      1    100      1     94      1      53     1.2130E+02  2.992E+09  1.000E-30  8.400E-01
     621      1    100      1     98      1      53     5.7044E+01  2.154E+10  2.739E+00  3.382E+00
     623      1    101      1     76      1      53     1.1918E+03  6.257E+12  5.002E-03  8.788E+00
     624      1    101      1     78      1      53     8.7698E+02  1.577E+10  1.000E-30  2.298E+00
     625      1    101      1     81      1      53     7.1510E+02  2.872E+12  1.946E-02  4.910E+00
     627      1    101      1     85      1      53     4.2583E+02  1.527E+12  8.881E-02  2.948E+00
     628      1    101      1     86      1      53     4.1039E+02  8.799E+09  1.000E-30  1.123E+00
     631      1    101      1     91      1      53     2.3659E+02  8.267E+11  7.552E-01  1.883E+00
     634      1    101      1     95      1      53     1.2646E+02  1.044E+09  1.000E-30  5.959E-01
     635      1    101      1     96      1      53     1.0557E+02  1.424E+11  5.139E+00  1.303E+00
     638      1    101      1    100      1      53     1.0760E+01  2.245E+06  2.043E-02  1.007E+00
     639      1    102      1     77      1      53     1.1469E+03  1.305E+13  1.806E-02  4.165E+00
     641      1    102      1     82      1      53     6.7131E+02  7.868E+12  1.147E-01  2.223E+00
     644      1    102      1     87      1      53     4.2378E+02  9.045E+09  1.000E-30  6.129E-01
     645      1    102      1     88      1      53     3.8149E+02  4.058E+12  1.228E+00  1.264E+00
     647      1    102      1     94      1      53     1.9123E+02  6.486E+11  4.279E+00  7.641E-01
     650      1    102      1     97      1      53     1.4260E+02  5.541E+09  1.000E-30  3.286E-01
     652      1    102      1    101      1      53     5.9168E+01  3.439E+08  2.404E-02  5.502E-01
     653      1    103      1     76      1      53     1.2875E+03  4.753E+12  2.879E-03  9.162E+00
     654      1    103      1     78      1      53     9.7272E+02  1.210E+10  1.000E-30  2.614E+00
     655      1    103      1     81      1      53     8.1083E+02  2.252E+12  9.662E-03  5.226E+00
     656      1    103      1     85      1      53     5.2157E+02  1.244E+12  3.330E-02  3.257E+00
     657      1    103      1     86      1      53     5.0613E+02  8.317E+09  1.000E-30  1.433E+00
     659      1    103      1     91      1      53     3.3233E+02  7.907E+11  1.377E-01  2.192E+00
     662      1    103      1     95      1      53     2.2220E+02  2.268E+09  1.000E-30  8.698E-01
     663      1    103      1     96      1      53     2.0131E+02  5.350E+11  1.079E+00  1.593E+00
     665      1    103      1    100      1      53     1.0650E+02  2.548E+11  7.947E+00  1.279E+00
     667      1    103      1    102      1      53     3.6571E+01  3.277E+07  1.000E-30  6.219E-01
     668      1    104      1     78      1      53     9.7661E+02  5.129E+12  1.468E-02  2.520E+00
     670      1    104      1     86      1      53     5.1003E+02  2.955E+12  1.302E-01  1.332E+00
     674      1    104      1     95      1      53     2.2610E+02  6.833E+11  1.327E+00  7.624E-01
     677      1    104      1    102      1      53     4.0464E+01  3.331E+09  1.315E+00  4.773E-01
     679      1    105      1     77      1      53     1.2750E+03  8.726E+12  8.105E-03  4.436E+00
     680      1    105      1     82      1      53     7.9944E+02  5.471E+12  3.803E-02  2.494E+00
     682      1    105      1     87      1      53     5.5191E+02  6.356E+09  1.000E-30  8.776E-01
     683      1    105      1     88      1      53     5.0962E+02  3.728E+12  1.969E-01  1.528E+00
     685      1    105      1     94      1      53     3.1936E+02  2.435E+12  1.703E+00  1.019E+00
     688      1    105      1     97      1      53     2.7073E+02  6.803E+09  1.000E-30  5.036E-01
     690      1    105      1    101      1      53     1.8730E+02  1.071E+12  6.707E+00  7.669E-01
     692      1    105      1    103      1      53     9.1560E+01  5.630E+08  7.686E-03  6.811E-01
     693      1    105      1    104      1      53     8.7667E+01  2.109E+09  1.000E-30  4.032E-01
     694      1    106      1     78      1      53     1.1024E+03  3.206E+12  5.786E-03  2.728E+00
     695      1    106      1     86      1      53     6.3583E+02  2.198E+12  3.847E-02  1.540E+00
     698      1    106      1     95      1      53     3.5190E+02  1.025E+12  2.011E-01  9.696E-01
     701      1    106      1    102      1      53     1.6626E+02  3.503E+11  1.490E+00  6.749E-01
     704      1    106      1    105      1      53     3.8133E+01  4.204E+09  1.808E+00  5.469E-01
     705      1    107      1     77      1      53     1.3672E+03  6.145E+12  4.341E-03  4.673E+00
     706      1    107      1     82      1      53     8.9170E+02  3.865E+12  1.723E-02  2.730E+00
     707      1    107      1     87      1      53     6.4417E+02  4.492E+09  1.000E-30  1.113E+00
     708      1    107      1     88      1      53     6.0188E+02  2.703E+12  6.438E-02  1.765E+00
     710      1    107      1     94      1      53     4.1162E+02  2.140E+12  2.762E-01  1.255E+00
     712      1    107      1     97      1      53     3.6299E+02  5.555E+09  1.000E-30  7.291E-01
     714      1    107      1    101      1      53     2.7956E+02  2.279E+12  1.941E+00  9.916E-01
     716      1    107      1    103      1      53     1.8382E+02  1.414E+12  8.260E+00  8.879E-01
     717      1    107      1    104      1      53     1.7993E+02  3.710E+09  1.000E-30  5.524E-01
     719      1    107      1    106      1      53     5.4126E+01  6.597E+08  1.000E-30  5.537E-01
     720      1    108      1     78      1      53     1.1926E+03  2.148E+12  2.854E-03  2.913E+00
     721      1    108      1     86      1      53     7.2599E+02  1.581E+12  1.593E-02  1.731E+00
     723      1    108      1     95      1      53     4.4206E+02  8.782E+11  6.196E-02  1.155E+00
     725      1    108      1    102      1      53     2.5642E+02  4.510E+11  2.369E-01  8.624E-01
     728      1    108      1    105      1      53     1.2829E+02  1.765E+11  1.336E+00  7.305E-01
     730      1    108      1    107      1      53     3.6034E+01  5.340E+09  1.987E+00  7.070E-01
     731      1    110      1    109      1      53     1.0325E+02  9.636E+09  1.000E-30  3.596E+02
     732      1    111      1    109      1      53     6.2828E+02  2.442E+12  1.811E-04  4.026E+02
     733      1    114      1    113      1      54     7.1415E+00  2.940E+04  1.000E-30  1.402E-03
     735      1    115      1    114      1      54     4.2027E+02  5.960E+10  2.679E+00  3.662E-02
     736      1    117      1    116      1      54     8.2284E+01  3.334E+08  1.955E+01  1.149E-02
     737      1    118      1    117      1      54     6.5579E+01  6.897E+08  4.879E-04  9.900E+01
     739      1    120      1    119      1      54     2.7707E+01  1.834E+07  1.186E+01  1.725E-02
     740      1    121      1    120      1      54     3.4184E+01  2.167E+08  3.046E-03  3.529E+01
     743      1    122      1    121      1      54     1.1729E+01  1.897E+06  1.388E-03  1.005E+01
     745      1    124      1    119      1      54     9.4819E+02  1.385E+13  3.212E-02  3.137E+01
     746      1    124      1    121      1      54     8.8629E+02  4.617E+12  1.000E-30  1.771E+01
     747      1    123      1    120      1      54     9.0352E+02  1.685E+13  1.000E-30  5.151E+01
     749      1    124      1    123      1      54     1.6956E+01  9.084E+06  5.793E+00  4.875E-02
     750      1    125      1    120      1      54     9.3511E+02  2.986E+13  1.718E-02  4.303E+01
     753      1    125      1    122      1      54     8.8920E+02  1.125E+12  1.000E-30  3.440E+00
     754      1    125      1    124      1      54     1.4632E+01  1.981E+07  5.633E-03  2.236E+01
     757      1    126      1    121      1      54     9.0719E+02  4.792E+13  5.465E-02  1.501E+01
     759      1    126      1    125      1      54     6.2624E+00  5.459E+05  5.102E-03  5.203E+00
     761      1    127      1    122      1      54     9.0472E+02  7.187E+13  1.431E-01  6.880E+00
     763      1    127      1    126      1      54     9.2648E+00  6.568E+05  3.407E-03  2.061E+00
     765      1    129      1    121      1      54     1.3816E+03  3.581E+12  1.000E-30  1.002E+01
     767      1    129      1    123      1      54     5.1224E+02  2.320E+12  6.126E-02  1.816E+01
     768      1    129      1    125      1      54     4.8065E+02  1.241E+12  1.000E-30  1.087E+01
     770      1    128      1    120      1      54     1.4063E+03  1.412E+13  1.000E-30  5.142E+01
     772      1    128      1    124      1      54     4.8585E+02  3.622E+12  1.000E-30  3.183E+01
     775      1    129      1    128      1      54     9.4325E+00  2.243E+06  3.814E+00  8.623E-02
     777      1    130      1    120      1      54     1.4246E+03  1.724E+13  3.355E-02  3.683E+00
     779      1    130      1    122      1      54     1.3787E+03  7.489E+11  1.000E-30  4.716E+00
     780      1    130      1    124      1      54     5.0408E+02  4.615E+12  2.750E-02  2.691E+01
     783      1    130      1    126      1      54     4.8319E+02  4.621E+11  1.000E-30  2.109E+00
     785      1    130      1    129      1      54     8.7978E+00  5.622E+06  1.275E-02  1.303E+01
     788      1    131      1    121      1      54     1.3942E+03  3.896E+13  1.021E-02  1.694E+01
     790      1    131      1    125      1      54     4.9329E+02  6.820E+12  1.036E-01  7.449E+00
     791      1    131      1    127      1      54     4.7777E+02  1.243E+11  1.000E-30  8.517E-01
     793      1    131      1    130      1      54     3.8408E+00  1.851E+05  1.285E-02  3.070E+00
     795      1    132      1    122      1      54     1.3904E+03  4.108E+13  1.637E-02  8.091E+00
     797      1    132      1    126      1      54     4.9497E+02  9.257E+12  2.546E-01  3.402E+00
     799      1    132      1    131      1      54     7.9348E+00  7.548E+05  1.045E-02  1.241E+00
     800      1    133      1    127      1      54     4.8686E+02  1.065E+13  5.145E-01  1.940E+00
     801      1    133      1    132      1      54     1.1594E+00  6.783E+02  4.481E-03  6.431E-01
     802      1    134      1    124      1      54     7.8763E+02  3.456E+12  1.000E-30  3.179E+01
     804      1    134      1    129      1      54     2.9235E+02  1.017E+12  1.000E-30  1.845E+01
     808      1    135      1    123      1      54     8.1021E+02  2.595E+12  2.593E-02  1.157E+01
     809      1    135      1    125      1      54     7.7862E+02  1.108E+12  1.000E-30  1.011E+01
     811      1    135      1    128      1      54     3.0740E+02  5.204E+11  1.062E-01  1.149E+01
     812      1    135      1    130      1      54     2.8917E+02  3.892E+11  1.000E-30  5.889E+00
     814      1    135      1    134      1      54     5.6221E+00  1.406E+06  1.844E-01  3.182E+00
     815      1    136      1    124      1      54     7.9909E+02  4.968E+12  6.108E-03  3.177E+01
     818      1    136      1    126      1      54     7.7820E+02  3.661E+11  1.000E-30  5.067E+00
     819      1    136      1    129      1      54     3.0380E+02  1.024E+12  4.151E-02  1.842E+01
     822      1    136      1    131      1      54     2.9116E+02  1.772E+11  1.000E-30  2.978E+00
     825      1    136      1    135      1      54     5.8334E+00  2.026E+06  2.503E-02  8.350E+00
     827      1    137      1    125      1      54     7.8707E+02  7.314E+12  1.805E-02  1.011E+01
     828      1    137      1    127      1      54     7.7154E+02  8.380E+10  1.000E-30  3.089E+00
     830      1    137      1    130      1      54     2.9761E+02  1.428E+12  1.284E-01  5.896E+00
     831      1    137      1    132      1      54     2.8584E+02  6.991E+10  1.000E-30  1.826E+00
     833      1    137      1    136      1      54     2.6080E+00  7.541E+04  2.593E-02  2.012E+00
     835      1    138      1    126      1      54     7.8806E+02  9.240E+12  3.312E-02  5.059E+00
     837      1    138      1    131      1      54     3.0103E+02  1.930E+12  2.755E-01  2.969E+00
     838      1    138      1    133      1      54     2.9194E+02  2.262E+10  1.000E-30  1.242E+00
     840      1    138      1    137      1      54     7.2571E+00  8.024E+05  2.129E-02  8.618E-01
     841      1    139      1    127      1      54     7.7953E+02  8.155E+12  3.893E-02  3.077E+00
     842      1    139      1    132      1      54     2.9383E+02  2.117E+12  4.888E-01  1.813E+00
     843      1    139      1    138      1      54     7.3047E-01  3.134E+02  1.123E-02  4.763E-01
     844      1    140      1    133      1      54     2.9317E+02  2.347E+12  8.258E-01  1.223E+00
     845      1    140      1    139      1      54     5.0455E-01  3.957E+01  5.475E-03  3.019E-01
     846      1    141      1    124      1      54     9.8280E+02  2.752E+12  1.000E-30  3.182E+01
     847      1    141      1    129      1      54     4.8751E+02  1.060E+12  1.000E-30  1.845E+01
     851      1    141      1    135      1      54     1.8954E+02  3.398E+11  1.000E-30  1.169E+01
     853      1    142      1    123      1      54     1.0032E+03  2.204E+12  1.686E-02  7.861E+00
     854      1    142      1    125      1      54     9.7165E+02  8.415E+11  1.000E-30  1.018E+01
     856      1    142      1    128      1      54     5.0043E+02  6.551E+11  4.193E-02  7.839E+00
     857      1    142      1    130      1      54     4.8220E+02  3.833E+11  1.000E-30  5.964E+00
     859      1    142      1    134      1      54     1.9865E+02  1.427E+11  1.712E-01  7.781E+00
     861      1    142      1    136      1      54     1.8719E+02  1.394E+11  1.000E-30  5.054E+00
     863      1    142      1    141      1      54     3.4847E+00  3.304E+05  3.011E-01  2.146E+00
     864      1    143      1    124      1      54     9.9046E+02  4.158E+12  2.665E-03  3.180E+01
     865      1    143      1    126      1      54     9.6956E+02  2.603E+11  1.000E-30  5.134E+00
     866      1    143      1    129      1      54     4.9517E+02  1.229E+12  1.102E-02  1.845E+01
     869      1    143      1    131      1      54     4.8253E+02  1.589E+11  1.000E-30  3.046E+00
     872      1    143      1    135      1      54     1.9720E+02  2.771E+11  8.282E-02  9.635E+00
     874      1    143      1    137      1      54     1.8876E+02  7.172E+10  1.000E-30  1.163E+00
     877      1    143      1    142      1      54     4.1712E+00  8.585E+05  4.359E-02  5.698E+00
     878      1    144      1    125      1      54     9.7774E+02  5.862E+12  7.384E-03  1.018E+01
     879      1    144      1    127      1      54     9.6221E+02  5.428E+10  1.000E-30  3.155E+00
     881      1    144      1    130      1      54     4.8829E+02  1.767E+12  3.159E-02  5.958E+00
     882      1    144      1    132      1      54     4.7651E+02  5.661E+10  1.000E-30  1.891E+00
     884      1    144      1    136      1      54     1.9328E+02  3.382E+11  2.775E-01  2.731E+00
     885      1    144      1    138      1      54     1.8342E+02  3.272E+10  1.000E-30  5.095E-01
     887      1    144      1    143      1      54     1.9160E+00  3.652E+04  4.393E-02  1.491E+00
     888      1    145      1    126      1      54     9.7835E+02  6.700E+12  1.204E-02  5.121E+00
     890      1    145      1    131      1      54     4.9132E+02  2.328E+12  5.946E-02  3.031E+00
     891      1    145      1    133      1      54     4.8223E+02  1.464E+10  1.000E-30  1.304E+00
     893      1    145      1    137      1      54     1.9755E+02  4.133E+11  6.108E-01  1.302E+00
     894      1    145      1    139      1      54     1.8956E+02  1.671E+10  1.000E-30  3.225E-01
     896      1    145      1    144      1      54     6.8766E+00  8.572E+05  3.235E-02  7.137E-01
     897      1    146      1    127      1      54     9.6958E+02  4.819E+12  1.129E-02  3.135E+00
     898      1    146      1    132      1      54     4.8388E+02  2.433E+12  8.437E-02  1.871E+00
     899      1    146      1    138      1      54     1.9078E+02  3.803E+11  1.048E+00  7.836E-01
     900      1    146      1    140      1      54     1.8955E+02  5.122E+09  1.000E-30  2.433E-01
     901      1    146      1    145      1      54     4.8959E-01  1.341E+02  1.642E-02  4.464E-01
     902      1    147      1    133      1      54     4.8306E+02  2.039E+12  8.500E-02  1.278E+00
     903      1    147      1    139      1      54     1.9039E+02  3.960E+11  1.697E+00  5.317E-01
     904      1    147      1    146      1      54     3.3818E-01  2.248E+01  9.257E-03  3.165E-01
     905      1    148      1    140      1      54     1.9013E+02  4.339E+11  2.644E+00  3.833E-01
     906      1    148      1    147      1      54     2.4746E-01  3.510E+00  4.031E-03  2.355E-01
     907      1    149      1    124      1      54     1.1162E+03  2.123E+12  1.000E-30  3.189E+01
     908      1    149      1    129      1      54     6.2092E+02  8.998E+11  1.000E-30  1.852E+01
     910      1    149      1    135      1      54     3.2295E+02  3.787E+11  1.000E-30  1.178E+01
     913      1    149      1    142      1      54     1.2992E+02  1.298E+11  1.000E-30  8.032E+00
     915      1    150      1    123      1      54     1.1354E+03  1.768E+12  1.286E-02  5.668E+00
     916      1    150      1    125      1      54     1.1038E+03  6.322E+11  1.000E-30  1.027E+01
     917      1    150      1    128      1      54     6.3256E+02  6.013E+11  2.587E-02  5.646E+00
     918      1    150      1    130      1      54     6.1433E+02  3.142E+11  1.000E-30  6.052E+00
     919      1    150      1    134      1      54     3.3078E+02  2.000E+11  6.320E-02  5.645E+00
     921      1    150      1    136      1      54     3.1933E+02  1.492E+11  1.000E-30  3.168E+00
     923      1    150      1    141      1      54     1.3562E+02  4.534E+10  2.546E-01  5.662E+00
     925      1    150      1    143      1      54     1.2796E+02  5.575E+10  1.000E-30  3.805E+00
     927      1    150      1    149      1      54     2.2069E+00  8.034E+04  4.347E-01  1.568E+00
     928      1    151      1    124      1      54     1.1216E+03  3.296E+12  1.449E-03  3.187E+01
     929      1    151      1    126      1      54     1.1007E+03  1.871E+11  1.000E-30  5.222E+00
     930      1    151      1    129      1      54     6.2630E+02  1.111E+12  4.848E-03  1.851E+01
     931      1    151      1    131      1      54     6.1366E+02  1.227E+11  1.000E-30  3.132E+00
     933      1    151      1    135      1      54     3.2833E+02  3.703E+11  2.066E-02  1.030E+01
     935      1    151      1    137      1      54     3.1989E+02  7.062E+10  1.000E-30  8.919E-01
     937      1    151      1    142      1      54     1.3530E+02  8.906E+10  1.267E-01  6.586E+00
     939      1    151      1    144      1      54     1.2921E+02  3.111E+10  1.000E-30  1.026E+00
     941      1    151      1    150      1      54     3.1681E+00  4.275E+05  6.910E-02  4.197E+00
     942      1    152      1    125      1      54     1.1084E+03  4.515E+12  3.839E-03  1.026E+01
     943      1    152      1    127      1      54     1.0929E+03  3.666E+10  1.000E-30  3.239E+00
     944      1    152      1    130      1      54     6.1900E+02  1.571E+12  1.322E-02  6.043E+00
     945      1    152      1    132      1      54     6.0722E+02  4.085E+10  1.000E-30  1.976E+00
     947      1    152      1    136      1      54     3.2399E+02  5.101E+11  6.132E-02  3.136E+00
     948      1    152      1    138      1      54     3.1413E+02  3.049E+10  1.000E-30  6.086E-01
     950      1    152      1    143      1      54     1.3263E+02  1.013E+11  3.887E-01  1.986E+00
     951      1    152      1    145      1      54     1.2383E+02  1.502E+10  1.000E-30  5.432E-01
     953      1    152      1    151      1      54     1.4980E+00  1.992E+04  5.939E-02  1.268E+00
     954      1    153      1    126      1      54     1.1088E+03  4.820E+12  5.789E-03  5.202E+00
     955      1    153      1    131      1      54     6.2180E+02  1.963E+12  2.284E-02  3.113E+00
     956      1    153      1    133      1      54     6.1271E+02  9.303E+09  1.000E-30  1.386E+00
     958      1    153      1    137      1      54     3.2803E+02  6.711E+11  1.185E-01  1.582E+00
     959      1    153      1    139      1      54     3.2004E+02  1.284E+10  1.000E-30  4.994E-01
     961      1    153      1    144      1      54     1.3736E+02  1.259E+11  7.606E-01  1.032E+00
     962      1    153      1    146      1      54     1.2999E+02  9.852E+09  1.000E-30  3.887E-01
     963      1    153      1    152      1      54     6.6466E+00  9.410E+05  3.716E-02  7.125E-01
     964      1    154      1    127      1      54     1.0999E+03  3.069E+12  4.730E-03  3.213E+00
     965      1    154      1    132      1      54     6.1421E+02  1.868E+12  2.804E-02  1.949E+00
     966      1    154      1    138      1      54     3.2112E+02  7.043E+11  1.729E-01  9.964E-01
     967      1    154      1    140      1      54     3.1988E+02  3.208E+09  1.000E-30  4.182E-01
     968      1    154      1    145      1      54     1.3082E+02  1.437E+11  1.137E+00  6.765E-01
     969      1    154      1    147      1      54     1.3000E+02  4.548E+09  1.000E-30  3.134E-01
     970      1    154      1    153      1      54     3.4390E-01  5.953E+01  1.689E-02  5.115E-01
     971      1    155      1    133      1      54     6.1329E+02  1.242E+12  2.206E-02  1.352E+00
     972      1    155      1    139      1      54     3.2062E+02  7.146E+11  2.107E-01  7.020E-01
     973      1    155      1    146      1      54     1.3057E+02  1.629E+11  1.622E+00  4.965E-01
     974      1    155      1    148      1      54     1.2999E+02  1.410E+09  1.000E-30  2.623E-01
     975      1    155      1    154      1      54     2.3759E-01  1.112E+01  9.286E-03  4.045E-01
     976      1    156      1    124      1      54     1.2114E+03  1.638E+12  1.000E-30  3.198E+01
     977      1    156      1    129      1      54     7.1613E+02  7.285E+11  1.000E-30  1.862E+01
     978      1    156      1    135      1      54     4.1816E+02  3.381E+11  1.000E-30  1.189E+01
     980      1    156      1    142      1      54     2.2513E+02  1.526E+11  1.000E-30  8.147E+00
     983      1    156      1    150      1      54     9.3002E+01  5.539E+10  1.000E-30  5.918E+00
     985      1    157      1    123      1      54     1.2298E+03  1.401E+12  1.044E-02  4.329E+00
     986      1    157      1    125      1      54     1.1982E+03  4.781E+11  1.000E-30  1.039E+01
     987      1    157      1    128      1      54     7.2695E+02  5.100E+11  1.868E-02  4.306E+00
     988      1    157      1    130      1      54     7.0872E+02  2.487E+11  1.000E-30  6.167E+00
     989      1    157      1    134      1      54     4.2517E+02  1.964E+11  3.677E-02  4.312E+00
     990      1    157      1    136      1      54     4.1371E+02  1.291E+11  1.000E-30  2.386E+00
     991      1    157      1    141      1      54     2.3000E+02  7.073E+10  8.860E-02  4.342E+00
     993      1    157      1    143      1      54     2.2235E+02  6.338E+10  1.000E-30  2.620E+00
     995      1    157      1    149      1      54     9.6594E+01  1.623E+10  3.543E-01  4.394E+00
     997      1    157      1    151      1      54     9.1219E+01  2.427E+10  1.000E-30  3.081E+00
     999      1    157      1    156      1      54     1.3856E+00  2.194E+04  5.161E-01  1.308E+00
    1000      1    158      1    124      1      54     1.2153E+03  2.585E+12  8.886E-04  3.198E+01
    1001      1    158      1    126      1      54     1.1944E+03  1.374E+11  1.000E-30  5.336E+00
    1002      1    158      1    129      1      54     7.2004E+02  9.305E+11  2.647E-03  1.862E+01
    1003      1    158      1    131      1      54     7.0740E+02  9.341E+10  1.000E-30  3.247E+00
    1004      1    158      1    135      1      54     4.2207E+02  3.556E+11  8.747E-03  1.080E+01
    1005      1    158      1    137      1      54     4.1363E+02  5.822E+10  1.000E-30  1.152E+00
    1007      1    158      1    142      1      54     2.2904E+02  1.299E+11  3.157E-02  7.052E+00
    1009      1    158      1    144      1      54     2.2296E+02  3.303E+10  1.000E-30  8.571E-01
    1011      1    158      1    150      1      54     9.6914E+01  3.254E+10  1.792E-01  4.862E+00
    1012      1    158      1    152      1      54     9.2248E+01  1.438E+10  1.000E-30  1.033E+00
    1014      1    158      1    157      1      54     2.5273E+00  2.427E+05  1.007E-01  3.359E+00
    1015      1    159      1    125      1      54     1.2019E+03  3.469E+12  2.280E-03  1.037E+01
    1016      1    159      1    127      1      54     1.1864E+03  2.582E+10  1.000E-30  3.352E+00
    1017      1    159      1    130      1      54     7.1248E+02  1.296E+12  6.943E-03  6.155E+00
    1018      1    159      1    132      1      54     7.0070E+02  2.955E+10  1.000E-30  2.088E+00
    1019      1    159      1    136      1      54     4.1747E+02  4.965E+11  2.420E-02  3.453E+00
    1020      1    159      1    138      1      54     4.0761E+02  2.394E+10  1.000E-30  8.892E-01
    1022      1    159      1    143      1      54     2.2610E+02  1.730E+11  8.615E-02  2.296E+00
    1023      1    159      1    145      1      54     2.1731E+02  1.580E+10  1.000E-30  6.174E-01
    1025      1    159      1    151      1      54     9.4977E+01  3.584E+10  4.732E-01  1.649E+00
    1026      1    159      1    153      1      54     8.6832E+01  6.981E+09  1.000E-30  6.600E-01
    1028      1    159      1    158      1      54     1.2307E+00  1.282E+04  6.672E-02  1.237E+00
    1029      1    160      1    126      1      54     1.2022E+03  3.546E+12  3.244E-03  5.311E+00
    1030      1    160      1    131      1      54     7.1513E+02  1.553E+12  1.121E-02  3.222E+00
    1031      1    160      1    133      1      54     7.0604E+02  6.248E+09  1.000E-30  1.494E+00
    1032      1    160      1    137      1      54     4.2136E+02  6.446E+11  4.220E-02  1.819E+00
    1033      1    160      1    139      1      54     4.1337E+02  9.017E+09  1.000E-30  7.265E-01
    1035      1    160      1    144      1      54     2.3069E+02  2.322E+11  1.507E-01  1.262E+00
    1036      1    160      1    146      1      54     2.2332E+02  8.497E+09  1.000E-30  5.331E-01
    1037      1    160      1    152      1      54     9.9979E+01  5.790E+10  7.904E-01  9.741E-01
    1038      1    160      1    154      1      54     9.2988E+01  5.535E+09  1.000E-30  5.283E-01
    1039      1    160      1    159      1      54     6.4994E+00  1.026E+06  3.463E-02  8.242E-01
    1040      1    161      1    127      1      54     1.1932E+03  2.075E+12  2.405E-03  3.317E+00
    1041      1    161      1    132      1      54     7.0745E+02  1.376E+12  1.262E-02  2.054E+00
    1042      1    161      1    138      1      54     4.1436E+02  6.639E+11  5.507E-02  1.184E+00
    1043      1    161      1    140      1      54     4.1312E+02  1.996E+09  1.000E-30  6.068E-01
    1044      1    161      1    145      1      54     2.2406E+02  2.600E+11  2.002E-01  8.664E-01
    1045      1    161      1    147      1      54     2.2323E+02  3.367E+09  1.000E-30  4.686E-01
    1046      1    161      1    153      1      54     9.3583E+01  5.395E+10  9.761E-01  7.149E-01
    1047      1    161      1    155      1      54     9.3001E+01  3.067E+09  1.000E-30  4.536E-01
    1048      1    161      1    160      1      54     2.5061E-01  2.774E+01  1.426E-02  6.627E-01
    1049      1    162      1    133      1      54     7.0646E+02  7.941E+11  8.371E-03  1.452E+00
    1050      1    162      1    139      1      54     4.1380E+02  6.042E+11  5.604E-02  8.649E-01
    1051      1    162      1    146      1      54     2.2375E+02  2.861E+11  2.393E-01  6.581E-01
    1052      1    162      1    148      1      54     2.2316E+02  8.516E+08  1.000E-30  4.097E-01
    1053      1    162      1    154      1      54     9.3412E+01  6.333E+10  1.224E+00  5.738E-01
    1054      1    162      1    161      1      54     1.7317E-01  5.512E+00  7.703E-03  5.672E-01
    1381      1    165      1    164      1       1     1.0199E+01  2.597E+06  1.079E-01  6.314E-01
    1384      1    167      1    164      1       1     1.0199E+01  4.775E+06  2.159E-01  6.314E-01
    1387      1    169      1    164      1       1     1.2088E+01  2.091E+04  3.070E-02  1.401E+00
    1389      1    169      1    166      1       1     1.8887E+00  4.513E+02  7.554E-04  1.708E+00
    1392      1    168      1    165      1       1     1.8887E+00  1.374E+01  4.697E-06  8.593E+00
    1394      1    168      1    167      1       1     1.8886E+00  2.748E+01  9.395E-06  8.593E+00
    1396      1    170      1    165      1       1     1.8887E+00  7.561E+02  3.684E-04  5.608E+00
    1398      1    170      1    167      1       1     1.8887E+00  1.510E+03  7.364E-04  5.608E+00
    1399      1    172      1    164      1       1     1.2749E+01  1.093E+02  6.876E-03  2.391E+00
    1401      1    172      1    166      1       1     2.5497E+00  3.124E+00  3.097E-05  1.420E+01
    1404      1    172      1    168      1       1     6.6104E-01  2.569E-01  1.684E-07  2.948E+01
    1405      1    172      1    170      1       1     6.6103E-01  2.912E-02  2.283E-08  2.650E+01
    1407      1    171      1    165      1       1     2.5497E+00  8.531E-02  5.242E-07  2.492E+01
    1409      1    171      1    167      1       1     2.5497E+00  1.706E-01  1.048E-06  2.492E+01
    1410      1    171      1    169      1       1     6.6103E-01  4.723E-02  3.357E-08  3.035E+01
    1414      1    173      1    165      1       1     2.5497E+00  4.295E+00  2.704E-05  1.932E+01
    1416      1    173      1    167      1       1     2.5497E+00  8.604E+00  5.418E-05  1.932E+01
    1417      1    173      1    169      1       1     6.6104E-01  1.139E+00  7.888E-07  2.476E+01
    1425      1    174      1    170      1       1     6.6103E-01  3.728E+00  3.114E-06  1.800E+01
    1426      1    176      1    164      1       1     1.3054E+01  4.338E-01  1.993E-03  3.961E+00
    1428      1    176      1    166      1       1     2.8557E+00  1.371E-02  3.150E-06  5.672E+01
    1430      1    176      1    168      1       1     9.6701E-01  1.536E-03  1.976E-08  6.278E+01
    1431      1    176      1    170      1       1     9.6699E-01  1.400E-04  2.033E-09  5.980E+01
    1433      1    176      1    171      1       1     3.0597E-01  2.184E-04  3.857E-23  7.910E+01
    1434      1    176      1    173      1       1     3.0596E-01  5.583E-05  1.698E-23  7.351E+01
    1437      1    175      1    165      1       1     2.8557E+00  3.243E-04  8.733E-08  5.933E+01
    1439      1    175      1    167      1       1     2.8556E+00  6.485E-04  1.747E-07  5.933E+01
    1440      1    175      1    169      1       1     9.6700E-01  2.319E-04  3.619E-09  6.477E+01
    1443      1    175      1    172      1       1     3.0596E-01  5.231E-05  1.000E-30  8.022E+01
    1447      1    177      1    165      1       1     2.8557E+00  2.086E-02  3.774E-06  5.038E+01
    1449      1    177      1    167      1       1     2.8557E+00  4.166E-02  7.538E-06  5.038E+01
    1450      1    177      1    169      1       1     9.6700E-01  7.603E-03  7.853E-08  5.582E+01
    1453      1    177      1    172      1       1     3.0597E-01  1.057E-03  1.000E-30  7.127E+01
    1456      1    177      1    174      1       1     3.0596E-01  3.590E-05  1.000E-30  6.277E+01
    1461      1    178      1    170      1       1     9.6699E-01  2.298E-02  1.886E-07  4.570E+01
    1463      1    178      1    173      1       1     3.0596E-01  4.138E-03  1.000E-30  5.941E+01
    1469      1    179      1    174      1       1     3.0596E-01  1.465E-02  1.000E-30  4.478E+01
    1470      1    181      1    164      1       1     1.3221E+01  1.685E-04  8.386E-03  5.554E+00
    1472      1    181      1    166      1       1     3.0219E+00  5.615E-06  7.799E-07  1.179E+02
    1495      1    182      1    165      1       1     3.0219E+00  1.201E-05  8.497E-07  1.089E+02
    1497      1    182      1    167      1       1     3.0219E+00  2.409E-05  1.704E-06  1.089E+02
    1498      1    182      1    169      1       1     1.1332E+00  4.937E-06  1.549E-08  1.143E+02
    1509      1    183      1    170      1       1     1.1332E+00  2.231E-05  2.962E-08  1.001E+02
    1511      1    183      1    173      1       1     4.7216E-01  5.568E-06  1.000E-30  1.138E+02
    1517      1    184      1    174      1       1     4.7216E-01  2.536E-05  1.000E-30  9.368E+01
    1519      1    184      1    178      1       1     1.6620E-01  7.228E-06  1.000E-30  1.214E+02
    1521      1    185      1    179      1       1     1.6620E-01  4.494E-05  1.000E-30  9.440E+01
