#  File format type:   4
#
#  SPECT3D transition powers file.
#  RUN NAME:  xe_20-200ev_1e18-1e21_4mm
#  Total number of transitions   =     1890
#  Number of written transitions =      815
#  Plasma temperature (eV)       =     1.4000E+02
#  Mass density (g/cm3)          =     1.1216E-04
#  Cell areal density (g/cm2)    =     4.4865E-05
#  Material mass fractions       =     1.0000E+00
#  DCA material number fractions =     1.3000E-02    9.8700E-01
# -----------------------------------------------------
#
#
#   Trans.  Trans  Upper  Upper  Lower  Lower   Ioniz   Energy     Line Power Line Center Line Width
#   Index   Model  Level  Model  Level  Model   Stage   (eV)       (W/cm2)    Opt. Depth      eV
# --------------------------------------------------------------------------------------------------
       1      1      3      1      2      1      52     1.1982E+02  4.339E+07  3.055E-11  9.540E-03
       2      1      4      1      2      1      52     4.9234E+02  1.112E+10  7.793E-02  3.937E-02
       4      1      6      1      5      1      52     1.0651E+02  1.651E+08  1.029E-04  7.871E+01
       6      1      7      1      6      1      52     6.8034E+01  2.165E+07  1.434E-05  9.466E+01
       7      1      9      1      8      1      52     3.8672E+01  9.619E+06  3.432E-04  2.871E+01
       9      1     10      1      9      1      52     3.4641E+01  6.194E+06  9.392E-05  3.134E+01
      11      1     11      1     10      1      52     9.4480E+00  2.154E+04  3.551E-05  8.523E+00
      13      1     12      1      9      1      52     8.3242E+02  3.564E+11  1.000E-30  4.473E+01
      14      1     13      1      8      1      52     8.9349E+02  2.832E+11  8.640E-04  2.725E+01
      16      1     13      1     10      1      52     8.2018E+02  9.431E+10  1.000E-30  1.545E+01
      17      1     13      1     12      1      52     2.2396E+01  2.728E+06  8.703E-04  1.654E+01
      19      1     14      1      9      1      52     8.6975E+02  6.051E+11  4.844E-04  3.750E+01
      21      1     14      1     11      1      52     8.2566E+02  2.250E+10  1.000E-30  2.932E+00
      23      1     14      1     13      1      52     1.4925E+01  5.806E+05  1.708E-04  2.020E+01
      25      1     15      1     10      1      52     8.3968E+02  1.022E+12  1.596E-03  1.283E+01
      28      1     15      1     14      1      52     4.5752E+00  4.247E+03  1.202E-04  4.372E+00
      30      1     16      1     11      1      52     8.3260E+02  1.661E+12  4.151E-03  5.893E+00
      32      1     16      1     15      1      52     2.3647E+00  1.770E+02  6.524E-05  1.739E+00
      34      1     17      1      9      1      52     1.3019E+03  2.991E+11  1.000E-30  4.464E+01
      36      1     17      1     13      1      52     4.4709E+02  7.580E+10  1.000E-30  2.760E+01
      38      1     18      1      8      1      52     1.3534E+03  2.680E+11  4.035E-04  1.588E+01
      40      1     18      1     10      1      52     1.2800E+03  7.306E+10  1.000E-30  8.566E+00
      41      1     18      1     12      1      52     4.8226E+02  4.883E+10  1.641E-03  1.575E+01
      43      1     18      1     14      1      52     4.4493E+02  2.531E+10  1.000E-30  9.468E+00
      45      1     18      1     17      1      52     1.2770E+01  6.088E+05  1.853E-03  9.367E+00
      47      1     19      1      9      1      52     1.3234E+03  5.435E+11  1.146E-04  4.042E+01
      49      1     19      1     11      1      52     1.2793E+03  1.487E+10  1.000E-30  4.031E+00
      51      1     19      1     13      1      52     4.6860E+02  9.456E+10  7.772E-04  2.337E+01
      53      1     19      1     15      1      52     4.4910E+02  9.244E+09  1.000E-30  1.761E+00
      56      1     19      1     18      1      52     8.7378E+00  1.509E+05  3.826E-04  1.168E+01
      58      1     20      1     10      1      52     1.2912E+03  7.842E+11  2.984E-04  1.447E+01
      61      1     20      1     14      1      52     4.5609E+02  1.538E+11  3.045E-03  6.328E+00
      63      1     20      1     16      1      52     4.4915E+02  2.603E+09  1.000E-30  6.966E-01
      65      1     20      1     19      1      52     2.4178E+00  8.087E+02  2.701E-04  2.511E+00
      67      1     21      1     11      1      52     1.2829E+03  8.240E+11  4.783E-04  6.907E+00
      69      1     21      1     15      1      52     4.5271E+02  2.335E+11  7.478E-03  2.881E+00
      72      1     21      1     20      1      52     1.2002E+00  3.914E+01  1.910E-04  1.004E+00
      75      1     22      1     16      1      52     4.5135E+02  3.407E+11  1.526E-02  1.635E+00
      77      1     22      1     21      1      52     1.0028E+00  1.029E+01  1.316E-04  5.110E-01
      79      1     23      1     13      1      52     7.2854E+02  7.267E+10  1.000E-30  2.756E+01
      81      1     23      1     18      1      52     2.6868E+02  2.129E+10  1.000E-30  1.592E+01
      83      1     24      1     12      1      52     7.5883E+02  5.245E+10  7.162E-04  9.937E+00
      85      1     24      1     14      1      52     7.2151E+02  2.256E+10  1.000E-30  5.048E+00
      86      1     24      1     17      1      52     2.8935E+02  1.156E+10  2.865E-03  9.900E+00
      88      1     24      1     19      1      52     2.6784E+02  7.962E+09  1.000E-30  6.191E+00
      90      1     24      1     23      1      52     7.9016E+00  1.667E+05  3.475E-03  5.782E+00
      92      1     25      1     13      1      52     7.4204E+02  9.921E+10  1.929E-04  2.487E+01
      94      1     25      1     15      1      52     7.2254E+02  7.290E+09  1.000E-30  1.728E+00
      96      1     25      1     18      1      52     2.8218E+02  2.127E+10  1.408E-03  1.330E+01
      98      1     25      1     20      1      52     2.7102E+02  3.569E+09  1.000E-30  1.184E+00
     101      1     25      1     24      1      52     5.5989E+00  4.842E+04  7.456E-04  7.314E+00
     103      1     26      1     14      1      52     7.2843E+02  1.484E+11  6.337E-04  7.184E+00
     105      1     26      1     16      1      52     7.2149E+02  1.713E+09  1.000E-30  1.173E+00
     107      1     26      1     19      1      52     2.7476E+02  3.276E+10  5.311E-03  3.553E+00
     109      1     26      1     21      1      52     2.7114E+02  1.520E+09  1.000E-30  4.253E-01
     112      1     26      1     25      1      52     1.3194E+00  1.577E+02  5.114E-04  1.593E+00
     114      1     27      1     15      1      52     7.2446E+02  1.859E+11  1.218E-03  3.402E+00
     117      1     27      1     20      1      52     2.7295E+02  4.694E+10  1.237E-02  1.608E+00
     119      1     27      1     22      1      52     2.7075E+02  4.491E+08  1.000E-30  2.342E-01
     121      1     27      1     26      1      52     6.0740E-01  6.860E+00  4.088E-04  6.343E-01
     123      1     28      1     16      1      52     7.2273E+02  1.718E+11  1.501E-03  2.001E+00
     125      1     28      1     21      1      52     2.7238E+02  6.595E+10  2.441E-02  9.123E-01
     128      1     28      1     27      1      52     6.3240E-01  4.830E+00  3.922E-04  3.208E-01
     129      1     29      1     13      1      52     9.1039E+02  5.779E+10  1.000E-30  2.751E+01
     131      1     29      1     18      1      52     4.5053E+02  2.213E+10  1.000E-30  1.587E+01
     134      1     29      1     24      1      52     1.7396E+02  7.048E+09  1.000E-30  1.002E+01
     136      1     30      1     12      1      52     9.3797E+02  4.415E+10  4.742E-04  6.685E+00
     137      1     30      1     14      1      52     9.0065E+02  1.715E+10  1.000E-30  4.423E+00
     138      1     30      1     17      1      52     4.6848E+02  1.347E+10  1.170E-03  6.648E+00
     140      1     30      1     19      1      52     4.4698E+02  7.838E+09  1.000E-30  3.470E+00
     142      1     30      1     23      1      52     1.8704E+02  3.400E+09  4.670E-03  6.624E+00
     144      1     30      1     25      1      52     1.7354E+02  2.849E+09  1.000E-30  4.259E+00
     146      1     30      1     29      1      52     5.1810E+00  5.273E+04  6.020E-03  3.766E+00
     147      1     31      1     13      1      52     9.1941E+02  8.273E+10  8.175E-05  2.571E+01
     148      1     31      1     15      1      52     8.9991E+02  5.176E+09  1.000E-30  2.448E+00
     150      1     31      1     18      1      52     4.5956E+02  2.470E+10  3.553E-04  1.414E+01
     152      1     31      1     20      1      52     4.4840E+02  3.180E+09  1.000E-30  8.977E-01
     155      1     31      1     24      1      52     1.8298E+02  6.028E+09  2.368E-03  8.226E+00
     157      1     31      1     26      1      52     1.7606E+02  1.457E+09  1.000E-30  8.386E-01
     160      1     31      1     30      1      52     3.8407E+00  1.863E+04  1.322E-03  4.919E+00
     161      1     32      1     14      1      52     9.0519E+02  1.175E+11  2.455E-04  7.647E+00
     162      1     32      1     16      1      52     8.9825E+02  1.105E+09  1.000E-30  1.636E+00
     164      1     32      1     19      1      52     4.5152E+02  3.641E+10  1.167E-03  4.022E+00
     166      1     32      1     21      1      52     4.4790E+02  1.185E+09  1.000E-30  5.850E-01
     169      1     32      1     25      1      52     1.7808E+02  8.889E+09  8.650E-03  2.184E+00
     171      1     32      1     27      1      52     1.7615E+02  7.480E+08  1.000E-30  2.953E-01
     174      1     32      1     31      1      52     7.0280E-01  2.761E+01  8.775E-04  1.075E+00
     175      1     33      1     15      1      52     9.0089E+02  1.323E+11  4.127E-04  3.711E+00
     177      1     33      1     20      1      52     4.4938E+02  4.763E+10  2.339E-03  1.905E+00
     179      1     33      1     22      1      52     4.4717E+02  2.905E+08  1.000E-30  4.407E-01
     181      1     33      1     26      1      52     1.7704E+02  1.233E+10  1.974E-02  9.805E-01
     183      1     33      1     28      1      52     1.7580E+02  3.331E+08  1.000E-30  1.504E-01
     185      1     33      1     32      1      52     2.7490E-01  8.100E-01  7.694E-04  4.296E-01
     186      1     34      1     16      1      52     8.9895E+02  9.770E+10  4.015E-04  2.207E+00
     188      1     34      1     21      1      52     4.4860E+02  5.407E+10  3.541E-03  1.118E+00
     191      1     34      1     27      1      52     1.7685E+02  1.642E+10  3.755E-02  5.491E-01
     194      1     34      1     33      1      52     4.2420E-01  2.076E+00  8.211E-04  2.182E-01
     195      1     35      1     13      1      52     1.0346E+03  4.458E+10  1.000E-30  2.752E+01
     196      1     35      1     18      1      52     5.7478E+02  1.879E+10  1.000E-30  1.589E+01
     198      1     35      1     24      1      52     2.9820E+02  7.894E+09  1.000E-30  9.967E+00
     201      1     35      1     30      1      52     1.1906E+02  2.695E+09  1.000E-30  6.686E+00
     203      1     36      1     12      1      52     1.0606E+03  3.527E+10  3.695E-04  4.742E+00
     204      1     36      1     14      1      52     1.0233E+03  1.287E+10  1.000E-30  5.158E+00
     205      1     36      1     17      1      52     5.9109E+02  1.215E+10  7.413E-04  4.705E+00
     206      1     36      1     19      1      52     5.6958E+02  6.403E+09  1.000E-30  2.559E+00
     207      1     36      1     23      1      52     3.0964E+02  4.244E+09  1.815E-03  4.675E+00
     209      1     36      1     25      1      52     2.9614E+02  3.048E+09  1.000E-30  2.540E+00
     211      1     36      1     29      1      52     1.2779E+02  1.168E+09  7.218E-03  4.642E+00
     213      1     36      1     31      1      52     1.1877E+02  1.145E+09  1.000E-30  3.053E+00
     215      1     36      1     35      1      52     3.5433E+00  1.852E+04  9.685E-03  2.584E+00
     216      1     37      1     13      1      52     1.0410E+03  6.566E+10  4.382E-05  2.624E+01
     217      1     37      1     15      1      52     1.0215E+03  3.718E+09  1.000E-30  2.979E+00
     218      1     37      1     18      1      52     5.8110E+02  2.209E+10  1.516E-04  1.467E+01
     219      1     37      1     20      1      52     5.6995E+02  2.450E+09  1.000E-30  1.236E+00
     221      1     37      1     24      1      52     3.0452E+02  7.510E+09  6.007E-04  8.750E+00
     223      1     37      1     26      1      52     2.9760E+02  1.422E+09  1.000E-30  5.495E-01
     226      1     37      1     30      1      52     1.2539E+02  2.029E+09  3.730E-03  5.469E+00
     228      1     37      1     32      1      52     1.2084E+02  6.389E+08  1.000E-30  6.202E-01
     231      1     37      1     36      1      52     2.7803E+00  8.310E+03  2.211E-03  3.462E+00
     232      1     38      1     14      1      52     1.0264E+03  8.991E+10  1.245E-04  7.915E+00
     233      1     38      1     16      1      52     1.0194E+03  7.438E+08  1.000E-30  1.929E+00
     234      1     38      1     19      1      52     5.7269E+02  3.165E+10  4.628E-04  4.316E+00
     235      1     38      1     21      1      52     5.6908E+02  8.407E+08  1.000E-30  8.473E-01
     237      1     38      1     25      1      52     2.9925E+02  1.091E+10  1.957E-03  2.471E+00
     239      1     38      1     27      1      52     2.9733E+02  6.576E+08  1.000E-30  3.218E-01
     242      1     38      1     31      1      52     1.2188E+02  2.872E+09  1.333E-02  1.439E+00
     244      1     38      1     33      1      52     1.2090E+02  3.665E+08  1.000E-30  2.235E-01
     247      1     38      1     37      1      52     3.3030E-01  3.334E+00  1.437E-03  7.647E-01
     248      1     39      1     15      1      52     1.0219E+03  9.455E+10  1.926E-04  3.895E+00
     249      1     39      1     20      1      52     5.7035E+02  3.869E+10  8.462E-04  2.088E+00
     250      1     39      1     22      1      52     5.6815E+02  1.845E+08  1.000E-30  6.181E-01
     252      1     39      1     26      1      52     2.9801E+02  1.432E+10  3.973E-03  1.158E+00
     254      1     39      1     28      1      52     2.9677E+02  2.541E+08  1.000E-30  2.458E-01
     256      1     39      1     32      1      52     1.2125E+02  3.832E+09  2.951E-02  6.436E-01
     258      1     39      1     34      1      52     1.2055E+02  1.958E+08  1.000E-30  1.104E-01
     260      1     39      1     38      1      52     7.3900E-02  1.885E-02  1.626E-03  2.433E-01
     261      1     40      1     16      1      52     1.0198E+03  6.157E+10  1.635E-04  2.339E+00
     262      1     40      1     21      1      52     5.6945E+02  3.874E+10  1.112E-03  1.244E+00
     264      1     40      1     27      1      52     2.9770E+02  1.719E+10  6.413E-03  6.756E-01
     267      1     40      1     33      1      52     1.2127E+02  4.986E+09  5.508E-02  3.607E-01
     270      1     40      1     39      1      52     2.9800E-01  9.170E-01  1.432E-03  1.588E-01
     271      1     41      1     13      1      52     1.1233E+03  3.441E+10  1.000E-30  2.753E+01
     272      1     41      1     18      1      52     6.6340E+02  1.525E+10  1.000E-30  1.590E+01
     273      1     41      1     24      1      52     3.8682E+02  7.027E+09  1.000E-30  9.977E+00
     275      1     41      1     30      1      52     2.0768E+02  3.158E+09  1.000E-30  6.696E+00
     278      1     41      1     36      1      52     8.5076E+01  1.137E+09  1.000E-30  4.708E+00
     280      1     42      1     12      1      52     1.1482E+03  2.783E+10  3.123E-04  3.489E+00
     281      1     42      1     14      1      52     1.1108E+03  9.752E+09  1.000E-30  5.944E+00
     282      1     42      1     17      1      52     6.7867E+02  1.022E+10  5.615E-04  3.452E+00
     283      1     42      1     19      1      52     6.5716E+02  5.061E+09  1.000E-30  2.691E+00
     284      1     42      1     23      1      52     3.9722E+02  4.020E+09  1.110E-03  3.429E+00
     285      1     42      1     25      1      52     3.8372E+02  2.636E+09  1.000E-30  1.749E+00
     286      1     42      1     29      1      52     2.1536E+02  1.546E+09  2.698E-03  3.409E+00
     288      1     42      1     31      1      52     2.0634E+02  1.299E+09  1.000E-30  1.929E+00
     290      1     42      1     35      1      52     9.1119E+01  4.549E+08  1.068E-02  3.388E+00
     292      1     42      1     37      1      52     8.4795E+01  5.042E+08  1.000E-30  2.267E+00
     294      1     42      1     41      1      52     2.4992E+00  7.049E+03  1.435E-02  1.904E+00
     295      1     43      1     13      1      52     1.1279E+03  5.154E+10  2.664E-05  2.663E+01
     296      1     43      1     15      1      52     1.1084E+03  2.732E+09  1.000E-30  3.341E+00
     297      1     43      1     18      1      52     6.6800E+02  1.849E+10  8.169E-05  1.500E+01
     298      1     43      1     20      1      52     6.5684E+02  1.859E+09  1.000E-30  1.553E+00
     299      1     43      1     24      1      52     3.9142E+02  7.101E+09  2.576E-04  9.080E+00
     300      1     43      1     26      1      52     3.8450E+02  1.167E+09  1.000E-30  6.867E-01
     302      1     43      1     30      1      52     2.1228E+02  2.655E+09  9.481E-04  5.786E+00
     304      1     43      1     32      1      52     2.0774E+02  6.680E+08  1.000E-30  3.883E-01
     307      1     43      1     36      1      52     8.9678E+01  7.745E+08  5.612E-03  3.811E+00
     309      1     43      1     38      1      52     8.6568E+01  2.996E+08  1.000E-30  4.757E-01
     312      1     43      1     42      1      52     2.1031E+00  4.163E+03  3.504E-03  2.532E+00
     313      1     44      1     15      1      52     1.1084E+03  6.958E+10  1.076E-04  4.020E+00
     314      1     44      1     20      1      52     6.5688E+02  3.031E+10  4.104E-04  2.207E+00
     315      1     44      1     22      1      52     6.5468E+02  1.236E+08  1.000E-30  7.369E-01
     316      1     44      1     26      1      52     3.8454E+02  1.273E+10  1.481E-03  1.282E+00
     317      1     44      1     28      1      52     3.8330E+02  1.791E+08  1.000E-30  3.575E-01
     319      1     44      1     32      1      52     2.0778E+02  4.926E+09  6.151E-03  7.630E-01
     321      1     44      1     34      1      52     2.0708E+02  1.688E+08  1.000E-30  1.522E-01
     323      1     44      1     38      1      52     8.6605E+01  1.373E+09  4.227E-02  4.492E-01
     325      1     44      1     40      1      52     8.6233E+01  1.099E+08  1.000E-30  8.977E-02
     327      1     45      1     14      1      52     1.1130E+03  6.907E+10  7.315E-05  8.116E+00
     328      1     45      1     16      1      52     1.1061E+03  5.208E+08  1.000E-30  2.125E+00
     329      1     45      1     19      1      52     6.5935E+02  2.594E+10  2.381E-04  4.504E+00
     330      1     45      1     21      1      52     6.5574E+02  6.079E+08  1.000E-30  1.036E+00
     331      1     45      1     25      1      52     3.8591E+02  1.012E+10  7.853E-04  2.660E+00
     332      1     45      1     27      1      52     3.8399E+02  5.044E+08  1.000E-30  4.767E-01
     334      1     45      1     31      1      52     2.0854E+02  3.777E+09  3.055E-03  1.621E+00
     336      1     45      1     33      1      52     2.0756E+02  3.537E+08  1.000E-30  2.022E-01
     339      1     45      1     37      1      52     8.6990E+01  1.058E+09  1.951E-02  1.005E+00
     341      1     45      1     39      1      52     8.6586E+01  1.855E+08  1.000E-30  1.778E-01
     344      1     45      1     43      1      52     9.2200E-02  8.229E-02  3.342E-03  3.733E-01
     345      1     45      1     44      1      52     5.4600E-02  1.143E-02  1.000E-30  1.078E-01
     346      1     46      1     16      1      52     1.1062E+03  4.145E+10  8.317E-05  2.425E+00
     347      1     46      1     21      1      52     6.5590E+02  2.796E+10  4.909E-04  1.330E+00
     348      1     46      1     27      1      52     3.8415E+02  1.424E+10  2.172E-03  7.635E-01
     350      1     46      1     33      1      52     2.0772E+02  6.049E+09  1.017E-02  4.434E-01
     353      1     46      1     39      1      52     8.6749E+01  1.736E+09  7.641E-02  2.537E-01
     355      1     46      1     44      1      52     2.1720E-01  4.267E-01  2.216E-03  1.242E-01
     357      1     48      1     47      1      52     3.1750E+02  1.272E+09  7.039E-05  1.840E+02
     358      1     49      1     48      1      52     3.6284E+02  6.896E+09  3.870E-06  2.762E+02
     359      1     51      1     50      1      52     7.7750E-01  1.808E+01  3.294E-05  1.384E+02
     360      1     52      1     51      1      52     6.6689E+02  1.070E+11  1.000E-30  4.204E+02
     361      1     54      1     53      1      52     3.0082E+01  6.410E+06  1.000E-30  1.845E+02
     362      1     55      1     53      1      52     1.0120E+02  1.322E+08  9.356E-05  8.075E+01
     363      1     56      1     54      1      52     1.0442E+02  1.483E+08  1.038E-04  7.434E+01
     364      1     56      1     55      1      52     3.3297E+01  8.632E+06  1.000E-30  1.922E+02
     365      1     57      1     55      1      52     9.2670E+01  7.386E+07  1.653E-05  1.109E+02
     367      1     58      1     56      1      52     9.3608E+01  7.653E+07  1.732E-05  1.064E+02
     368      1     58      1     57      1      52     3.4235E+01  9.369E+06  1.000E-30  1.948E+02
     369      1     61      1     60      1      53     7.7081E+01  5.129E+06  7.793E-12  6.143E-03
     370      1     62      1     60      1      53     8.3045E+01  7.715E+06  1.000E-30  6.616E-03
     373      1     63      1     61      1      53     8.0094E+00  1.337E+01  1.000E-30  6.585E-04
     375      1     64      1     60      1      53     4.6515E+02  8.867E+09  5.022E-02  3.716E-02
     378      1     65      1     60      1      53     5.0090E+02  3.623E+09  3.083E-12  3.997E-02
     380      1     65      1     63      1      53     4.1581E+02  3.809E+09  1.089E-01  3.323E-02
     381      1     67      1     66      1      53     9.2071E+01  8.870E+07  1.175E-04  5.729E+01
     383      1     68      1     67      1      53     2.1266E+02  1.162E+09  2.240E-05  3.995E+01
     385      1     69      1     67      1      53     2.3259E+02  8.956E+08  1.000E-30  2.161E+01
     386      1     71      1     70      1      53     1.8245E+01  5.892E+05  4.485E-04  1.282E+01
     388      1     72      1     71      1      53     7.1086E+01  1.051E+08  1.692E-04  3.416E+01
     390      1     73      1     72      1      53     1.1156E+02  4.041E+08  3.425E-04  1.007E+01
     392      1     74      1     71      1      53     8.8734E+02  4.241E+11  1.000E-30  4.807E+01
     393      1     75      1     70      1      53     9.0769E+02  3.031E+11  8.115E-04  2.962E+01
     395      1     75      1     72      1      53     8.1835E+02  8.862E+10  1.000E-30  1.673E+01
     396      1     75      1     74      1      53     2.1014E+00  1.241E+03  1.675E-03  4.740E+00
     398      1     76      1     71      1      53     9.4411E+02  8.173E+11  4.735E-04  4.052E+01
     400      1     76      1     73      1      53     7.6146E+02  1.566E+10  1.000E-30  3.165E+00
     402      1     76      1     75      1      53     5.4666E+01  9.776E+07  5.209E-04  2.270E+01
     404      1     77      1     72      1      53     9.7713E+02  1.802E+12  1.652E-03  1.387E+01
     407      1     77      1     76      1      53     1.0411E+02  1.088E+09  2.204E-03  5.196E+00
     409      1     78      1     73      1      53     1.0763E+03  4.468E+12  4.762E-03  6.403E+00
     411      1     78      1     77      1      53     2.1071E+02  7.920E+09  3.399E-03  2.118E+00
     412      1     79      1     70      1      53     1.3871E+03  2.935E+11  3.634E-04  1.793E+01
     414      1     79      1     72      1      53     1.2978E+03  7.331E+10  1.000E-30  9.336E+00
     415      1     79      1     74      1      53     4.8154E+02  4.893E+10  1.527E-03  1.703E+01
     417      1     79      1     76      1      53     4.2478E+02  1.993E+10  1.000E-30  1.024E+01
     420      1     80      1     71      1      53     1.3753E+03  3.461E+11  1.000E-30  4.805E+01
     422      1     80      1     75      1      53     4.8588E+02  9.825E+10  1.000E-30  2.965E+01
     424      1     80      1     79      1      53     6.4349E+00  1.267E+05  1.000E-30  1.648E+01
     426      1     81      1     71      1      53     1.4208E+03  6.964E+11  1.098E-04  4.370E+01
     428      1     81      1     73      1      53     1.2382E+03  1.260E+10  1.000E-30  4.337E+00
     430      1     81      1     75      1      53     5.3137E+02  1.521E+11  7.939E-04  2.524E+01
     432      1     81      1     77      1      53     3.7259E+02  4.235E+09  1.000E-30  1.910E+00
     434      1     81      1     79      1      53     5.1923E+01  1.743E+08  1.891E-03  1.303E+01
     438      1     82      1     76      1      53     5.7966E+02  3.843E+11  3.423E-03  6.856E+00
     440      1     82      1     78      1      53     2.6484E+02  3.039E+08  1.000E-30  7.519E-01
     442      1     82      1     81      1      53     1.0296E+02  2.495E+09  9.138E-03  3.005E+00
     443      1     83      1     74      1      53     7.7070E+02  5.537E+10  6.504E-04  1.103E+01
     445      1     83      1     76      1      53     7.1393E+02  2.051E+10  1.000E-30  5.472E+00
     447      1     83      1     80      1      53     2.8272E+02  1.060E+10  2.612E-03  1.067E+01
     448      1     83      1     81      1      53     2.3723E+02  4.644E+09  1.000E-30  6.696E+00
     451      1     84      1     75      1      53     7.7945E+02  8.899E+10  1.000E-30  2.961E+01
     452      1     84      1     79      1      53     3.0001E+02  3.054E+10  1.000E-30  1.708E+01
     455      1     84      1     83      1      53     1.0851E+01  8.903E+05  1.000E-30  1.122E+01
     457      1     85      1     75      1      53     8.2063E+02  1.443E+11  1.925E-04  2.680E+01
     459      1     85      1     77      1      53     6.6185E+02  4.962E+09  1.000E-30  1.859E+00
     460      1     85      1     79      1      53     3.4119E+02  4.419E+10  1.536E-03  1.433E+01
     463      1     85      1     82      1      53     1.8630E+02  7.704E+08  1.000E-30  1.271E+00
     464      1     85      1     83      1      53     5.2031E+01  3.345E+08  5.803E-03  8.151E+00
     467      1     86      1     77      1      53     6.7729E+02  1.116E+12  9.820E-03  3.142E+00
     470      1     86      1     82      1      53     2.0174E+02  2.020E+10  1.749E-02  1.222E+00
     473      1     87      1     78      1      53     5.1236E+02  5.461E+11  1.524E-02  1.794E+00
     475      1     87      1     86      1      53     4.5782E+01  4.289E+07  4.770E-03  6.202E-01
     477      1     88      1     76      1      53     8.6948E+02  2.900E+11  6.729E-04  7.777E+00
     479      1     88      1     78      1      53     5.5466E+02  5.802E+08  1.000E-30  1.276E+00
     481      1     88      1     81      1      53     3.9278E+02  1.307E+11  6.684E-03  3.862E+00
     484      1     88      1     85      1      53     1.0351E+02  5.013E+09  2.940E-02  1.900E+00
     485      1     88      1     86      1      53     8.8076E+01  2.413E+07  1.000E-30  4.524E-01
     487      1     89      1     74      1      53     9.5869E+02  4.763E+10  4.119E-04  7.776E+00
     488      1     89      1     76      1      53     9.0192E+02  1.640E+10  1.000E-30  4.809E+00
     490      1     89      1     80      1      53     4.7071E+02  1.367E+10  1.067E-03  7.289E+00
     491      1     89      1     81      1      53     4.2522E+02  6.109E+09  1.000E-30  3.752E+00
     494      1     89      1     84      1      53     1.7714E+02  2.757E+09  4.135E-03  7.136E+00
     495      1     89      1     85      1      53     1.3596E+02  1.022E+09  1.000E-30  4.583E+00
     497      1     90      1     75      1      53     9.7022E+02  6.980E+10  1.000E-30  2.963E+01
     498      1     90      1     79      1      53     4.9078E+02  2.910E+10  1.000E-30  1.709E+01
     501      1     90      1     83      1      53     2.0163E+02  1.179E+10  1.000E-30  1.073E+01
     504      1     90      1     89      1      53     1.3639E+01  1.521E+06  1.000E-30  3.856E+00
     505      1     91      1     75      1      53     1.0099E+03  1.165E+11  8.061E-05  2.771E+01
     506      1     91      1     77      1      53     8.5110E+02  3.995E+09  1.000E-30  2.637E+00
     507      1     91      1     79      1      53     5.3043E+02  4.244E+10  3.686E-04  1.524E+01
     510      1     91      1     82      1      53     3.7555E+02  1.509E+09  1.000E-30  9.541E-01
     511      1     91      1     83      1      53     2.4127E+02  1.773E+10  2.818E-03  8.872E+00
     515      1     91      1     88      1      53     8.5729E+01  7.897E+07  1.000E-30  9.067E-01
     516      1     91      1     89      1      53     5.3287E+01  6.371E+08  1.572E-02  5.411E+00
     518      1     92      1     74      1      53     1.0879E+03  3.855E+10  2.947E-04  6.019E+00
     519      1     92      1     76      1      53     1.0312E+03  1.261E+10  1.000E-30  5.596E+00
     520      1     92      1     80      1      53     5.9995E+02  1.276E+10  6.610E-04  5.302E+00
     521      1     92      1     81      1      53     5.5446E+02  5.473E+09  1.000E-30  2.783E+00
     523      1     92      1     84      1      53     3.0638E+02  4.032E+09  1.637E-03  5.085E+00
     524      1     92      1     85      1      53     2.6520E+02  1.861E+09  1.000E-30  2.744E+00
     527      1     92      1     90      1      53     1.1560E+02  7.894E+08  6.118E-03  4.994E+00
     528      1     92      1     91      1      53     7.5952E+01  1.822E+08  1.000E-30  3.281E+00
     529      1     93      1     75      1      53     1.1014E+03  5.366E+10  1.000E-30  2.964E+01
     530      1     93      1     79      1      53     6.2192E+02  2.420E+10  1.000E-30  1.711E+01
     531      1     93      1     83      1      53     3.3276E+02  1.143E+10  1.000E-30  1.074E+01
     534      1     93      1     89      1      53     1.4478E+02  5.425E+09  1.000E-30  7.200E+00
     537      1     93      1     92      1      53     1.5538E+01  6.364E+06  1.000E-30  5.231E+00
     538      1     94      1     76      1      53     1.0597E+03  2.123E+11  2.546E-04  8.306E+00
     539      1     94      1     78      1      53     7.4491E+02  5.053E+08  1.000E-30  1.773E+00
     541      1     94      1     81      1      53     5.8303E+02  9.719E+10  1.333E-03  4.365E+00
     544      1     94      1     85      1      53     2.9377E+02  6.309E+10  1.264E-02  2.378E+00
     545      1     94      1     86      1      53     2.7833E+02  1.706E+08  1.000E-30  6.216E-01
     549      1     94      1     91      1      53     1.0453E+02  8.763E+09  7.900E-02  1.281E+00
     552      1     95      1     77      1      53     9.6122E+02  5.545E+11  1.427E-03  3.710E+00
     555      1     95      1     82      1      53     4.8567E+02  4.491E+11  1.943E-02  1.758E+00
     558      1     95      1     87      1      53     2.3815E+02  2.595E+08  1.000E-30  2.629E-01
     559      1     95      1     88      1      53     1.9586E+02  3.739E+10  5.798E-02  7.875E-01
     561      1     95      1     94      1      53     5.5996E+00  6.127E+03  9.157E-04  3.216E-01
     562      1     96      1     75      1      53     1.1409E+03  9.138E+10  4.295E-05  2.830E+01
     563      1     96      1     77      1      53     9.8211E+02  3.066E+09  1.000E-30  3.213E+00
     564      1     96      1     79      1      53     6.6145E+02  3.586E+10  1.552E-04  1.577E+01
     565      1     96      1     82      1      53     5.0657E+02  1.478E+09  1.000E-30  1.319E+00
     566      1     96      1     83      1      53     3.7229E+02  1.621E+10  6.607E-04  9.397E+00
     569      1     96      1     88      1      53     2.1675E+02  3.857E+08  1.000E-30  5.901E-01
     570      1     96      1     89      1      53     1.8430E+02  9.211E+09  4.958E-03  5.891E+00
     573      1     96      1     92      1      53     5.5065E+01  1.158E+09  3.817E-02  3.787E+00
     575      1     96      1     94      1      53     2.6491E+01  1.385E+06  1.000E-30  6.740E-01
     578      1     97      1     78      1      53     7.9354E+02  2.399E+11  1.450E-03  2.185E+00
     580      1     97      1     86      1      53     3.2696E+02  1.314E+11  2.598E-02  9.893E-01
     584      1     97      1     95      1      53     4.3029E+01  9.667E+07  2.054E-02  4.001E-01
     585      1     98      1     74      1      53     1.1808E+03  3.072E+10  2.185E-04  5.062E+00
     586      1     98      1     76      1      53     1.1240E+03  9.709E+09  1.000E-30  6.446E+00
     587      1     98      1     80      1      53     6.9278E+02  1.097E+10  4.759E-04  4.107E+00
     588      1     98      1     81      1      53     6.4729E+02  4.536E+09  1.000E-30  2.922E+00
     589      1     98      1     84      1      53     3.9921E+02  4.058E+09  9.956E-04  3.800E+00
     590      1     98      1     85      1      53     3.5803E+02  1.900E+09  1.000E-30  1.895E+00
     592      1     98      1     90      1      53     2.0843E+02  1.344E+09  2.385E-03  3.697E+00
     593      1     98      1     91      1      53     1.6878E+02  5.531E+08  1.000E-30  2.080E+00
     595      1     98      1     93      1      53     7.7294E+01  2.381E+08  8.507E-03  3.637E+00
     597      1     98      1     96      1      53     3.7767E+01  1.879E+07  1.000E-30  2.430E+00
     598      1     99      1     75      1      53     1.1956E+03  4.149E+10  1.000E-30  2.965E+01
     599      1     99      1     79      1      53     7.1611E+02  1.942E+10  1.000E-30  1.712E+01
     600      1     99      1     83      1      53     4.2696E+02  9.773E+09  1.000E-30  1.075E+01
     601      1     99      1     89      1      53     2.3897E+02  5.175E+09  1.000E-30  7.211E+00
     604      1     99      1     92      1      53     1.0973E+02  2.900E+09  1.000E-30  5.049E+00
     607      1     99      1     98      1      53     1.6897E+01  1.685E+07  1.000E-30  3.872E+00
     608      1    100      1     75      1      53     1.2357E+03  7.155E+10  2.610E-05  2.869E+01
     609      1    100      1     77      1      53     1.0769E+03  2.351E+09  1.000E-30  3.602E+00
     610      1    100      1     79      1      53     7.5626E+02  2.935E+10  8.294E-05  1.616E+01
     611      1    100      1     82      1      53     6.0138E+02  1.266E+09  1.000E-30  1.662E+00
     612      1    100      1     83      1      53     4.6710E+02  1.395E+10  2.761E-04  9.792E+00
     613      1    100      1     88      1      53     3.1156E+02  4.847E+08  1.000E-30  7.369E-01
     614      1    100      1     89      1      53     2.7912E+02  7.694E+09  1.122E-03  6.234E+00
     617      1    100      1     92      1      53     1.4988E+02  5.862E+09  8.484E-03  4.105E+00
     619      1    100      1     94      1      53     1.2130E+02  7.481E+07  1.000E-30  4.165E-01
     621      1    100      1     98      1      53     5.7044E+01  1.950E+09  8.414E-02  2.761E+00
     623      1    101      1     76      1      53     1.1918E+03  1.572E+11  1.283E-04  8.575E+00
     624      1    101      1     78      1      53     8.7698E+02  3.942E+08  1.000E-30  2.093E+00
     625      1    101      1     81      1      53     7.1510E+02  7.381E+10  5.116E-04  4.679E+00
     627      1    101      1     85      1      53     4.2583E+02  4.286E+10  2.456E-03  2.685E+00
     628      1    101      1     86      1      53     4.1039E+02  2.200E+08  1.000E-30  9.031E-01
     631      1    101      1     91      1      53     2.3659E+02  3.858E+10  2.275E-02  1.569E+00
     634      1    101      1     95      1      53     1.2646E+02  2.609E+07  1.000E-30  3.472E-01
     635      1    101      1     96      1      53     1.0557E+02  1.342E+10  1.857E-01  9.129E-01
     638      1    101      1    100      1      53     1.0760E+01  5.717E+04  1.070E-03  5.089E-01
     639      1    102      1     77      1      53     1.1469E+03  3.350E+11  4.656E-04  4.039E+00
     641      1    102      1     82      1      53     6.7131E+02  2.276E+11  3.072E-03  2.081E+00
     644      1    102      1     87      1      53     4.2378E+02  2.261E+08  1.000E-30  4.832E-01
     645      1    102      1     88      1      53     3.8149E+02  2.414E+11  3.549E-02  1.091E+00
     647      1    102      1     94      1      53     1.9123E+02  5.652E+10  1.529E-01  5.419E-01
     650      1    102      1     97      1      53     1.4260E+02  1.385E+08  1.000E-30  1.733E-01
     652      1    102      1    101      1      53     5.9168E+01  8.785E+06  1.417E-03  2.540E-01
     653      1    103      1     76      1      53     1.2875E+03  1.192E+11  7.484E-05  8.842E+00
     654      1    103      1     78      1      53     9.7272E+02  3.024E+08  1.000E-30  2.302E+00
     655      1    103      1     81      1      53     8.1083E+02  5.710E+10  2.597E-04  4.888E+00
     656      1    103      1     85      1      53     5.2157E+02  3.256E+10  9.428E-04  2.888E+00
     657      1    103      1     86      1      53     5.0613E+02  2.079E+08  1.000E-30  1.106E+00
     659      1    103      1     91      1      53     3.3233E+02  2.345E+10  4.293E-03  1.772E+00
     662      1    103      1     95      1      53     2.2220E+02  5.669E+07  1.000E-30  5.151E-01
     663      1    103      1     96      1      53     2.0131E+02  2.841E+10  3.982E-02  1.097E+00
     665      1    103      1    100      1      53     1.0650E+02  1.808E+10  3.962E-01  6.755E-01
     667      1    103      1    102      1      53     3.6571E+01  8.193E+05  1.000E-30  2.202E-01
     668      1    104      1     78      1      53     9.7661E+02  1.310E+11  3.844E-04  2.410E+00
     670      1    104      1     86      1      53     5.1003E+02  8.695E+10  3.588E-03  1.208E+00
     674      1    104      1     95      1      53     2.2610E+02  4.204E+10  4.166E-02  6.097E-01
     677      1    104      1    102      1      53     4.0464E+01  1.524E+08  5.884E-02  2.777E-01
     679      1    105      1     77      1      53     1.2750E+03  2.207E+11  2.128E-04  4.238E+00
     680      1    105      1     82      1      53     7.9944E+02  1.441E+11  1.050E-03  2.279E+00
     682      1    105      1     87      1      53     5.5191E+02  1.589E+08  1.000E-30  6.751E-01
     683      1    105      1     88      1      53     5.0962E+02  1.171E+11  5.894E-03  1.283E+00
     685      1    105      1     94      1      53     3.1936E+02  1.557E+11  6.077E-02  7.242E-01
     688      1    105      1     97      1      53     2.7073E+02  1.701E+08  1.000E-30  2.755E-01
     690      1    105      1    101      1      53     1.8730E+02  7.339E+10  3.426E-01  3.977E-01
     692      1    105      1    103      1      53     9.1560E+01  1.417E+07  7.555E-04  2.070E-01
     693      1    105      1    104      1      53     8.7667E+01  5.273E+07  1.000E-30  1.312E-01
     694      1    106      1     78      1      53     1.1024E+03  8.082E+10  1.560E-04  2.549E+00
     695      1    106      1     86      1      53     6.3583E+02  5.794E+10  1.104E-03  1.347E+00
     698      1    106      1     95      1      53     3.5190E+02  3.230E+10  6.595E-03  7.477E-01
     701      1    106      1    102      1      53     1.6626E+02  1.671E+10  6.428E-02  4.061E-01
     704      1    106      1    105      1      53     3.8133E+01  1.988E+08  1.362E-01  2.066E-01
     705      1    107      1     77      1      53     1.3672E+03  1.543E+11  1.170E-04  4.371E+00
     706      1    107      1     82      1      53     8.9170E+02  9.905E+10  4.905E-04  2.412E+00
     707      1    107      1     87      1      53     6.4417E+02  1.123E+08  1.000E-30  8.072E-01
     708      1    107      1     88      1      53     6.0188E+02  7.365E+10  2.024E-03  1.416E+00
     710      1    107      1     94      1      53     4.1162E+02  7.198E+10  1.035E-02  8.576E-01
     712      1    107      1     97      1      53     3.6299E+02  1.389E+08  1.000E-30  3.980E-01
     714      1    107      1    101      1      53     2.7956E+02  1.159E+11  9.817E-02  5.197E-01
     716      1    107      1    103      1      53     1.8382E+02  8.409E+10  6.756E-01  3.109E-01
     717      1    107      1    104      1      53     1.7993E+02  9.275E+07  1.000E-30  1.775E-01
     719      1    107      1    106      1      53     5.4126E+01  1.649E+07  1.000E-30  1.109E-01
     720      1    108      1     78      1      53     1.1926E+03  5.385E+10  7.940E-05  2.635E+00
     721      1    108      1     86      1      53     7.2599E+02  4.044E+10  4.839E-04  1.439E+00
     723      1    108      1     95      1      53     4.4206E+02  2.385E+10  2.187E-03  8.336E-01
     725      1    108      1    102      1      53     2.5642E+02  1.351E+10  1.084E-02  4.945E-01
     728      1    108      1    105      1      53     1.2829E+02  7.774E+09  9.457E-02  2.911E-01
     730      1    108      1    107      1      53     3.6034E+01  2.308E+08  2.644E-01  1.658E-01
     731      1    110      1    109      1      53     1.0325E+02  2.409E+08  1.000E-30  3.596E+02
     732      1    111      1    109      1      53     6.2828E+02  6.104E+10  4.529E-06  4.026E+02
     733      1    114      1    113      1      54     7.1415E+00  7.350E+02  1.000E-30  5.883E-04
     735      1    115      1    114      1      54     4.2027E+02  5.563E+09  7.311E-02  3.354E-02
     736      1    117      1    116      1      54     8.2284E+01  2.628E+07  8.676E-01  6.660E-03
     737      1    118      1    117      1      54     6.5579E+01  1.724E+07  1.220E-05  9.900E+01
     739      1    120      1    119      1      54     2.7707E+01  5.980E+05  2.536E+00  2.599E-03
     740      1    121      1    120      1      54     3.4184E+01  5.434E+06  7.617E-05  3.527E+01
     743      1    122      1    121      1      54     1.1729E+01  4.750E+04  3.474E-05  1.004E+01
     745      1    124      1    119      1      54     9.4819E+02  3.620E+11  8.037E-04  3.134E+01
     746      1    124      1    121      1      54     8.8629E+02  1.154E+11  1.000E-30  1.768E+01
     747      1    123      1    120      1      54     9.0352E+02  4.214E+11  1.000E-30  5.148E+01
     749      1    124      1    123      1      54     1.6956E+01  5.493E+05  6.271E-01  1.242E-02
     750      1    125      1    120      1      54     9.3511E+02  7.652E+11  4.298E-04  4.300E+01
     753      1    125      1    122      1      54     8.8920E+02  2.813E+10  1.000E-30  3.415E+00
     754      1    125      1    124      1      54     1.4632E+01  4.994E+05  1.410E-04  2.233E+01
     757      1    126      1    121      1      54     9.0719E+02  1.290E+12  1.368E-03  1.499E+01
     759      1    126      1    125      1      54     6.2624E+00  1.375E+04  1.283E-04  5.173E+00
     761      1    127      1    122      1      54     9.0472E+02  2.145E+12  3.588E-03  6.860E+00
     763      1    127      1    126      1      54     9.2648E+00  1.648E+04  8.618E-05  2.037E+00
     765      1    129      1    121      1      54     1.3816E+03  8.952E+10  1.000E-30  9.967E+00
     767      1    129      1    123      1      54     5.1224E+02  6.299E+10  1.536E-03  1.810E+01
     768      1    129      1    125      1      54     4.8065E+02  3.102E+10  1.000E-30  1.082E+01
     770      1    128      1    120      1      54     1.4063E+03  3.531E+11  1.000E-30  5.136E+01
     772      1    128      1    124      1      54     4.8585E+02  9.054E+10  1.000E-30  3.177E+01
     775      1    129      1    128      1      54     9.4325E+00  1.002E+05  8.952E-01  9.945E-03
     777      1    130      1    120      1      54     1.4246E+03  4.516E+11  8.502E-04  3.632E+00
     779      1    130      1    122      1      54     1.3787E+03  1.872E+10  1.000E-30  4.669E+00
     780      1    130      1    124      1      54     5.0408E+02  1.199E+11  6.889E-04  2.686E+01
     783      1    130      1    126      1      54     4.8319E+02  1.155E+10  1.000E-30  2.057E+00
     785      1    130      1    129      1      54     8.7978E+00  1.432E+05  3.204E-04  1.296E+01
     788      1    131      1    121      1      54     1.3942E+03  9.886E+11  2.558E-04  1.690E+01
     790      1    131      1    125      1      54     4.9329E+02  1.948E+11  2.607E-03  7.399E+00
     791      1    131      1    127      1      54     4.7777E+02  3.107E+09  1.000E-30  8.071E-01
     793      1    131      1    130      1      54     3.8408E+00  4.714E+03  3.284E-04  3.003E+00
     795      1    132      1    122      1      54     1.3904E+03  1.052E+12  4.112E-04  8.053E+00
     797      1    132      1    126      1      54     4.9497E+02  3.071E+11  6.445E-03  3.359E+00
     799      1    132      1    131      1      54     7.9348E+00  1.916E+04  2.746E-04  1.183E+00
     800      1    133      1    127      1      54     4.8686E+02  4.289E+11  1.309E-02  1.906E+00
     801      1    133      1    132      1      54     1.1594E+00  1.703E+01  1.209E-04  5.955E-01
     802      1    134      1    124      1      54     7.8763E+02  8.641E+10  1.000E-30  3.169E+01
     804      1    134      1    129      1      54     2.9235E+02  2.542E+10  1.000E-30  1.834E+01
     808      1    135      1    123      1      54     8.1021E+02  6.728E+10  6.534E-04  1.148E+01
     809      1    135      1    125      1      54     7.7862E+02  2.770E+10  1.000E-30  1.002E+01
     811      1    135      1    128      1      54     3.0740E+02  1.491E+10  2.681E-03  1.138E+01
     812      1    135      1    130      1      54     2.8917E+02  9.730E+09  1.000E-30  5.781E+00
     814      1    135      1    134      1      54     5.6221E+00  4.379E+04  4.828E-03  3.039E+00
     815      1    136      1    124      1      54     7.9909E+02  1.253E+11  1.531E-04  3.168E+01
     818      1    136      1    126      1      54     7.7820E+02  9.152E+09  1.000E-30  4.982E+00
     819      1    136      1    129      1      54     3.0380E+02  2.710E+10  1.044E-03  1.831E+01
     822      1    136      1    131      1      54     2.9116E+02  4.431E+09  1.000E-30  2.877E+00
     825      1    136      1    135      1      54     5.8334E+00  5.246E+04  6.361E-04  8.211E+00
     827      1    137      1    125      1      54     7.8707E+02  1.877E+11  4.549E-04  1.003E+01
     828      1    137      1    127      1      54     7.7154E+02  2.095E+09  1.000E-30  3.012E+00
     830      1    137      1    130      1      54     2.9761E+02  4.193E+10  3.263E-03  5.797E+00
     831      1    137      1    132      1      54     2.8584E+02  1.748E+09  1.000E-30  1.735E+00
     833      1    137      1    136      1      54     2.6080E+00  1.955E+03  6.947E-04  1.882E+00
     835      1    138      1    126      1      54     7.8806E+02  2.419E+11  8.400E-04  4.986E+00
     837      1    138      1    131      1      54     3.0103E+02  6.519E+10  7.099E-03  2.880E+00
     838      1    138      1    133      1      54     2.9194E+02  5.656E+08  1.000E-30  1.164E+00
     840      1    138      1    137      1      54     7.2571E+00  2.067E+04  6.163E-04  7.437E-01
     841      1    139      1    127      1      54     7.7953E+02  2.151E+11  9.932E-04  3.015E+00
     842      1    139      1    132      1      54     2.9383E+02  8.384E+10  1.276E-02  1.738E+00
     843      1    139      1    138      1      54     7.3047E-01  7.965E+00  3.604E-04  3.736E-01
     844      1    140      1    133      1      54     2.9317E+02  1.146E+11  2.175E-02  1.162E+00
     845      1    140      1    139      1      54     5.0455E-01  9.971E-01  1.929E-04  2.168E-01
     846      1    141      1    124      1      54     9.8280E+02  6.881E+10  1.000E-30  3.167E+01
     847      1    141      1    129      1      54     4.8751E+02  2.650E+10  1.000E-30  1.829E+01
     851      1    141      1    135      1      54     1.8954E+02  8.494E+09  1.000E-30  1.149E+01
     853      1    142      1    123      1      54     1.0032E+03  5.644E+10  4.293E-04  7.715E+00
     854      1    142      1    125      1      54     9.7165E+02  2.104E+10  1.000E-30  1.004E+01
     856      1    142      1    128      1      54     5.0043E+02  1.735E+10  1.070E-03  7.676E+00
     857      1    142      1    130      1      54     4.8220E+02  9.582E+09  1.000E-30  5.804E+00
     859      1    142      1    134      1      54     1.9865E+02  4.385E+09  4.388E-03  7.586E+00
     861      1    142      1    136      1      54     1.8719E+02  3.485E+09  1.000E-30  4.863E+00
     863      1    142      1    141      1      54     3.4847E+00  1.139E+04  8.498E-03  1.901E+00
     864      1    143      1    124      1      54     9.9046E+02  1.042E+11  6.691E-05  3.166E+01
     865      1    143      1    126      1      54     9.6956E+02  6.508E+09  1.000E-30  4.997E+00
     866      1    143      1    129      1      54     4.9517E+02  3.123E+10  2.778E-04  1.829E+01
     869      1    143      1    131      1      54     4.8253E+02  3.972E+09  1.000E-30  2.893E+00
     872      1    143      1    135      1      54     1.9720E+02  7.726E+09  2.111E-03  9.445E+00
     874      1    143      1    137      1      54     1.8876E+02  1.793E+09  1.000E-30  9.811E-01
     877      1    143      1    142      1      54     4.1712E+00  2.279E+04  1.138E-03  5.458E+00
     878      1    144      1    125      1      54     9.7774E+02  1.481E+11  1.870E-04  1.004E+01
     879      1    144      1    127      1      54     9.6221E+02  1.357E+09  1.000E-30  3.028E+00
     881      1    144      1    130      1      54     4.8829E+02  4.616E+10  8.096E-04  5.808E+00
     882      1    144      1    132      1      54     4.7651E+02  1.415E+09  1.000E-30  1.751E+00
     884      1    144      1    136      1      54     1.9328E+02  1.144E+10  7.442E-03  2.551E+00
     885      1    144      1    138      1      54     1.8342E+02  8.180E+08  1.000E-30  3.418E-01
     887      1    144      1    143      1      54     1.9160E+00  9.694E+02  1.297E-03  1.262E+00
     888      1    145      1    126      1      54     9.7835E+02  1.705E+11  3.082E-04  5.000E+00
     890      1    145      1    131      1      54     4.9132E+02  6.306E+10  1.557E-03  2.895E+00
     891      1    145      1    133      1      54     4.8223E+02  3.660E+08  1.000E-30  1.179E+00
     893      1    145      1    137      1      54     1.9755E+02  1.767E+10  1.751E-02  1.137E+00
     894      1    145      1    139      1      54     1.8956E+02  4.177E+08  1.000E-30  1.726E-01
     896      1    145      1    144      1      54     6.8766E+00  2.241E+04  1.167E-03  5.007E-01
     897      1    146      1    127      1      54     9.6958E+02  1.225E+11  2.922E-04  3.029E+00
     898      1    146      1    132      1      54     4.8388E+02  6.794E+10  2.260E-03  1.752E+00
     899      1    146      1    138      1      54     1.9078E+02  2.076E+10  3.239E-02  6.366E-01
     900      1    146      1    140      1      54     1.8955E+02  1.281E+08  1.000E-30  1.138E-01
     901      1    146      1    145      1      54     4.8959E-01  3.404E+00  7.517E-04  2.543E-01
     902      1    147      1    133      1      54     4.8306E+02  5.697E+10  2.320E-03  1.177E+00
     903      1    147      1    139      1      54     1.9039E+02  2.697E+10  5.608E-02  4.059E-01
     904      1    147      1    146      1      54     3.3818E-01  5.667E-01  5.307E-04  1.485E-01
     905      1    148      1    140      1      54     1.9013E+02  3.422E+10  9.143E-02  2.805E-01
     906      1    148      1    147      1      54     2.4746E-01  8.810E-02  2.806E-04  9.401E-02
     907      1    149      1    124      1      54     1.1162E+03  5.308E+10  1.000E-30  3.167E+01
     908      1    149      1    129      1      54     6.2092E+02  2.249E+10  1.000E-30  1.828E+01
     910      1    149      1    135      1      54     3.2295E+02  9.467E+09  1.000E-30  1.151E+01
     913      1    149      1    142      1      54     1.2992E+02  3.246E+09  1.000E-30  7.712E+00
     915      1    150      1    123      1      54     1.1354E+03  4.503E+10  3.348E-04  5.446E+00
     916      1    150      1    125      1      54     1.1038E+03  1.580E+10  1.000E-30  1.005E+01
     917      1    150      1    128      1      54     6.3256E+02  1.559E+10  6.755E-04  5.407E+00
     918      1    150      1    130      1      54     6.1433E+02  7.855E+09  1.000E-30  5.817E+00
     919      1    150      1    134      1      54     3.3078E+02  5.442E+09  1.660E-03  5.375E+00
     921      1    150      1    136      1      54     3.1933E+02  3.731E+09  1.000E-30  2.901E+00
     923      1    150      1    141      1      54     1.3562E+02  1.504E+09  6.755E-03  5.341E+00
     925      1    150      1    143      1      54     1.2796E+02  1.394E+09  1.000E-30  3.489E+00
     927      1    150      1    149      1      54     2.2069E+00  3.053E+03  1.465E-02  1.174E+00
     928      1    151      1    124      1      54     1.1216E+03  8.252E+10  3.650E-05  3.165E+01
     929      1    151      1    126      1      54     1.1007E+03  4.677E+09  1.000E-30  5.010E+00
     930      1    151      1    129      1      54     6.2630E+02  2.792E+10  1.228E-04  1.828E+01
     931      1    151      1    131      1      54     6.1366E+02  3.067E+09  1.000E-30  2.905E+00
     933      1    151      1    135      1      54     3.2833E+02  9.531E+09  5.304E-04  1.003E+01
     935      1    151      1    137      1      54     3.1989E+02  1.766E+09  1.000E-30  6.355E-01
     937      1    151      1    142      1      54     1.3530E+02  2.611E+09  3.332E-03  6.271E+00
     939      1    151      1    144      1      54     1.2921E+02  7.777E+08  1.000E-30  7.222E-01
     941      1    151      1    150      1      54     3.1681E+00  1.172E+04  1.915E-03  3.808E+00
     942      1    152      1    125      1      54     1.1084E+03  1.133E+11  9.805E-05  1.006E+01
     943      1    152      1    127      1      54     1.0929E+03  9.165E+08  1.000E-30  3.039E+00
     944      1    152      1    130      1      54     6.1900E+02  4.003E+10  3.436E-04  5.821E+00
     945      1    152      1    132      1      54     6.0722E+02  1.021E+09  1.000E-30  1.763E+00
     947      1    152      1    136      1      54     3.2399E+02  1.385E+10  1.677E-03  2.883E+00
     948      1    152      1    138      1      54     3.1413E+02  7.622E+08  1.000E-30  3.682E-01
     950      1    152      1    143      1      54     1.3263E+02  3.734E+09  1.146E-02  1.683E+00
     951      1    152      1    145      1      54     1.2383E+02  3.756E+08  1.000E-30  2.575E-01
     953      1    152      1    151      1      54     1.4980E+00  5.393E+02  2.135E-03  8.928E-01
     954      1    153      1    126      1      54     1.1088E+03  1.215E+11  1.506E-04  5.011E+00
     955      1    153      1    131      1      54     6.2180E+02  5.067E+10  6.143E-04  2.907E+00
     956      1    153      1    133      1      54     6.1271E+02  2.326E+08  1.000E-30  1.190E+00
     958      1    153      1    137      1      54     3.2803E+02  1.949E+10  3.484E-03  1.347E+00
     959      1    153      1    139      1      54     3.2004E+02  3.210E+08  1.000E-30  2.793E-01
     961      1    153      1    144      1      54     1.3736E+02  5.863E+09  2.657E-02  7.491E-01
     962      1    153      1    146      1      54     1.2999E+02  2.463E+08  1.000E-30  1.264E-01
     963      1    153      1    152      1      54     6.6466E+00  2.432E+04  1.963E-03  3.580E-01
     964      1    154      1    127      1      54     1.0999E+03  7.709E+10  1.255E-04  3.040E+00
     965      1    154      1    132      1      54     6.1421E+02  4.857E+10  7.838E-04  1.763E+00
     966      1    154      1    138      1      54     3.2112E+02  2.160E+10  5.535E-03  7.828E-01
     967      1    154      1    140      1      54     3.1988E+02  8.020E+07  1.000E-30  2.222E-01
     968      1    154      1    145      1      54     1.3082E+02  6.321E+09  4.757E-02  4.178E-01
     969      1    154      1    147      1      54     1.3000E+02  1.137E+08  1.000E-30  7.877E-02
     970      1    154      1    153      1      54     3.4390E-01  1.511E+00  1.327E-03  1.840E-01
     971      1    155      1    133      1      54     6.1329E+02  3.203E+10  6.302E-04  1.188E+00
     972      1    155      1    139      1      54     3.2062E+02  2.272E+10  7.308E-03  5.138E-01
     973      1    155      1    146      1      54     1.3057E+02  7.879E+09  7.980E-02  2.661E-01
     974      1    155      1    148      1      54     1.2999E+02  3.526E+07  1.000E-30  5.847E-02
     975      1    155      1    154      1      54     2.3759E-01  2.803E-01  1.035E-03  1.090E-01
     976      1    156      1    124      1      54     1.2114E+03  4.095E+10  1.000E-30  3.165E+01
     977      1    156      1    129      1      54     7.1613E+02  1.821E+10  1.000E-30  1.828E+01
     978      1    156      1    135      1      54     4.1816E+02  8.452E+09  1.000E-30  1.152E+01
     980      1    156      1    142      1      54     2.2513E+02  3.814E+09  1.000E-30  7.722E+00
     983      1    156      1    150      1      54     9.3002E+01  1.385E+09  1.000E-30  5.419E+00
     985      1    157      1    123      1      54     1.2298E+03  3.557E+10  2.832E-04  4.002E+00
     986      1    157      1    125      1      54     1.1982E+03  1.195E+10  1.000E-30  1.006E+01
     987      1    157      1    128      1      54     7.2695E+02  1.310E+10  5.099E-04  3.962E+00
     988      1    157      1    130      1      54     7.0872E+02  6.216E+09  1.000E-30  5.826E+00
     989      1    157      1    134      1      54     4.2517E+02  5.165E+09  1.013E-03  3.937E+00
     990      1    157      1    136      1      54     4.1371E+02  3.229E+09  1.000E-30  2.014E+00
     991      1    157      1    141      1      54     2.3000E+02  1.985E+09  2.475E-03  3.916E+00
     993      1    157      1    143      1      54     2.2235E+02  1.584E+09  1.000E-30  2.199E+00
     995      1    157      1    149      1      54     9.6594E+01  5.835E+08  9.997E-03  3.894E+00
     997      1    157      1    151      1      54     9.1219E+01  6.066E+08  1.000E-30  2.587E+00
     999      1    157      1    156      1      54     1.3856E+00  7.660E+02  2.511E-02  7.046E-01
    1000      1    158      1    124      1      54     1.2153E+03  6.468E+10  2.248E-05  3.166E+01
    1001      1    158      1    126      1      54     1.1944E+03  3.435E+09  1.000E-30  5.020E+00
    1002      1    158      1    129      1      54     7.2004E+02  2.332E+10  6.751E-05  1.828E+01
    1003      1    158      1    131      1      54     7.0740E+02  2.335E+09  1.000E-30  2.915E+00
    1004      1    158      1    135      1      54     4.2207E+02  9.004E+09  2.268E-04  1.043E+01
    1005      1    158      1    137      1      54     4.1363E+02  1.456E+09  1.000E-30  7.915E-01
    1007      1    158      1    142      1      54     2.2904E+02  3.395E+09  8.420E-04  6.633E+00
    1009      1    158      1    144      1      54     2.2296E+02  8.258E+08  1.000E-30  4.489E-01
    1011      1    158      1    150      1      54     9.6914E+01  1.008E+09  5.031E-03  4.369E+00
    1012      1    158      1    152      1      54     9.2248E+01  3.595E+08  1.000E-30  5.532E-01
    1014      1    158      1    157      1      54     2.5273E+00  6.906E+03  3.069E-03  2.762E+00
    1015      1    159      1    125      1      54     1.2019E+03  8.691E+10  5.893E-05  1.007E+01
    1016      1    159      1    127      1      54     1.1864E+03  6.454E+08  1.000E-30  3.051E+00
    1017      1    159      1    130      1      54     7.1248E+02  3.274E+10  1.840E-04  5.830E+00
    1018      1    159      1    132      1      54     7.0070E+02  7.386E+08  1.000E-30  1.772E+00
    1019      1    159      1    136      1      54     4.1747E+02  1.284E+10  6.758E-04  3.098E+00
    1020      1    159      1    138      1      54     4.0761E+02  5.985E+08  1.000E-30  5.464E-01
    1022      1    159      1    143      1      54     2.2610E+02  4.839E+09  2.630E-03  1.892E+00
    1023      1    159      1    145      1      54     2.1731E+02  3.950E+08  1.000E-30  2.294E-01
    1025      1    159      1    151      1      54     9.4977E+01  1.396E+09  1.689E-02  1.172E+00
    1026      1    159      1    153      1      54     8.6832E+01  1.745E+08  1.000E-30  2.033E-01
    1028      1    159      1    158      1      54     1.2307E+00  3.399E+02  3.304E-03  6.565E-01
    1029      1    160      1    126      1      54     1.2022E+03  8.893E+10  8.631E-05  5.021E+00
    1030      1    160      1    131      1      54     7.1513E+02  3.946E+10  3.132E-04  2.916E+00
    1031      1    160      1    133      1      54     7.0604E+02  1.562E+08  1.000E-30  1.200E+00
    1032      1    160      1    137      1      54     4.2136E+02  1.707E+10  1.304E-03  1.484E+00
    1033      1    160      1    139      1      54     4.1337E+02  2.254E+08  1.000E-30  4.073E-01
    1035      1    160      1    144      1      54     2.3069E+02  6.958E+09  5.498E-03  8.802E-01
    1036      1    160      1    146      1      54     2.2332E+02  2.124E+08  1.000E-30  1.717E-01
    1037      1    160      1    152      1      54     9.9979E+01  2.264E+09  3.893E-02  5.206E-01
    1038      1    160      1    154      1      54     9.2988E+01  1.384E+08  1.000E-30  1.017E-01
    1039      1    160      1    159      1      54     6.4994E+00  2.644E+04  3.029E-03  2.693E-01
    1040      1    161      1    127      1      54     1.1932E+03  5.200E+10  6.615E-05  3.049E+00
    1041      1    161      1    132      1      54     7.0745E+02  3.505E+10  3.679E-04  1.772E+00
    1042      1    161      1    138      1      54     4.1436E+02  1.788E+10  1.894E-03  8.754E-01
    1043      1    161      1    140      1      54     4.1312E+02  4.989E+07  1.000E-30  3.154E-01
    1044      1    161      1    145      1      54     2.2406E+02  7.606E+09  8.808E-03  5.123E-01
    1045      1    161      1    147      1      54     2.2323E+02  8.418E+07  1.000E-30  1.386E-01
    1046      1    161      1    153      1      54     9.3583E+01  2.191E+09  6.594E-02  2.920E-01
    1047      1    161      1    155      1      54     9.3001E+01  7.668E+07  1.000E-30  6.267E-02
    1048      1    161      1    160      1      54     2.5061E-01  7.018E-01  2.075E-03  1.417E-01
    1049      1    162      1    133      1      54     7.0646E+02  2.010E+10  2.565E-04  1.198E+00
    1050      1    162      1    139      1      54     4.1380E+02  1.629E+10  2.119E-03  5.860E-01
    1051      1    162      1    146      1      54     2.2375E+02  8.566E+09  1.245E-02  3.369E-01
    1052      1    162      1    148      1      54     2.2316E+02  2.129E+07  1.000E-30  1.152E-01
    1053      1    162      1    154      1      54     9.3412E+01  2.658E+09  1.075E-01  1.875E-01
    1054      1    162      1    161      1      54     1.7317E-01  1.386E-01  1.660E-03  8.653E-02
    1381      1    165      1    164      1       1     1.0199E+01  4.118E+04  1.603E-03  4.965E-02
    1384      1    167      1    164      1       1     1.0199E+01  8.223E+04  3.207E-03  4.965E-02
    1387      1    169      1    164      1       1     1.2088E+01  1.402E+04  4.871E-04  1.013E-01
    1389      1    169      1    166      1       1     1.8887E+00  2.941E+02  2.244E-04  1.476E-01
    1392      1    168      1    165      1       1     1.8887E+00  9.199E+00  4.443E-06  2.314E-01
    1394      1    168      1    167      1       1     1.8886E+00  1.840E+01  8.886E-06  2.314E-01
    1396      1    170      1    165      1       1     1.8887E+00  4.706E+02  3.469E-04  1.516E-01
    1398      1    170      1    167      1       1     1.8887E+00  9.402E+02  6.934E-04  1.516E-01
    1399      1    172      1    164      1       1     1.2749E+01  2.299E+02  1.089E-04  1.662E-01
    1401      1    172      1    166      1       1     2.5497E+00  6.526E+00  8.567E-06  1.216E+00
    1404      1    172      1    168      1       1     6.6104E-01  5.366E-01  5.738E-06  7.887E-01
    1405      1    172      1    170      1       1     6.6103E-01  6.082E-02  7.329E-07  7.089E-01
    1407      1    171      1    165      1       1     2.5497E+00  1.936E-01  4.611E-07  6.683E-01
    1409      1    171      1    167      1       1     2.5497E+00  3.872E-01  9.223E-07  6.683E-01
    1410      1    171      1    169      1       1     6.6103E-01  1.072E-01  1.121E-06  8.120E-01
    1414      1    173      1    165      1       1     2.5497E+00  7.746E+00  2.376E-05  5.187E-01
    1416      1    173      1    167      1       1     2.5497E+00  1.552E+01  4.761E-05  5.187E-01
    1417      1    173      1    169      1       1     6.6104E-01  2.054E+00  2.624E-05  6.624E-01
    1425      1    174      1    170      1       1     6.6103E-01  5.639E+00  9.940E-05  4.818E-01
    1426      1    176      1    164      1       1     1.3054E+01  5.671E+00  3.098E-05  2.685E-01
    1428      1    176      1    166      1       1     2.8557E+00  1.788E-01  2.510E-06  1.519E+00
    1430      1    176      1    168      1       1     9.6701E-01  2.004E-02  4.092E-07  1.679E+00
    1431      1    176      1    170      1       1     9.6699E-01  1.827E-03  3.999E-08  1.599E+00
    1433      1    176      1    171      1       1     3.0597E-01  2.849E-03  1.000E-30  2.115E+00
    1434      1    176      1    173      1       1     3.0596E-01  7.284E-04  1.000E-30  1.965E+00
    1437      1    175      1    165      1       1     2.8557E+00  5.152E-03  6.912E-08  1.589E+00
    1439      1    175      1    167      1       1     2.8556E+00  1.030E-02  1.382E-07  1.589E+00
    1440      1    175      1    169      1       1     9.6700E-01  3.685E-03  7.363E-08  1.732E+00
    1443      1    175      1    172      1       1     3.0596E-01  8.310E-04  1.000E-30  2.145E+00
    1447      1    177      1    165      1       1     2.8557E+00  1.891E-01  2.987E-06  1.349E+00
    1449      1    177      1    167      1       1     2.8557E+00  3.777E-01  5.966E-06  1.349E+00
    1450      1    177      1    169      1       1     9.6700E-01  6.893E-02  1.598E-06  1.493E+00
    1453      1    177      1    172      1       1     3.0597E-01  9.587E-03  1.000E-30  1.905E+00
    1456      1    177      1    174      1       1     3.0596E-01  3.255E-04  1.000E-30  1.678E+00
    1461      1    178      1    170      1       1     9.6699E-01  1.296E-01  3.710E-06  1.223E+00
    1463      1    178      1    173      1       1     3.0596E-01  2.334E-02  1.000E-30  1.588E+00
    1469      1    179      1    174      1       1     3.0596E-01  4.954E-02  1.000E-30  1.197E+00
    1470      1    181      1    164      1       1     1.3221E+01  2.546E-01  1.251E-05  3.722E-01
    1472      1    181      1    166      1       1     3.0219E+00  8.418E-03  6.656E-07  3.155E+00
    1473      1    181      1    168      1       1     1.1332E+00  1.055E-03  1.243E-07  3.316E+00
    1474      1    181      1    170      1       1     1.1332E+00  8.650E-05  1.059E-08  3.236E+00
    1476      1    181      1    171      1       1     4.7217E-01  2.053E-04  1.000E-30  3.751E+00
    1477      1    181      1    173      1       1     4.7216E-01  4.338E-05  1.000E-30  3.602E+00
    1480      1    181      1    175      1       1     1.6620E-01  3.945E-05  5.590E-10  4.671E+00
    1481      1    181      1    177      1       1     1.6620E-01  1.555E-05  2.323E-10  4.432E+00
    1484      1    180      1    165      1       1     3.0219E+00  2.409E-04  1.843E-08  3.262E+00
    1486      1    180      1    167      1       1     3.0218E+00  4.811E-04  3.681E-08  3.262E+00
    1487      1    180      1    169      1       1     1.1332E+00  1.866E-04  2.154E-08  3.405E+00
    1488      1    180      1    172      1       1     4.7217E-01  5.479E-05  1.000E-30  3.818E+00
    1491      1    180      1    176      1       1     1.6620E-01  1.449E-05  2.039E-10  4.707E+00
    1495      1    182      1    165      1       1     3.0219E+00  8.416E-03  7.204E-07  2.913E+00
    1497      1    182      1    167      1       1     3.0219E+00  1.688E-02  1.445E-06  2.913E+00
    1498      1    182      1    169      1       1     1.1332E+00  3.459E-03  4.444E-07  3.056E+00
    1499      1    182      1    172      1       1     4.7217E-01  6.626E-04  1.000E-30  3.469E+00
    1502      1    182      1    174      1       1     4.7216E-01  1.646E-05  1.000E-30  3.242E+00
    1503      1    182      1    176      1       1     1.6620E-01  1.215E-04  1.844E-09  4.358E+00
    1506      1    182      1    178      1       1     1.6620E-01  1.056E-05  1.756E-10  3.982E+00
    1509      1    183      1    170      1       1     1.1332E+00  5.540E-03  8.190E-07  2.676E+00
    1511      1    183      1    173      1       1     4.7216E-01  1.383E-03  1.000E-30  3.042E+00
    1513      1    183      1    177      1       1     1.6620E-01  2.740E-04  4.678E-09  3.872E+00
    1514      1    183      1    179      1       1     1.6620E-01  4.308E-06  8.408E-11  3.391E+00
    1517      1    184      1    174      1       1     4.7216E-01  1.898E-03  1.000E-30  2.505E+00
    1519      1    184      1    178      1       1     1.6620E-01  5.408E-04  1.101E-08  3.245E+00
    1521      1    185      1    179      1       1     1.6620E-01  9.832E-04  2.573E-08  2.523E+00
    1523      1    186      1    165      1       1     3.1221E+00  1.715E-05  6.059E-09  6.017E+00
    1524      1    186      1    167      1       1     3.1221E+00  3.430E-05  1.212E-08  6.017E+00
    1525      1    186      1    169      1       1     1.2334E+00  1.389E-05  7.296E-09  6.160E+00
    1526      1    186      1    172      1       1     5.7238E-01  4.471E-06  9.284E-12  6.573E+00
    1527      1    186      1    176      1       1     2.6642E-01  1.550E-06  4.834E-11  7.462E+00
    1530      1    186      1    181      1       1     1.0021E-01  4.554E-07  6.357E-12  9.099E+00
    1533      1    187      1    164      1       1     1.3321E+01  1.776E-02  5.679E-06  5.044E-01
    1534      1    187      1    166      1       1     3.1221E+00  6.038E-04  2.186E-07  5.867E+00
    1535      1    187      1    168      1       1     1.2334E+00  8.032E-05  4.287E-08  6.027E+00
    1536      1    187      1    170      1       1     1.2334E+00  6.170E-06  3.379E-09  5.948E+00
    1537      1    187      1    171      1       1     5.7238E-01  1.746E-05  3.201E-11  6.463E+00
    1538      1    187      1    173      1       1     5.7238E-01  3.325E-06  8.872E-12  6.313E+00
    1540      1    187      1    175      1       1     2.6642E-01  4.579E-06  1.442E-10  7.383E+00
    1541      1    187      1    177      1       1     2.6642E-01  1.521E-06  4.956E-11  7.143E+00
    1544      1    187      1    180      1       1     1.0022E-01  1.058E-06  1.483E-11  9.055E+00
    1545      1    187      1    182      1       1     1.0021E-01  5.519E-07  8.051E-12  8.706E+00
    1548      1    188      1    165      1       1     3.1221E+00  5.855E-04  2.243E-07  5.538E+00
    1549      1    188      1    167      1       1     3.1221E+00  1.171E-03  4.486E-07  5.538E+00
    1550      1    188      1    169      1       1     1.2334E+00  2.553E-04  1.452E-07  5.682E+00
    1551      1    188      1    172      1       1     5.7238E-01  5.500E-05  1.230E-10  6.094E+00
    1552      1    188      1    174      1       1     5.7238E-01  1.158E-06  4.131E-12  5.867E+00
    1553      1    188      1    176      1       1     2.6642E-01  1.393E-05  4.634E-10  6.984E+00
    1556      1    188      1    178      1       1     2.6642E-01  9.172E-07  3.228E-11  6.607E+00
    1558      1    188      1    181      1       1     1.0022E-01  3.075E-06  4.522E-11  8.620E+00
    1561      1    188      1    183      1       1     1.0021E-01  4.551E-07  7.169E-12  8.060E+00
    1564      1    189      1    170      1       1     1.2334E+00  3.757E-04  2.360E-07  5.172E+00
    1565      1    189      1    173      1       1     5.7238E-01  1.061E-04  3.218E-10  5.538E+00
    1567      1    189      1    177      1       1     2.6642E-01  2.918E-05  1.063E-09  6.368E+00
    1568      1    189      1    179      1       1     2.6642E-01  3.120E-07  1.231E-11  5.887E+00
    1570      1    189      1    182      1       1     1.0021E-01  6.563E-06  1.048E-10  7.931E+00
    1571      1    189      1    184      1       1     1.0021E-01  2.810E-07  4.956E-12  7.194E+00
    1573      1    190      1    174      1       1     5.7238E-01  1.201E-04  5.190E-10  4.828E+00
    1575      1    190      1    178      1       1     2.6642E-01  4.759E-05  1.980E-09  5.568E+00
    1577      1    190      1    183      1       1     1.0021E-01  1.228E-05  2.212E-10  7.021E+00
    1578      1    190      1    185      1       1     1.0021E-01  1.093E-07  2.252E-12  6.153E+00
    1580      1    191      1    179      1       1     2.6642E-01  5.409E-05  2.701E-09  4.630E+00
    1581      1    191      1    184      1       1     1.0021E-01  2.124E-05  4.519E-10  5.937E+00
    1583      1    192      1    185      1       1     1.0021E-01  3.509E-05  9.344E-10  4.740E+00
    1585      1    193      1    165      1       1     3.1872E+00  1.701E-06  2.334E-09  1.024E+01
    1586      1    193      1    167      1       1     3.1871E+00  3.401E-06  4.668E-09  1.024E+01
    1587      1    193      1    169      1       1     1.2985E+00  1.405E-06  2.826E-09  1.039E+01
    1588      1    193      1    172      1       1     6.3742E-01  4.736E-07  2.916E-11  1.080E+01
    1589      1    193      1    176      1       1     3.3146E-01  1.804E-07  1.593E-11  1.169E+01
    1590      1    193      1    181      1       1     1.6526E-01  7.021E-08  1.689E-12  1.332E+01
    1596      1    194      1    164      1       1     1.3386E+01  1.737E-03  1.849E-07  1.001E+01
    1597      1    194      1    166      1       1     3.1871E+00  6.022E-05  8.419E-08  1.004E+01
    1598      1    194      1    168      1       1     1.2985E+00  8.224E-06  1.673E-08  1.020E+01
    1599      1    194      1    170      1       1     1.2985E+00  6.105E-07  1.266E-09  1.012E+01
    1600      1    194      1    171      1       1     6.3743E-01  1.905E-06  1.173E-10  1.064E+01
    1601      1    194      1    173      1       1     6.3742E-01  3.390E-07  2.198E-11  1.049E+01
    1602      1    194      1    175      1       1     3.3146E-01  5.580E-07  4.976E-11  1.156E+01
    1603      1    194      1    177      1       1     3.3146E-01  1.691E-07  1.541E-11  1.132E+01
    1605      1    194      1    180      1       1     1.6526E-01  1.757E-07  4.251E-12  1.323E+01
    1606      1    194      1    182      1       1     1.6526E-01  7.912E-08  1.968E-12  1.288E+01
    1608      1    194      1    186      1       1     6.5044E-02  4.636E-08  6.635E-13  1.599E+01
    1613      1    195      1    165      1       1     3.1872E+00  5.724E-05  8.342E-08  9.614E+00
    1614      1    195      1    167      1       1     3.1871E+00  1.145E-04  1.668E-07  9.614E+00
    1615      1    195      1    169      1       1     1.2985E+00  2.577E-05  5.499E-08  9.758E+00
    1616      1    195      1    172      1       1     6.3742E-01  5.903E-06  3.847E-10  1.017E+01
    1617      1    195      1    174      1       1     6.3742E-01  1.121E-07  7.882E-12  9.943E+00
    1618      1    195      1    176      1       1     3.3146E-01  1.682E-06  1.565E-10  1.106E+01
    1619      1    195      1    178      1       1     3.3146E-01  9.479E-08  9.135E-12  1.068E+01
    1620      1    195      1    181      1       1     1.6526E-01  5.128E-07  1.291E-11  1.270E+01
    1623      1    195      1    183      1       1     1.6526E-01  5.910E-08  1.559E-12  1.214E+01
    1626      1    195      1    187      1       1     6.5044E-02  1.288E-07  1.910E-12  1.541E+01
    1631      1    196      1    170      1       1     1.2985E+00  3.607E-05  8.281E-08  9.099E+00
    1632      1    196      1    173      1       1     6.3742E-01  1.084E-05  7.754E-10  9.465E+00
    1633      1    196      1    177      1       1     3.3146E-01  3.366E-06  3.355E-10  1.029E+01
    1636      1    196      1    182      1       1     1.6526E-01  1.050E-06  2.824E-11  1.186E+01
    1639      1    196      1    188      1       1     6.5043E-02  2.641E-07  4.160E-12  1.448E+01
    1642      1    197      1    174      1       1     6.3742E-01  1.103E-05  8.958E-10  8.555E+00
    1643      1    197      1    178      1       1     3.3146E-01  4.941E-06  5.437E-10  9.295E+00
    1645      1    197      1    183      1       1     1.6526E-01  1.778E-06  5.258E-11  1.075E+01
    1648      1    197      1    189      1       1     6.5043E-02  4.733E-07  8.136E-12  1.324E+01
    1651      1    198      1    179      1       1     3.3146E-01  4.527E-06  5.690E-10  8.108E+00
    1652      1    198      1    184      1       1     1.6526E-01  2.492E-06  8.388E-11  9.415E+00
    1653      1    198      1    190      1       1     6.5043E-02  7.938E-07  1.536E-11  1.174E+01
    1656      1    199      1    185      1       1     1.6526E-01  2.495E-06  9.955E-11  7.918E+00
    1657      1    199      1    191      1       1     6.5043E-02  1.262E-06  2.853E-11  1.002E+01
    1659      1    200      1    192      1       1     6.5043E-02  1.947E-06  5.386E-11  8.178E+00
    1661      1    201      1    165      1       1     3.2317E+00  2.139E-07  1.008E-09  1.639E+01
    1662      1    201      1    167      1       1     3.2317E+00  4.279E-07  2.016E-09  1.639E+01
    1663      1    201      1    169      1       1     1.3431E+00  1.793E-07  1.223E-09  1.653E+01
    1664      1    201      1    172      1       1     6.8202E-01  6.225E-08  1.814E-11  1.694E+01
    1673      1    202      1    164      1       1     1.3431E+01  2.165E-04  8.014E-08  1.610E+01
    1674      1    202      1    166      1       1     3.2317E+00  7.617E-06  3.639E-08  1.613E+01
    1675      1    202      1    168      1       1     1.3431E+00  1.068E-06  7.342E-09  1.629E+01
    1676      1    202      1    170      1       1     1.3430E+00  7.642E-08  5.337E-10  1.621E+01
    1677      1    202      1    171      1       1     6.8202E-01  2.540E-07  7.425E-11  1.673E+01
    1679      1    202      1    175      1       1     3.7606E-01  7.893E-08  2.016E-11  1.765E+01
    1692      1    203      1    165      1       1     3.2317E+00  7.149E-06  3.523E-08  1.559E+01
    1693      1    203      1    167      1       1     3.2317E+00  1.430E-05  7.045E-08  1.559E+01
    1694      1    203      1    169      1       1     1.3431E+00  3.283E-06  2.341E-08  1.573E+01
    1695      1    203      1    172      1       1     6.8202E-01  7.801E-07  2.374E-10  1.615E+01
    1697      1    203      1    176      1       1     3.7605E-01  2.363E-07  6.232E-11  1.704E+01
    1699      1    203      1    181      1       1     2.0985E-01  8.111E-08  4.839E-12  1.867E+01
    1710      1    204      1    170      1       1     1.3430E+00  4.460E-06  3.360E-08  1.491E+01
    1711      1    204      1    173      1       1     6.8202E-01  1.390E-06  4.520E-10  1.527E+01
    1712      1    204      1    177      1       1     3.7605E-01  4.597E-07  1.277E-10  1.610E+01
    1714      1    204      1    182      1       1     2.0985E-01  1.624E-07  1.020E-11  1.766E+01
    1717      1    204      1    188      1       1     1.0964E-01  5.642E-08  1.253E-12  2.029E+01
    1723      1    205      1    174      1       1     6.8201E-01  1.330E-06  4.730E-10  1.414E+01
    1724      1    205      1    178      1       1     3.7605E-01  6.337E-07  1.895E-10  1.488E+01
    1725      1    205      1    183      1       1     2.0985E-01  2.582E-07  1.745E-11  1.633E+01
    1728      1    205      1    189      1       1     1.0964E-01  9.611E-08  2.290E-12  1.882E+01
    1734      1    206      1    179      1       1     3.7605E-01  5.120E-07  1.688E-10  1.341E+01
    1735      1    206      1    184      1       1     2.0985E-01  3.195E-07  2.383E-11  1.471E+01
    1736      1    206      1    190      1       1     1.0964E-01  1.426E-07  3.735E-12  1.704E+01
    1741      1    207      1    185      1       1     2.0985E-01  2.528E-07  2.140E-11  1.288E+01
    1742      1    207      1    191      1       1     1.0964E-01  1.792E-07  5.309E-12  1.498E+01
    1743      1    207      1    198      1       1     4.4593E-02  6.820E-08  1.453E-12  1.846E+01
    1752      1    209      1    170      1       1     1.3809E+00  6.760E-07  1.465E-08  2.310E+01
    1753      1    209      1    173      1       1     7.1991E-01  2.198E-07  1.916E-10  2.347E+01
    1754      1    209      1    177      1       1     4.1395E-01  7.730E-08  5.170E-11  2.430E+01
    1767      1    210      1    179      1       1     4.1400E-01  7.649E-08  5.792E-11  2.103E+01
    1768      1    210      1    184      1       1     2.4780E-01  5.305E-08  7.611E-12  2.234E+01
    1775      1    211      1    164      1       1     1.3469E+01  3.269E-05  3.819E-08  2.461E+01
    1776      1    211      1    166      1       1     3.2697E+00  1.159E-06  1.703E-08  2.464E+01
    1777      1    211      1    168      1       1     1.3810E+00  1.659E-07  3.354E-09  2.480E+01
    1796      1    212      1    165      1       1     3.2697E+00  1.080E-06  1.624E-08  2.397E+01
    1797      1    212      1    167      1       1     3.2697E+00  2.161E-06  3.247E-08  2.397E+01
    1798      1    212      1    169      1       1     1.3810E+00  5.090E-07  1.057E-08  2.412E+01
    1799      1    212      1    172      1       1     7.2001E-01  1.253E-07  1.037E-10  2.453E+01
    1816      1    213      1    167      1       1     3.2697E+00  6.491E-08  9.440E-10  2.496E+01
    1829      1    214      1    174      1       1     7.2002E-01  2.009E-07  1.877E-10  2.208E+01
    1830      1    214      1    178      1       1     4.1406E-01  1.022E-07  7.204E-11  2.282E+01
    1831      1    214      1    183      1       1     2.4786E-01  4.627E-08  6.167E-12  2.427E+01
