#  File format type:   4
#
#  SPECT3D transition powers file.
#  RUN NAME:  xe_20-200ev_1e18-1e21_4mm
#  Total number of transitions   =     1890
#  Number of written transitions =      662
#  Plasma temperature (eV)       =     2.0000E+01
#  Mass density (g/cm3)          =     2.2432E-03
#  Cell areal density (g/cm2)    =     8.9730E-04
#  Material mass fractions       =     1.0000E+00
#  DCA material number fractions =     1.3000E-02    9.8700E-01
# -----------------------------------------------------
#
#
#   Trans.  Trans  Upper  Upper  Lower  Lower   Ioniz   Energy     Line Power Line Center Line Width
#   Index   Model  Level  Model  Level  Model   Stage   (eV)       (W/cm2)    Opt. Depth      eV
# --------------------------------------------------------------------------------------------------
       1      1      3      1      2      1      52     1.1982E+02  8.678E+08  2.420E-08  4.785E-03
       2      1      4      1      2      1      52     4.9234E+02  4.721E+10  3.766E+00  1.622E-02
       4      1      6      1      5      1      52     1.0651E+02  3.296E+09  2.057E-03  7.871E+01
       6      1      7      1      6      1      52     6.8034E+01  4.330E+08  2.869E-04  9.466E+01
       7      1      9      1      8      1      52     3.8672E+01  1.905E+08  6.860E-03  2.873E+01
       9      1     10      1      9      1      52     3.4641E+01  1.237E+08  1.877E-03  3.136E+01
      11      1     11      1     10      1      52     9.4480E+00  4.305E+05  7.090E-04  8.539E+00
      13      1     12      1      9      1      52     8.3242E+02  7.128E+12  1.000E-30  4.473E+01
      14      1     13      1      8      1      52     8.9349E+02  5.529E+12  1.729E-02  2.724E+01
      16      1     13      1     10      1      52     8.2018E+02  1.886E+12  1.000E-30  1.545E+01
      17      1     13      1     12      1      52     2.2396E+01  5.325E+07  1.735E-02  1.660E+01
      19      1     14      1      9      1      52     8.6975E+02  1.193E+13  9.691E-03  3.749E+01
      21      1     14      1     11      1      52     8.2566E+02  4.500E+11  1.000E-30  2.922E+00
      23      1     14      1     13      1      52     1.4925E+01  1.157E+07  3.407E-03  2.025E+01
      25      1     15      1     10      1      52     8.3968E+02  1.956E+13  3.196E-02  1.282E+01
      28      1     15      1     14      1      52     4.5752E+00  8.475E+04  2.381E-03  4.418E+00
      30      1     16      1     11      1      52     8.3260E+02  2.983E+13  8.329E-02  5.874E+00
      32      1     16      1     15      1      52     2.3647E+00  3.536E+03  1.278E-03  1.775E+00
      34      1     17      1      9      1      52     1.3019E+03  5.982E+12  1.000E-30  4.465E+01
      36      1     17      1     13      1      52     4.4709E+02  1.516E+12  1.000E-30  2.766E+01
      38      1     18      1      8      1      52     1.3534E+03  5.297E+12  8.070E-03  1.588E+01
      40      1     18      1     10      1      52     1.2800E+03  1.461E+12  1.000E-30  8.569E+00
      41      1     18      1     12      1      52     4.8226E+02  9.340E+11  3.270E-02  1.581E+01
      43      1     18      1     14      1      52     4.4493E+02  5.062E+11  1.000E-30  9.529E+00
      45      1     18      1     17      1      52     1.2770E+01  1.158E+07  3.662E-02  9.483E+00
      47      1     19      1      9      1      52     1.3234E+03  1.085E+13  2.292E-03  4.042E+01
      49      1     19      1     11      1      52     1.2793E+03  2.974E+11  1.000E-30  4.029E+00
      51      1     19      1     13      1      52     4.6860E+02  1.851E+12  1.551E-02  2.343E+01
      53      1     19      1     15      1      52     4.4910E+02  1.849E+11  1.000E-30  1.814E+00
      56      1     19      1     18      1      52     8.7378E+00  2.985E+06  7.583E-03  1.179E+01
      58      1     20      1     10      1      52     1.2912E+03  1.555E+13  5.972E-03  1.446E+01
      61      1     20      1     14      1      52     4.5609E+02  2.839E+12  6.043E-02  6.379E+00
      63      1     20      1     16      1      52     4.4915E+02  5.205E+10  1.000E-30  7.386E-01
      65      1     20      1     19      1      52     2.4178E+00  1.605E+04  5.189E-03  2.614E+00
      67      1     21      1     11      1      52     1.2829E+03  1.625E+13  9.590E-03  6.891E+00
      69      1     21      1     15      1      52     4.5271E+02  3.921E+12  1.476E-01  2.920E+00
      72      1     21      1     20      1      52     1.2002E+00  7.801E+02  3.482E-03  1.093E+00
      75      1     22      1     16      1      52     4.5135E+02  4.991E+12  3.003E-01  1.661E+00
      77      1     22      1     21      1      52     1.0028E+00  2.054E+02  2.307E-03  5.837E-01
      79      1     23      1     13      1      52     7.2854E+02  1.453E+12  1.000E-30  2.766E+01
      81      1     23      1     18      1      52     2.6868E+02  4.258E+11  1.000E-30  1.608E+01
      83      1     24      1     12      1      52     7.5883E+02  1.028E+12  1.419E-02  1.004E+01
      85      1     24      1     14      1      52     7.2151E+02  4.512E+11  1.000E-30  5.146E+00
      86      1     24      1     17      1      52     2.8935E+02  2.145E+11  5.645E-02  1.005E+01
      88      1     24      1     19      1      52     2.6784E+02  1.592E+11  1.000E-30  6.340E+00
      90      1     24      1     23      1      52     7.9016E+00  3.054E+06  6.701E-02  5.999E+00
      92      1     25      1     13      1      52     7.4204E+02  1.977E+12  3.843E-03  2.496E+01
      94      1     25      1     15      1      52     7.2254E+02  1.458E+11  1.000E-30  1.817E+00
      96      1     25      1     18      1      52     2.8218E+02  4.094E+11  2.787E-02  1.344E+01
      98      1     25      1     20      1      52     2.7102E+02  7.138E+10  1.000E-30  1.322E+00
     101      1     25      1     24      1      52     5.5989E+00  9.490E+05  1.450E-02  7.526E+00
     103      1     26      1     14      1      52     7.2843E+02  2.916E+12  1.253E-02  7.268E+00
     105      1     26      1     16      1      52     7.2149E+02  3.426E+10  1.000E-30  1.249E+00
     107      1     26      1     19      1      52     2.7476E+02  5.773E+11  1.023E-01  3.689E+00
     109      1     26      1     21      1      52     2.7114E+02  3.040E+10  1.000E-30  5.484E-01
     112      1     26      1     25      1      52     1.3194E+00  3.115E+03  9.089E-03  1.792E+00
     114      1     27      1     15      1      52     7.2446E+02  3.597E+12  2.387E-02  3.472E+00
     117      1     27      1     20      1      52     2.7295E+02  7.305E+11  2.292E-01  1.728E+00
     119      1     27      1     22      1      52     2.7075E+02  8.983E+09  1.000E-30  3.378E-01
     121      1     27      1     26      1      52     6.0740E-01  1.359E+02  6.335E-03  8.149E-01
     123      1     28      1     16      1      52     7.2273E+02  3.302E+12  2.922E-02  2.053E+00
     125      1     28      1     21      1      52     2.7238E+02  8.765E+11  4.397E-01  1.012E+00
     128      1     28      1     27      1      52     6.3240E-01  9.587E+01  5.157E-03  4.779E-01
     129      1     29      1     13      1      52     9.1039E+02  1.156E+12  1.000E-30  2.768E+01
     131      1     29      1     18      1      52     4.5053E+02  4.426E+11  1.000E-30  1.610E+01
     134      1     29      1     24      1      52     1.7396E+02  1.410E+11  1.000E-30  1.031E+01
     136      1     30      1     12      1      52     9.3797E+02  8.711E+11  9.255E-03  6.853E+00
     137      1     30      1     14      1      52     9.0065E+02  3.429E+11  1.000E-30  4.590E+00
     138      1     30      1     17      1      52     4.6848E+02  2.612E+11  2.264E-02  6.870E+00
     140      1     30      1     19      1      52     4.4698E+02  1.568E+11  1.000E-30  3.689E+00
     142      1     30      1     23      1      52     1.8704E+02  6.064E+10  8.953E-02  6.910E+00
     144      1     30      1     25      1      52     1.7354E+02  5.698E+10  1.000E-30  4.541E+00
     146      1     30      1     29      1      52     5.1810E+00  9.229E+05  1.089E-01  4.139E+00
     147      1     31      1     13      1      52     9.1941E+02  1.652E+12  1.625E-03  2.588E+01
     148      1     31      1     15      1      52     8.9991E+02  1.035E+11  1.000E-30  2.605E+00
     150      1     31      1     18      1      52     4.5956E+02  4.889E+11  7.003E-03  1.436E+01
     152      1     31      1     20      1      52     4.4840E+02  6.360E+10  1.000E-30  1.105E+00
     155      1     31      1     24      1      52     1.8298E+02  1.134E+11  4.582E-02  8.506E+00
     157      1     31      1     26      1      52     1.7606E+02  2.914E+10  1.000E-30  1.107E+00
     160      1     31      1     30      1      52     3.8407E+00  3.603E+05  2.455E-02  5.287E+00
     161      1     32      1     14      1      52     9.0519E+02  2.338E+12  4.817E-03  7.797E+00
     162      1     32      1     16      1      52     8.9825E+02  2.211E+10  1.000E-30  1.778E+00
     164      1     32      1     19      1      52     4.5152E+02  7.062E+11  2.220E-02  4.225E+00
     166      1     32      1     21      1      52     4.4790E+02  2.370E+10  1.000E-30  7.737E-01
     169      1     32      1     25      1      52     1.7808E+02  1.484E+11  1.543E-01  2.449E+00
     171      1     32      1     27      1      52     1.7615E+02  1.496E+10  1.000E-30  5.416E-01
     174      1     32      1     31      1      52     7.0280E-01  5.422E+02  1.312E-02  1.426E+00
     175      1     33      1     15      1      52     9.0089E+02  2.615E+12  7.965E-03  3.843E+00
     177      1     33      1     20      1      52     4.4938E+02  8.993E+11  4.276E-02  2.087E+00
     179      1     33      1     22      1      52     4.4717E+02  5.810E+09  1.000E-30  6.065E-01
     181      1     33      1     26      1      52     1.7704E+02  1.795E+11  3.152E-01  1.223E+00
     183      1     33      1     28      1      52     1.7580E+02  6.663E+09  1.000E-30  3.698E-01
     185      1     33      1     32      1      52     2.7490E-01  1.608E+01  8.412E-03  7.556E-01
     186      1     34      1     16      1      52     8.9895E+02  1.932E+12  7.622E-03  2.316E+00
     188      1     34      1     21      1      52     4.4860E+02  9.966E+11  6.217E-02  1.275E+00
     191      1     34      1     27      1      52     1.7685E+02  2.082E+11  5.333E-01  7.637E-01
     194      1     34      1     33      1      52     4.2420E-01  4.129E+01  6.406E-03  5.124E-01
     195      1     35      1     13      1      52     1.0346E+03  8.915E+11  1.000E-30  2.780E+01
     196      1     35      1     18      1      52     5.7478E+02  3.758E+11  1.000E-30  1.622E+01
     198      1     35      1     24      1      52     2.9820E+02  1.579E+11  1.000E-30  1.036E+01
     201      1     35      1     30      1      52     1.1906E+02  5.390E+10  1.000E-30  7.167E+00
     203      1     36      1     12      1      52     1.0606E+03  6.983E+11  6.970E-03  5.018E+00
     204      1     36      1     14      1      52     1.0233E+03  2.574E+11  1.000E-30  5.434E+00
     205      1     36      1     17      1      52     5.9109E+02  2.383E+11  1.382E-02  5.035E+00
     206      1     36      1     19      1      52     5.6958E+02  1.281E+11  1.000E-30  2.886E+00
     207      1     36      1     23      1      52     3.0964E+02  8.112E+10  3.335E-02  5.070E+00
     209      1     36      1     25      1      52     2.9614E+02  6.095E+10  1.000E-30  2.931E+00
     211      1     36      1     29      1      52     1.2779E+02  1.999E+10  1.300E-01  5.124E+00
     213      1     36      1     31      1      52     1.1877E+02  2.291E+10  1.000E-30  3.529E+00
     215      1     36      1     35      1      52     3.5433E+00  3.090E+05  1.566E-01  3.186E+00
     216      1     37      1     13      1      52     1.0410E+03  1.312E+12  8.677E-04  2.651E+01
     217      1     37      1     15      1      52     1.0215E+03  7.436E+10  1.000E-30  3.243E+00
     218      1     37      1     18      1      52     5.8110E+02  4.406E+11  2.968E-03  1.499E+01
     219      1     37      1     20      1      52     5.6995E+02  4.900E+10  1.000E-30  1.550E+00
     221      1     37      1     24      1      52     3.0452E+02  1.478E+11  1.150E-02  9.138E+00
     223      1     37      1     26      1      52     2.9760E+02  2.844E+10  1.000E-30  9.247E-01
     226      1     37      1     30      1      52     1.2539E+02  3.710E+10  6.839E-02  5.944E+00
     228      1     37      1     32      1      52     1.2084E+02  1.278E+10  1.000E-30  1.079E+00
     231      1     37      1     36      1      52     2.7803E+00  1.579E+05  3.777E-02  4.057E+00
     232      1     38      1     14      1      52     1.0264E+03  1.794E+12  2.413E-03  8.169E+00
     233      1     38      1     16      1      52     1.0194E+03  1.488E+10  1.000E-30  2.175E+00
     234      1     38      1     19      1      52     5.7269E+02  6.251E+11  8.616E-03  4.622E+00
     235      1     38      1     21      1      52     5.6908E+02  1.681E+10  1.000E-30  1.141E+00
     237      1     38      1     25      1      52     2.9925E+02  2.083E+11  3.403E-02  2.840E+00
     239      1     38      1     27      1      52     2.9733E+02  1.315E+10  1.000E-30  6.726E-01
     242      1     38      1     31      1      52     1.2188E+02  4.602E+10  2.009E-01  1.894E+00
     244      1     38      1     33      1      52     1.2090E+02  7.330E+09  1.000E-30  6.540E-01
     247      1     38      1     37      1      52     3.3030E-01  6.577E+01  1.581E-02  1.339E+00
     248      1     39      1     15      1      52     1.0219E+03  1.884E+12  3.626E-03  4.127E+00
     249      1     39      1     20      1      52     5.7035E+02  7.579E+11  1.490E-02  2.371E+00
     250      1     39      1     22      1      52     5.6815E+02  3.691E+09  1.000E-30  8.840E-01
     252      1     39      1     26      1      52     2.9801E+02  2.645E+11  6.089E-02  1.501E+00
     254      1     39      1     28      1      52     2.9677E+02  5.083E+09  1.000E-30  5.653E-01
     256      1     39      1     32      1      52     1.2125E+02  6.109E+10  3.439E-01  1.070E+00
     258      1     39      1     34      1      52     1.2055E+02  3.917E+09  1.000E-30  5.047E-01
     260      1     39      1     38      1      52     7.3900E-02  3.744E-01  8.732E-03  7.858E-01
     261      1     40      1     16      1      52     1.0198E+03  1.228E+12  3.008E-03  2.544E+00
     262      1     40      1     21      1      52     5.6945E+02  7.553E+11  1.842E-02  1.496E+00
     264      1     40      1     27      1      52     2.9770E+02  3.092E+11  8.637E-02  9.852E-01
     267      1     40      1     33      1      52     1.2127E+02  7.522E+10  4.943E-01  7.500E-01
     270      1     40      1     39      1      52     2.9800E-01  1.826E+01  5.734E-03  6.601E-01
     271      1     41      1     13      1      52     1.1233E+03  6.882E+11  1.000E-30  2.796E+01
     272      1     41      1     18      1      52     6.6340E+02  3.049E+11  1.000E-30  1.638E+01
     273      1     41      1     24      1      52     3.8682E+02  1.405E+11  1.000E-30  1.053E+01
     275      1     41      1     30      1      52     2.0768E+02  6.317E+10  1.000E-30  7.332E+00
     278      1     41      1     36      1      52     8.5076E+01  2.274E+10  1.000E-30  5.465E+00
     280      1     42      1     12      1      52     1.1482E+03  5.521E+11  5.552E-03  3.922E+00
     281      1     42      1     14      1      52     1.1108E+03  1.950E+11  1.000E-30  6.375E+00
     282      1     42      1     17      1      52     6.7867E+02  2.016E+11  9.835E-03  3.938E+00
     283      1     42      1     19      1      52     6.5716E+02  1.012E+11  1.000E-30  3.173E+00
     284      1     42      1     23      1      52     3.9722E+02  7.831E+10  1.913E-02  3.979E+00
     285      1     42      1     25      1      52     3.8372E+02  5.272E+10  1.000E-30  2.295E+00
     286      1     42      1     29      1      52     2.1536E+02  2.910E+10  4.548E-02  4.046E+00
     288      1     42      1     31      1      52     2.0634E+02  2.598E+10  1.000E-30  2.560E+00
     290      1     42      1     35      1      52     9.1119E+01  7.462E+09  1.740E-01  4.146E+00
     292      1     42      1     37      1      52     8.4795E+01  1.008E+10  1.000E-30  3.018E+00
     294      1     42      1     41      1      52     2.4992E+00  1.143E+05  1.905E-01  2.825E+00
     295      1     43      1     13      1      52     1.1279E+03  1.030E+12  5.241E-04  2.706E+01
     296      1     43      1     15      1      52     1.1084E+03  5.463E+10  1.000E-30  3.760E+00
     297      1     43      1     18      1      52     6.6800E+02  3.692E+11  1.582E-03  1.548E+01
     298      1     43      1     20      1      52     6.5684E+02  3.717E+10  1.000E-30  2.022E+00
     299      1     43      1     24      1      52     3.9142E+02  1.414E+11  4.851E-03  9.622E+00
     300      1     43      1     26      1      52     3.8450E+02  2.334E+10  1.000E-30  1.216E+00
     302      1     43      1     30      1      52     2.1228E+02  5.186E+10  1.696E-02  6.415E+00
     304      1     43      1     32      1      52     2.0774E+02  1.336E+10  1.000E-30  1.001E+00
     307      1     43      1     36      1      52     8.9678E+01  1.379E+10  9.364E-02  4.561E+00
     309      1     43      1     38      1      52     8.6568E+01  5.992E+09  1.000E-30  1.205E+00
     312      1     43      1     42      1      52     2.1031E+00  7.784E+04  5.096E-02  3.446E+00
     313      1     44      1     15      1      52     1.1084E+03  1.389E+12  1.947E-03  4.399E+00
     314      1     44      1     20      1      52     6.5688E+02  6.002E+11  6.835E-03  2.635E+00
     315      1     44      1     22      1      52     6.5468E+02  2.472E+09  1.000E-30  1.150E+00
     316      1     44      1     26      1      52     3.8454E+02  2.474E+11  2.112E-02  1.772E+00
     317      1     44      1     28      1      52     3.8330E+02  3.583E+09  1.000E-30  8.238E-01
     319      1     44      1     32      1      52     2.0778E+02  9.336E+10  6.738E-02  1.336E+00
     321      1     44      1     34      1      52     2.0708E+02  3.375E+09  1.000E-30  6.934E-01
     323      1     44      1     38      1      52     8.6605E+01  2.290E+10  3.004E-01  1.139E+00
     325      1     44      1     40      1      52     8.6233E+01  2.199E+09  1.000E-30  7.379E-01
     327      1     45      1     14      1      52     1.1130E+03  1.379E+12  1.390E-03  8.522E+00
     328      1     45      1     16      1      52     1.1061E+03  1.042E+10  1.000E-30  2.522E+00
     329      1     45      1     19      1      52     6.5935E+02  5.166E+11  4.282E-03  4.963E+00
     330      1     45      1     21      1      52     6.5574E+02  1.216E+10  1.000E-30  1.481E+00
     331      1     45      1     25      1      52     3.8591E+02  1.988E+11  1.309E-02  3.181E+00
     332      1     45      1     27      1      52     3.8399E+02  1.009E+10  1.000E-30  9.790E-01
     334      1     45      1     31      1      52     2.0854E+02  7.127E+10  4.386E-02  2.228E+00
     336      1     45      1     33      1      52     2.0756E+02  7.074E+09  1.000E-30  7.841E-01
     339      1     45      1     37      1      52     8.6990E+01  1.812E+10  2.183E-01  1.731E+00
     341      1     45      1     39      1      52     8.6586E+01  3.711E+09  1.000E-30  8.717E-01
     344      1     45      1     43      1      52     9.2200E-02  1.624E+00  1.699E-02  1.263E+00
     345      1     45      1     44      1      52     5.4600E-02  2.286E-01  1.000E-30  9.572E-01
     346      1     46      1     16      1      52     1.1062E+03  8.278E+11  1.453E-03  2.771E+00
     347      1     46      1     21      1      52     6.5590E+02  5.532E+11  7.486E-03  1.723E+00
     348      1     46      1     27      1      52     3.8415E+02  2.783E+11  2.644E-02  1.214E+00
     350      1     46      1     33      1      52     2.0772E+02  1.135E+11  8.549E-02  9.736E-01
     353      1     46      1     39      1      52     8.6749E+01  2.905E+10  3.639E-01  8.959E-01
     355      1     46      1     44      1      52     2.1720E-01  8.514E+00  4.469E-03  9.217E-01
     357      1     48      1     47      1      52     3.1750E+02  2.540E+10  1.408E-03  1.839E+02
     358      1     49      1     48      1      52     3.6284E+02  1.379E+11  7.741E-05  2.762E+02
     359      1     51      1     50      1      52     7.7750E-01  3.614E+02  6.588E-04  1.384E+02
     360      1     52      1     51      1      52     6.6689E+02  2.141E+12  1.000E-30  4.204E+02
     361      1     54      1     53      1      52     3.0082E+01  1.282E+08  1.000E-30  1.846E+02
     362      1     55      1     53      1      52     1.0120E+02  2.639E+09  1.871E-03  8.075E+01
     363      1     56      1     54      1      52     1.0442E+02  2.961E+09  2.077E-03  7.434E+01
     364      1     56      1     55      1      52     3.3297E+01  1.726E+08  1.000E-30  1.922E+02
     365      1     57      1     55      1      52     9.2670E+01  1.477E+09  3.307E-04  1.109E+02
     367      1     58      1     56      1      52     9.3608E+01  1.531E+09  3.465E-04  1.064E+02
     368      1     58      1     57      1      52     3.4235E+01  1.874E+08  1.000E-30  1.948E+02
     369      1     61      1     60      1      53     7.7081E+01  1.026E+08  5.441E-09  3.466E-03
     370      1     62      1     60      1      53     8.3045E+01  1.543E+08  1.000E-30  3.645E-03
     373      1     63      1     61      1      53     8.0094E+00  2.675E+02  1.000E-30  1.393E-03
     375      1     64      1     60      1      53     4.6515E+02  4.937E+10  2.425E+00  1.532E-02
     378      1     65      1     60      1      53     5.0090E+02  7.246E+10  3.001E-09  1.637E-02
     380      1     65      1     63      1      53     4.1581E+02  1.338E+10  5.204E+00  1.383E-02
     381      1     67      1     66      1      53     9.2071E+01  1.770E+09  2.351E-03  5.730E+01
     383      1     68      1     67      1      53     2.1266E+02  2.325E+10  4.481E-04  3.995E+01
     385      1     69      1     67      1      53     2.3259E+02  1.791E+10  1.000E-30  2.161E+01
     386      1     71      1     70      1      53     1.8245E+01  1.163E+07  8.956E-03  1.284E+01
     388      1     72      1     71      1      53     7.1086E+01  2.096E+09  3.383E-03  3.418E+01
     390      1     73      1     72      1      53     1.1156E+02  8.001E+09  6.844E-03  1.008E+01
     392      1     74      1     71      1      53     8.8734E+02  8.482E+12  1.000E-30  4.806E+01
     393      1     75      1     70      1      53     9.0769E+02  5.926E+12  1.623E-02  2.961E+01
     395      1     75      1     72      1      53     8.1835E+02  1.772E+12  1.000E-30  1.673E+01
     396      1     75      1     74      1      53     2.1014E+00  2.373E+04  3.314E-02  4.793E+00
     398      1     76      1     71      1      53     9.4411E+02  1.612E+13  9.472E-03  4.051E+01
     400      1     76      1     73      1      53     7.6146E+02  3.132E+11  1.000E-30  3.158E+00
     402      1     76      1     75      1      53     5.4666E+01  1.927E+09  1.040E-02  2.275E+01
     404      1     77      1     72      1      53     9.7713E+02  3.444E+13  3.310E-02  1.385E+01
     407      1     77      1     76      1      53     1.0411E+02  2.051E+10  4.377E-02  5.234E+00
     409      1     78      1     73      1      53     1.0763E+03  7.910E+13  9.571E-02  6.371E+00
     411      1     78      1     77      1      53     2.1071E+02  1.450E+11  6.715E-02  2.142E+00
     412      1     79      1     70      1      53     1.3871E+03  5.807E+12  7.269E-03  1.793E+01
     414      1     79      1     72      1      53     1.2978E+03  1.466E+12  1.000E-30  9.336E+00
     415      1     79      1     74      1      53     4.8154E+02  9.387E+11  3.044E-02  1.709E+01
     417      1     79      1     76      1      53     4.2478E+02  3.987E+11  1.000E-30  1.030E+01
     420      1     80      1     71      1      53     1.3753E+03  6.922E+12  1.000E-30  4.804E+01
     422      1     80      1     75      1      53     4.8588E+02  1.965E+12  1.000E-30  2.971E+01
     424      1     80      1     79      1      53     6.4349E+00  2.535E+06  1.000E-30  1.659E+01
     426      1     81      1     71      1      53     1.4208E+03  1.390E+13  2.196E-03  4.369E+01
     428      1     81      1     73      1      53     1.2382E+03  2.519E+11  1.000E-30  4.335E+00
     430      1     81      1     75      1      53     5.3137E+02  2.975E+12  1.585E-02  2.529E+01
     432      1     81      1     77      1      53     3.7259E+02  8.471E+10  1.000E-30  1.964E+00
     434      1     81      1     79      1      53     5.1923E+01  3.313E+09  3.753E-02  1.313E+01
     438      1     82      1     76      1      53     5.7966E+02  7.030E+12  6.806E-02  6.898E+00
     440      1     82      1     78      1      53     2.6484E+02  6.077E+09  1.000E-30  8.007E-01
     442      1     82      1     81      1      53     1.0296E+02  4.070E+10  1.773E-01  3.099E+00
     443      1     83      1     74      1      53     7.7070E+02  1.088E+12  1.290E-02  1.112E+01
     445      1     83      1     76      1      53     7.1393E+02  4.102E+11  1.000E-30  5.565E+00
     447      1     83      1     80      1      53     2.8272E+02  1.979E+11  5.155E-02  1.082E+01
     448      1     83      1     81      1      53     2.3723E+02  9.289E+10  1.000E-30  6.841E+00
     451      1     84      1     75      1      53     7.7945E+02  1.780E+12  1.000E-30  2.970E+01
     452      1     84      1     79      1      53     3.0001E+02  6.107E+11  1.000E-30  1.722E+01
     455      1     84      1     83      1      53     1.0851E+01  1.781E+07  1.000E-30  1.143E+01
     457      1     85      1     75      1      53     8.2063E+02  2.875E+12  3.838E-03  2.688E+01
     459      1     85      1     77      1      53     6.6185E+02  9.923E+10  1.000E-30  1.946E+00
     460      1     85      1     79      1      53     3.4119E+02  8.477E+11  3.044E-02  1.447E+01
     463      1     85      1     82      1      53     1.8630E+02  1.541E+10  1.000E-30  1.409E+00
     464      1     85      1     83      1      53     5.2031E+01  5.823E+09  1.133E-01  8.353E+00
     467      1     86      1     77      1      53     6.7729E+02  1.790E+13  1.948E-01  3.168E+00
     470      1     86      1     82      1      53     2.0174E+02  2.900E+11  3.277E-01  1.298E+00
     473      1     87      1     78      1      53     5.1236E+02  7.996E+12  3.010E-01  1.815E+00
     475      1     87      1     86      1      53     4.5782E+01  7.683E+08  8.604E-02  6.880E-01
     477      1     88      1     76      1      53     8.6948E+02  5.693E+12  1.334E-02  7.850E+00
     479      1     88      1     78      1      53     5.5466E+02  1.160E+10  1.000E-30  1.356E+00
     481      1     88      1     81      1      53     3.9278E+02  2.236E+12  1.295E-01  3.987E+00
     484      1     88      1     85      1      53     1.0351E+02  6.292E+10  5.317E-01  2.087E+00
     485      1     88      1     86      1      53     8.8076E+01  4.826E+08  1.000E-30  5.793E-01
     487      1     89      1     74      1      53     9.5869E+02  9.414E+11  8.076E-03  7.935E+00
     488      1     89      1     76      1      53     9.0192E+02  3.281E+11  1.000E-30  4.968E+00
     490      1     89      1     80      1      53     4.7071E+02  2.656E+11  2.074E-02  7.502E+00
     491      1     89      1     81      1      53     4.2522E+02  1.222E+11  1.000E-30  3.963E+00
     494      1     89      1     84      1      53     1.7714E+02  4.974E+10  7.964E-02  7.412E+00
     495      1     89      1     85      1      53     1.3596E+02  2.043E+10  1.000E-30  4.856E+00
     497      1     90      1     75      1      53     9.7022E+02  1.396E+12  1.000E-30  2.979E+01
     498      1     90      1     79      1      53     4.9078E+02  5.819E+11  1.000E-30  1.731E+01
     501      1     90      1     83      1      53     2.0163E+02  2.358E+11  1.000E-30  1.100E+01
     504      1     90      1     89      1      53     1.3639E+01  3.042E+07  1.000E-30  4.216E+00
     505      1     91      1     75      1      53     1.0099E+03  2.326E+12  1.604E-03  2.786E+01
     506      1     91      1     77      1      53     8.5110E+02  7.991E+10  1.000E-30  2.789E+00
     507      1     91      1     79      1      53     5.3043E+02  8.399E+11  7.277E-03  1.544E+01
     510      1     91      1     82      1      53     3.7555E+02  3.017E+10  1.000E-30  1.156E+00
     511      1     91      1     83      1      53     2.4127E+02  3.297E+11  5.473E-02  9.139E+00
     515      1     91      1     88      1      53     8.5729E+01  1.579E+09  1.000E-30  1.169E+00
     516      1     91      1     89      1      53     5.3287E+01  9.385E+09  2.949E-01  5.762E+00
     518      1     92      1     74      1      53     1.0879E+03  7.646E+11  5.645E-03  6.282E+00
     519      1     92      1     76      1      53     1.0312E+03  2.522E+11  1.000E-30  5.859E+00
     520      1     92      1     80      1      53     5.9995E+02  2.508E+11  1.246E-02  5.618E+00
     521      1     92      1     81      1      53     5.5446E+02  1.095E+11  1.000E-30  3.098E+00
     523      1     92      1     84      1      53     3.0638E+02  7.737E+10  3.038E-02  5.465E+00
     524      1     92      1     85      1      53     2.6520E+02  3.722E+10  1.000E-30  3.120E+00
     527      1     92      1     90      1      53     1.1560E+02  1.378E+10  1.114E-01  5.458E+00
     528      1     92      1     91      1      53     7.5952E+01  3.644E+09  1.000E-30  3.741E+00
     529      1     93      1     75      1      53     1.1014E+03  1.073E+12  1.000E-30  2.990E+01
     530      1     93      1     79      1      53     6.2192E+02  4.841E+11  1.000E-30  1.742E+01
     531      1     93      1     83      1      53     3.3276E+02  2.286E+11  1.000E-30  1.112E+01
     534      1     93      1     89      1      53     1.4478E+02  1.085E+11  1.000E-30  7.663E+00
     537      1     93      1     92      1      53     1.5538E+01  1.273E+08  1.000E-30  5.811E+00
     538      1     94      1     76      1      53     1.0597E+03  4.225E+12  5.011E-03  8.441E+00
     539      1     94      1     78      1      53     7.4491E+02  1.011E+10  1.000E-30  1.915E+00
     541      1     94      1     81      1      53     5.8303E+02  1.877E+12  2.555E-02  4.553E+00
     544      1     94      1     85      1      53     2.9377E+02  9.824E+11  2.291E-01  2.627E+00
     545      1     94      1     86      1      53     2.7833E+02  3.412E+09  1.000E-30  8.109E-01
     549      1     94      1     91      1      53     1.0453E+02  7.713E+10  1.249E+00  1.614E+00
     552      1     95      1     77      1      53     9.6122E+02  1.067E+13  2.813E-02  3.764E+00
     555      1     95      1     82      1      53     4.8567E+02  6.274E+12  3.652E-01  1.862E+00
     558      1     95      1     87      1      53     2.3815E+02  5.189E+09  1.000E-30  3.638E-01
     559      1     95      1     88      1      53     1.9586E+02  3.725E+11  9.558E-01  9.516E-01
     561      1     95      1     94      1      53     5.5996E+00  1.215E+05  9.936E-03  5.670E-01
     562      1     96      1     75      1      53     1.1409E+03  1.826E+12  8.517E-04  2.855E+01
     563      1     96      1     77      1      53     9.8211E+02  6.132E+10  1.000E-30  3.468E+00
     564      1     96      1     79      1      53     6.6145E+02  7.150E+11  3.047E-03  1.607E+01
     565      1     96      1     82      1      53     5.0657E+02  2.956E+10  1.000E-30  1.623E+00
     566      1     96      1     83      1      53     3.7229E+02  3.185E+11  1.272E-02  9.766E+00
     569      1     96      1     88      1      53     2.1675E+02  7.713E+09  1.000E-30  9.546E-01
     570      1     96      1     89      1      53     1.8430E+02  1.639E+11  9.182E-02  6.345E+00
     573      1     96      1     92      1      53     5.5065E+01  1.345E+10  6.632E-01  4.357E+00
     575      1     96      1     94      1      53     2.6491E+01  2.770E+07  1.000E-30  1.120E+00
     578      1     97      1     78      1      53     7.9354E+02  4.615E+12  2.836E-02  2.231E+00
     580      1     97      1     86      1      53     3.2696E+02  1.707E+12  4.748E-01  1.082E+00
     584      1     97      1     95      1      53     4.3029E+01  1.432E+09  2.959E-01  5.491E-01
     585      1     98      1     74      1      53     1.1808E+03  6.121E+11  4.020E-03  5.475E+00
     586      1     98      1     76      1      53     1.1240E+03  1.942E+11  1.000E-30  6.858E+00
     587      1     98      1     80      1      53     6.9278E+02  2.166E+11  8.550E-03  4.573E+00
     588      1     98      1     81      1      53     6.4729E+02  9.071E+10  1.000E-30  3.386E+00
     589      1     98      1     84      1      53     3.9921E+02  7.922E+10  1.746E-02  4.330E+00
     590      1     98      1     85      1      53     3.5803E+02  3.799E+10  1.000E-30  2.421E+00
     592      1     98      1     90      1      53     2.0843E+02  2.544E+10  4.091E-02  4.311E+00
     593      1     98      1     91      1      53     1.6878E+02  1.106E+10  1.000E-30  2.690E+00
     595      1     98      1     93      1      53     7.7294E+01  4.031E+09  1.415E-01  4.367E+00
     597      1     98      1     96      1      53     3.7767E+01  3.758E+08  1.000E-30  3.155E+00
     598      1     99      1     75      1      53     1.1956E+03  8.299E+11  1.000E-30  3.006E+01
     599      1     99      1     79      1      53     7.1611E+02  3.884E+11  1.000E-30  1.758E+01
     600      1     99      1     83      1      53     4.2696E+02  1.955E+11  1.000E-30  1.128E+01
     601      1     99      1     89      1      53     2.3897E+02  1.035E+11  1.000E-30  7.823E+00
     604      1     99      1     92      1      53     1.0973E+02  5.801E+10  1.000E-30  5.778E+00
     607      1     99      1     98      1      53     1.6897E+01  3.370E+08  1.000E-30  4.759E+00
     608      1    100      1     75      1      53     1.2357E+03  1.430E+12  5.146E-04  2.909E+01
     609      1    100      1     77      1      53     1.0769E+03  4.701E+10  1.000E-30  4.005E+00
     610      1    100      1     79      1      53     7.5626E+02  5.861E+11  1.612E-03  1.661E+01
     611      1    100      1     82      1      53     6.0138E+02  2.532E+10  1.000E-30  2.115E+00
     612      1    100      1     83      1      53     4.6710E+02  2.769E+11  5.237E-03  1.031E+01
     613      1    100      1     88      1      53     3.1156E+02  9.694E+09  1.000E-30  1.250E+00
     614      1    100      1     89      1      53     2.7912E+02  1.496E+11  2.034E-02  6.836E+00
     617      1    100      1     92      1      53     1.4988E+02  9.892E+10  1.445E-01  4.823E+00
     619      1    100      1     94      1      53     1.2130E+02  1.496E+09  1.000E-30  1.010E+00
     621      1    100      1     98      1      53     5.7044E+01  1.723E+10  1.268E+00  3.638E+00
     623      1    101      1     76      1      53     1.1918E+03  3.136E+12  2.499E-03  8.810E+00
     624      1    101      1     78      1      53     8.7698E+02  7.884E+09  1.000E-30  2.335E+00
     625      1    101      1     81      1      53     7.1510E+02  1.456E+12  9.620E-03  4.966E+00
     627      1    101      1     85      1      53     4.2583E+02  8.086E+11  4.344E-02  3.034E+00
     628      1    101      1     86      1      53     4.1039E+02  4.400E+09  1.000E-30  1.192E+00
     631      1    101      1     91      1      53     2.3659E+02  5.457E+11  3.553E-01  2.001E+00
     634      1    101      1     95      1      53     1.2646E+02  5.219E+08  1.000E-30  6.928E-01
     635      1    101      1     96      1      53     1.0557E+02  1.366E+11  2.256E+00  1.461E+00
     638      1    101      1    100      1      53     1.0760E+01  1.135E+06  8.217E-03  1.214E+00
     639      1    102      1     77      1      53     1.1469E+03  6.612E+12  9.051E-03  4.153E+00
     641      1    102      1     82      1      53     6.7131E+02  4.223E+12  5.656E-02  2.244E+00
     644      1    102      1     87      1      53     4.2378E+02  4.522E+09  1.000E-30  6.430E-01
     645      1    102      1     88      1      53     3.8149E+02  2.942E+12  5.867E-01  1.314E+00
     647      1    102      1     94      1      53     1.9123E+02  5.963E+11  1.901E+00  8.462E-01
     650      1    102      1     97      1      53     1.4260E+02  2.770E+09  1.000E-30  3.855E-01
     652      1    102      1    101      1      53     5.9168E+01  1.743E+08  9.447E-03  6.709E-01
     653      1    103      1     76      1      53     1.2875E+03  2.380E+12  1.432E-03  9.222E+00
     654      1    103      1     78      1      53     9.7272E+02  6.048E+09  1.000E-30  2.689E+00
     655      1    103      1     81      1      53     8.1083E+02  1.137E+12  4.738E-03  5.320E+00
     656      1    103      1     85      1      53     5.2157E+02  6.368E+11  1.610E-02  3.382E+00
     657      1    103      1     86      1      53     5.0613E+02  4.159E+09  1.000E-30  1.540E+00
     659      1    103      1     91      1      53     3.3233E+02  4.314E+11  6.404E-02  2.349E+00
     662      1    103      1     95      1      53     2.2220E+02  1.134E+09  1.000E-30  1.006E+00
     663      1    103      1     96      1      53     2.0131E+02  4.252E+11  4.726E-01  1.790E+00
     665      1    103      1    100      1      53     1.0650E+02  1.901E+11  3.238E+00  1.526E+00
     667      1    103      1    102      1      53     3.6571E+01  1.639E+07  1.000E-30  7.880E-01
     668      1    104      1     78      1      53     9.7661E+02  2.592E+12  7.354E-03  2.510E+00
     670      1    104      1     86      1      53     5.1003E+02  1.599E+12  6.396E-02  1.355E+00
     674      1    104      1     95      1      53     2.2610E+02  5.061E+11  6.171E-01  8.134E-01
     677      1    104      1    102      1      53     4.0464E+01  2.246E+09  5.474E-01  5.586E-01
     679      1    105      1     77      1      53     1.2750E+03  4.397E+12  4.046E-03  4.447E+00
     680      1    105      1     82      1      53     7.9944E+02  2.809E+12  1.883E-02  2.538E+00
     682      1    105      1     87      1      53     5.5191E+02  3.178E+09  1.000E-30  9.309E-01
     683      1    105      1     88      1      53     5.0962E+02  2.086E+12  9.397E-02  1.602E+00
     685      1    105      1     94      1      53     3.1936E+02  2.075E+12  7.603E-01  1.124E+00
     688      1    105      1     97      1      53     2.7073E+02  3.402E+09  1.000E-30  5.837E-01
     690      1    105      1    101      1      53     1.8730E+02  7.951E+11  2.733E+00  9.107E-01
     692      1    105      1    103      1      53     9.1560E+01  2.828E+08  2.893E-03  8.744E-01
     693      1    105      1    104      1      53     8.7667E+01  1.055E+09  1.000E-30  5.121E-01
     694      1    106      1     78      1      53     1.1024E+03  1.612E+12  2.904E-03  2.740E+00
     695      1    106      1     86      1      53     6.3583E+02  1.129E+12  1.870E-02  1.585E+00
     698      1    106      1     95      1      53     3.5190E+02  5.763E+11  9.331E-02  1.042E+00
     701      1    106      1    102      1      53     1.6626E+02  2.374E+11  6.317E-01  7.781E-01
     704      1    106      1    105      1      53     3.8133E+01  3.002E+09  6.832E-01  6.872E-01
     705      1    107      1     77      1      53     1.3672E+03  3.079E+12  2.146E-03  4.721E+00
     706      1    107      1     82      1      53     8.9170E+02  1.957E+12  8.387E-03  2.812E+00
     707      1    107      1     87      1      53     6.4417E+02  2.246E+09  1.000E-30  1.204E+00
     708      1    107      1     88      1      53     6.0188E+02  1.414E+12  3.015E-02  1.876E+00
     710      1    107      1     94      1      53     4.1162E+02  1.310E+12  1.224E-01  1.399E+00
     712      1    107      1     97      1      53     3.6299E+02  2.777E+09  1.000E-30  8.469E-01
     714      1    107      1    101      1      53     2.7956E+02  1.593E+12  7.949E-01  1.173E+00
     716      1    107      1    103      1      53     1.8382E+02  1.090E+12  3.123E+00  1.119E+00
     717      1    107      1    104      1      53     1.7993E+02  1.855E+09  1.000E-30  6.991E-01
     719      1    107      1    106      1      53     5.4126E+01  3.298E+08  1.000E-30  7.361E-01
     720      1    108      1     78      1      53     1.1926E+03  1.076E+12  1.409E-03  2.961E+00
     721      1    108      1     86      1      53     7.2599E+02  7.998E+11  7.614E-03  1.812E+00
     723      1    108      1     95      1      53     4.4206E+02  4.653E+11  2.802E-02  1.264E+00
     725      1    108      1    102      1      53     2.5642E+02  2.508E+11  9.950E-02  1.002E+00
     728      1    108      1    105      1      53     1.2829E+02  1.216E+11  5.187E-01  9.072E-01
     730      1    108      1    107      1      53     3.6034E+01  3.872E+09  7.332E-01  9.316E-01
     731      1    110      1    109      1      53     1.0325E+02  4.818E+09  1.000E-30  3.596E+02
     732      1    111      1    109      1      53     6.2828E+02  1.221E+12  9.058E-05  4.025E+02
     733      1    114      1    113      1      54     7.1415E+00  1.470E+04  1.000E-30  1.334E-03
     735      1    115      1    114      1      54     4.2027E+02  2.465E+10  3.514E+00  1.388E-02
     736      1    117      1    116      1      54     8.2284E+01  2.160E+08  1.127E+01  8.814E-03
     737      1    118      1    117      1      54     6.5579E+01  3.449E+08  2.440E-04  9.900E+01
     739      1    120      1    119      1      54     2.7707E+01  1.472E+07  4.189E+00  2.180E-02
     740      1    121      1    120      1      54     3.4184E+01  1.085E+08  1.523E-03  3.529E+01
     743      1    122      1    121      1      54     1.1729E+01  9.494E+05  6.938E-04  1.006E+01
     745      1    124      1    119      1      54     9.4819E+02  7.080E+12  1.608E-02  3.133E+01
     746      1    124      1    121      1      54     8.8629E+02  2.309E+12  1.000E-30  1.767E+01
     747      1    123      1    120      1      54     9.0352E+02  8.427E+12  1.000E-30  5.147E+01
     749      1    124      1    123      1      54     1.6956E+01  6.922E+06  2.191E+00  6.299E-02
     750      1    125      1    120      1      54     9.3511E+02  1.511E+13  8.600E-03  4.299E+01
     753      1    125      1    122      1      54     8.8920E+02  5.626E+11  1.000E-30  3.400E+00
     754      1    125      1    124      1      54     1.4632E+01  9.961E+06  2.815E-03  2.238E+01
     757      1    126      1    121      1      54     9.0719E+02  2.485E+13  2.740E-02  1.497E+01
     759      1    126      1    125      1      54     6.2624E+00  2.743E+05  2.545E-03  5.215E+00
     761      1    127      1    122      1      54     9.0472E+02  3.905E+13  7.201E-02  6.836E+00
     763      1    127      1    126      1      54     9.2648E+00  3.290E+05  1.695E-03  2.070E+00
     765      1    129      1    121      1      54     1.3816E+03  1.790E+12  1.000E-30  9.961E+00
     767      1    129      1    123      1      54     5.1224E+02  1.208E+12  3.064E-02  1.816E+01
     768      1    129      1    125      1      54     4.8065E+02  6.203E+11  1.000E-30  1.087E+01
     770      1    128      1    120      1      54     1.4063E+03  7.062E+12  1.000E-30  5.136E+01
     772      1    128      1    124      1      54     4.8585E+02  1.811E+12  1.000E-30  3.183E+01
     775      1    129      1    128      1      54     9.4325E+00  1.704E+06  1.388E+00  1.176E-01
     777      1    130      1    120      1      54     1.4246E+03  8.820E+12  1.706E-02  3.622E+00
     779      1    130      1    122      1      54     1.3787E+03  3.745E+11  1.000E-30  4.657E+00
     780      1    130      1    124      1      54     5.0408E+02  2.353E+12  1.375E-02  2.691E+01
     783      1    130      1    126      1      54     4.8319E+02  2.311E+11  1.000E-30  2.103E+00
     785      1    130      1    129      1      54     8.7978E+00  2.837E+06  6.359E-03  1.306E+01
     788      1    131      1    121      1      54     1.3942E+03  1.962E+13  5.122E-03  1.688E+01
     790      1    131      1    125      1      54     4.9329E+02  3.636E+12  5.184E-02  7.442E+00
     791      1    131      1    127      1      54     4.7777E+02  6.213E+10  1.000E-30  8.430E-01
     793      1    131      1    130      1      54     3.8408E+00  9.341E+04  6.367E-03  3.098E+00
     795      1    132      1    122      1      54     1.3904E+03  2.078E+13  8.252E-03  8.028E+00
     797      1    132      1    126      1      54     4.9497E+02  5.265E+12  1.277E-01  3.392E+00
     799      1    132      1    131      1      54     7.9348E+00  3.803E+05  5.111E-03  1.265E+00
     800      1    133      1    127      1      54     4.8686E+02  6.499E+12  2.590E-01  1.926E+00
     801      1    133      1    132      1      54     1.1594E+00  3.399E+02  2.171E-03  6.629E-01
     802      1    134      1    124      1      54     7.8763E+02  1.728E+12  1.000E-30  3.178E+01
     804      1    134      1    129      1      54     2.9235E+02  5.084E+11  1.000E-30  1.848E+01
     808      1    135      1    123      1      54     8.1021E+02  1.321E+12  1.297E-02  1.157E+01
     809      1    135      1    125      1      54     7.7862E+02  5.539E+11  1.000E-30  1.010E+01
     811      1    135      1    128      1      54     3.0740E+02  2.779E+11  5.298E-02  1.152E+01
     812      1    135      1    130      1      54     2.8917E+02  1.946E+11  1.000E-30  5.917E+00
     814      1    135      1    134      1      54     5.6221E+00  7.804E+05  9.040E-02  3.241E+00
     815      1    136      1    124      1      54     7.9909E+02  2.499E+12  3.055E-03  3.176E+01
     818      1    136      1    126      1      54     7.7820E+02  1.830E+11  1.000E-30  5.059E+00
     819      1    136      1    129      1      54     3.0380E+02  5.266E+11  2.073E-02  1.844E+01
     822      1    136      1    131      1      54     2.9116E+02  8.862E+10  1.000E-30  3.004E+00
     825      1    136      1    135      1      54     5.8334E+00  1.031E+06  1.243E-02  8.408E+00
     827      1    137      1    125      1      54     7.8707E+02  3.704E+12  9.036E-03  1.010E+01
     828      1    137      1    127      1      54     7.7154E+02  4.190E+10  1.000E-30  3.077E+00
     830      1    137      1    130      1      54     2.9761E+02  7.710E+11  6.391E-02  5.921E+00
     831      1    137      1    132      1      54     2.8584E+02  3.496E+10  1.000E-30  1.848E+00
     833      1    137      1    136      1      54     2.6080E+00  3.842E+04  1.258E-02  2.067E+00
     835      1    138      1    126      1      54     7.8806E+02  4.727E+12  1.661E-02  5.045E+00
     837      1    138      1    131      1      54     3.0103E+02  1.107E+12  1.368E-01  2.989E+00
     838      1    138      1    133      1      54     2.9194E+02  1.131E+10  1.000E-30  1.258E+00
     840      1    138      1    137      1      54     7.2571E+00  4.077E+05  1.002E-02  9.109E-01
     841      1    139      1    127      1      54     7.7953E+02  4.187E+12  1.958E-02  3.058E+00
     842      1    139      1    132      1      54     2.9383E+02  1.290E+12  2.421E-01  1.828E+00
     843      1    139      1    138      1      54     7.3047E-01  1.581E+02  5.122E-03  5.192E-01
     844      1    140      1    133      1      54     2.9317E+02  1.552E+12  4.091E-01  1.232E+00
     845      1    140      1    139      1      54     5.0455E-01  1.990E+01  2.410E-03  3.376E-01
     846      1    141      1    124      1      54     9.8280E+02  1.376E+12  1.000E-30  3.182E+01
     847      1    141      1    129      1      54     4.8751E+02  5.299E+11  1.000E-30  1.849E+01
     851      1    141      1    135      1      54     1.8954E+02  1.699E+11  1.000E-30  1.176E+01
     853      1    142      1    123      1      54     1.0032E+03  1.115E+12  8.427E-03  7.865E+00
     854      1    142      1    125      1      54     9.7165E+02  4.207E+11  1.000E-30  1.019E+01
     856      1    142      1    128      1      54     5.0043E+02  3.371E+11  2.086E-02  7.879E+00
     857      1    142      1    130      1      54     4.8220E+02  1.916E+11  1.000E-30  6.004E+00
     859      1    142      1    134      1      54     1.9865E+02  7.863E+10  8.482E-02  7.851E+00
     861      1    142      1    136      1      54     1.8719E+02  6.970E+10  1.000E-30  5.123E+00
     863      1    142      1    141      1      54     3.4847E+00  1.924E+05  1.439E-01  2.248E+00
     864      1    143      1    124      1      54     9.9046E+02  2.082E+12  1.333E-03  3.181E+01
     865      1    143      1    126      1      54     9.6956E+02  1.302E+11  1.000E-30  5.136E+00
     866      1    143      1    129      1      54     4.9517E+02  6.196E+11  5.499E-03  1.849E+01
     869      1    143      1    131      1      54     4.8253E+02  7.944E+10  1.000E-30  3.082E+00
     872      1    143      1    135      1      54     1.9720E+02  1.462E+11  4.112E-02  9.704E+00
     874      1    143      1    137      1      54     1.8876E+02  3.586E+10  1.000E-30  1.228E+00
     877      1    143      1    142      1      54     4.1712E+00  4.425E+05  2.139E-02  5.799E+00
     878      1    144      1    125      1      54     9.7774E+02  2.952E+12  3.692E-03  1.018E+01
     879      1    144      1    127      1      54     9.6221E+02  2.714E+10  1.000E-30  3.153E+00
     881      1    144      1    130      1      54     4.8829E+02  9.032E+11  1.570E-02  5.992E+00
     882      1    144      1    132      1      54     4.7651E+02  2.830E+10  1.000E-30  1.923E+00
     884      1    144      1    136      1      54     1.9328E+02  1.948E+11  1.350E-01  2.795E+00
     885      1    144      1    138      1      54     1.8342E+02  1.636E+10  1.000E-30  5.692E-01
     887      1    144      1    143      1      54     1.9160E+00  1.885E+04  2.054E-02  1.587E+00
     888      1    145      1    126      1      54     9.7835E+02  3.379E+12  6.026E-03  5.116E+00
     890      1    145      1    131      1      54     4.9132E+02  1.211E+12  2.941E-02  3.060E+00
     891      1    145      1    133      1      54     4.8223E+02  7.321E+09  1.000E-30  1.329E+00
     893      1    145      1    137      1      54     1.9755E+02  2.616E+11  2.919E-01  1.360E+00
     894      1    145      1    139      1      54     1.8956E+02  8.354E+09  1.000E-30  3.745E-01
     896      1    145      1    144      1      54     6.8766E+00  4.426E+05  1.416E-02  8.025E-01
     897      1    146      1    127      1      54     9.6958E+02  2.429E+12  5.660E-03  3.124E+00
     898      1    146      1    132      1      54     4.8388E+02  1.285E+12  4.152E-02  1.894E+00
     899      1    146      1    138      1      54     1.9078E+02  2.693E+11  4.895E-01  8.342E-01
     900      1    146      1    140      1      54     1.8955E+02  2.561E+09  1.000E-30  2.866E-01
     901      1    146      1    145      1      54     4.8959E-01  6.769E+01  6.778E-03  5.269E-01
     902      1    147      1    133      1      54     4.8306E+02  1.077E+12  4.221E-02  1.293E+00
     903      1    147      1    139      1      54     1.9039E+02  2.993E+11  7.820E-01  5.735E-01
     904      1    147      1    146      1      54     3.3818E-01  1.130E+01  3.635E-03  3.869E-01
     905      1    148      1    140      1      54     1.9013E+02  4.024E+11  1.205E+00  4.156E-01
     906      1    148      1    147      1      54     2.4746E-01  1.759E+00  1.557E-03  2.947E-01
     907      1    149      1    124      1      54     1.1162E+03  1.062E+12  1.000E-30  3.192E+01
     908      1    149      1    129      1      54     6.2092E+02  4.499E+11  1.000E-30  1.859E+01
     910      1    149      1    135      1      54     3.2295E+02  1.893E+11  1.000E-30  1.187E+01
     913      1    149      1    142      1      54     1.2992E+02  6.492E+10  1.000E-30  8.159E+00
     915      1    150      1    123      1      54     1.1354E+03  8.922E+11  6.397E-03  5.696E+00
     916      1    150      1    125      1      54     1.1038E+03  3.161E+11  1.000E-30  1.030E+01
     917      1    150      1    128      1      54     6.3256E+02  3.063E+11  1.278E-02  5.709E+00
     918      1    150      1    130      1      54     6.1433E+02  1.571E+11  1.000E-30  6.116E+00
     919      1    150      1    134      1      54     3.3078E+02  1.043E+11  3.104E-02  5.740E+00
     921      1    150      1    136      1      54     3.1933E+02  7.461E+10  1.000E-30  3.261E+00
     923      1    150      1    141      1      54     1.3562E+02  2.589E+10  1.243E-01  5.788E+00
     925      1    150      1    143      1      54     1.2796E+02  2.788E+10  1.000E-30  3.930E+00
     927      1    150      1    149      1      54     2.2069E+00  4.927E+04  1.955E-01  1.733E+00
     928      1    151      1    124      1      54     1.1216E+03  1.649E+12  7.246E-04  3.189E+01
     929      1    151      1    126      1      54     1.1007E+03  9.355E+10  1.000E-30  5.247E+00
     930      1    151      1    129      1      54     6.2630E+02  5.571E+11  2.419E-03  1.857E+01
     931      1    151      1    131      1      54     6.1366E+02  6.134E+10  1.000E-30  3.192E+00
     933      1    151      1    135      1      54     3.2833E+02  1.879E+11  1.025E-02  1.039E+01
     935      1    151      1    137      1      54     3.1989E+02  3.531E+10  1.000E-30  9.810E-01
     937      1    151      1    142      1      54     1.3530E+02  4.812E+10  6.216E-02  6.710E+00
     939      1    151      1    144      1      54     1.2921E+02  1.555E+10  1.000E-30  1.146E+00
     941      1    151      1    150      1      54     3.1681E+00  2.240E+05  3.344E-02  4.359E+00
     942      1    152      1    125      1      54     1.1084E+03  2.262E+12  1.918E-03  1.028E+01
     943      1    152      1    127      1      54     1.0929E+03  1.833E+10  1.000E-30  3.260E+00
     944      1    152      1    130      1      54     6.1900E+02  7.929E+11  6.553E-03  6.101E+00
     945      1    152      1    132      1      54     6.0722E+02  2.043E+10  1.000E-30  2.030E+00
     947      1    152      1    136      1      54     3.2399E+02  2.659E+11  3.000E-02  3.223E+00
     948      1    152      1    138      1      54     3.1413E+02  1.524E+10  1.000E-30  6.914E-01
     950      1    152      1    143      1      54     1.3263E+02  6.078E+10  1.826E-01  2.105E+00
     951      1    152      1    145      1      54     1.2383E+02  7.512E+09  1.000E-30  6.557E-01
     953      1    152      1    151      1      54     1.4980E+00  1.054E+04  2.605E-02  1.425E+00
     954      1    153      1    126      1      54     1.1088E+03  2.423E+12  2.890E-03  5.219E+00
     955      1    153      1    131      1      54     6.2180E+02  9.977E+11  1.121E-02  3.164E+00
     956      1    153      1    133      1      54     6.1271E+02  4.651E+09  1.000E-30  1.433E+00
     958      1    153      1    137      1      54     3.2803E+02  3.620E+11  5.622E-02  1.662E+00
     959      1    153      1    139      1      54     3.2004E+02  6.419E+09  1.000E-30  5.733E-01
     961      1    153      1    144      1      54     1.3736E+02  8.439E+10  3.405E-01  1.143E+00
     962      1    153      1    146      1      54     1.2999E+02  4.926E+09  1.000E-30  4.912E-01
     963      1    153      1    152      1      54     6.6466E+00  4.804E+05  1.493E-02  8.606E-01
     964      1    154      1    127      1      54     1.0999E+03  1.538E+12  2.359E-03  3.222E+00
     965      1    154      1    132      1      54     6.1421E+02  9.528E+11  1.386E-02  1.992E+00
     966      1    154      1    138      1      54     3.2112E+02  3.911E+11  8.019E-02  1.067E+00
     967      1    154      1    140      1      54     3.1988E+02  1.604E+09  1.000E-30  4.820E-01
     968      1    154      1    145      1      54     1.3082E+02  9.488E+10  4.859E-01  7.774E-01
     969      1    154      1    147      1      54     1.3000E+02  2.274E+09  1.000E-30  4.042E-01
     970      1    154      1    153      1      54     3.4390E-01  3.007E+01  6.371E-03  6.486E-01
     971      1    155      1    133      1      54     6.1329E+02  6.311E+11  1.079E-02  1.385E+00
     972      1    155      1    139      1      54     3.2062E+02  4.043E+11  9.626E-02  7.625E-01
     973      1    155      1    146      1      54     1.3057E+02  1.121E+11  6.698E-01  5.855E-01
     974      1    155      1    148      1      54     1.2999E+02  7.052E+08  1.000E-30  3.402E-01
     975      1    155      1    154      1      54     2.3759E-01  5.593E+00  3.406E-03  5.283E-01
     976      1    156      1    124      1      54     1.2114E+03  8.190E+11  1.000E-30  3.205E+01
     977      1    156      1    129      1      54     7.1613E+02  3.642E+11  1.000E-30  1.873E+01
     978      1    156      1    135      1      54     4.1816E+02  1.690E+11  1.000E-30  1.203E+01
     980      1    156      1    142      1      54     2.2513E+02  7.629E+10  1.000E-30  8.313E+00
     983      1    156      1    150      1      54     9.3002E+01  2.769E+10  1.000E-30  6.122E+00
     985      1    157      1    123      1      54     1.2298E+03  7.060E+11  5.164E-03  4.395E+00
     986      1    157      1    125      1      54     1.1982E+03  2.390E+11  1.000E-30  1.046E+01
     987      1    157      1    128      1      54     7.2695E+02  2.585E+11  9.168E-03  4.409E+00
     988      1    157      1    130      1      54     7.0872E+02  1.243E+11  1.000E-30  6.269E+00
     989      1    157      1    134      1      54     4.2517E+02  1.008E+11  1.792E-02  4.445E+00
     990      1    157      1    136      1      54     4.1371E+02  6.457E+10  1.000E-30  2.518E+00
     991      1    157      1    141      1      54     2.3000E+02  3.748E+10  4.298E-02  4.507E+00
     993      1    157      1    143      1      54     2.2235E+02  3.169E+10  1.000E-30  2.783E+00
     995      1    157      1    149      1      54     9.6594E+01  9.606E+09  1.696E-01  4.598E+00
     997      1    157      1    151      1      54     9.1219E+01  1.213E+10  1.000E-30  3.283E+00
     999      1    157      1    156      1      54     1.3856E+00  1.329E+04  2.105E-01  1.561E+00
    1000      1    158      1    124      1      54     1.2153E+03  1.294E+12  4.440E-04  3.205E+01
    1001      1    158      1    126      1      54     1.1944E+03  6.870E+10  1.000E-30  5.400E+00
    1002      1    158      1    129      1      54     7.2004E+02  4.659E+11  1.318E-03  1.872E+01
    1003      1    158      1    131      1      54     7.0740E+02  4.671E+10  1.000E-30  3.345E+00
    1004      1    158      1    135      1      54     4.2207E+02  1.793E+11  4.324E-03  1.093E+01
    1005      1    158      1    137      1      54     4.1363E+02  2.911E+10  1.000E-30  1.280E+00
    1007      1    158      1    142      1      54     2.2904E+02  6.645E+10  1.541E-02  7.215E+00
    1009      1    158      1    144      1      54     2.2296E+02  1.652E+10  1.000E-30  1.015E+00
    1011      1    158      1    150      1      54     9.6914E+01  1.804E+10  8.673E-02  5.063E+00
    1012      1    158      1    152      1      54     9.2248E+01  7.189E+09  1.000E-30  1.228E+00
    1014      1    158      1    157      1      54     2.5273E+00  1.298E+05  4.672E-02  3.609E+00
    1015      1    159      1    125      1      54     1.2019E+03  1.736E+12  1.135E-03  1.043E+01
    1016      1    159      1    127      1      54     1.1864E+03  1.291E+10  1.000E-30  3.411E+00
    1017      1    159      1    130      1      54     7.1248E+02  6.526E+11  3.418E-03  6.250E+00
    1018      1    159      1    132      1      54     7.0070E+02  1.477E+10  1.000E-30  2.180E+00
    1019      1    159      1    136      1      54     4.1747E+02  2.527E+11  1.168E-02  3.578E+00
    1020      1    159      1    138      1      54     4.0761E+02  1.197E+10  1.000E-30  1.009E+00
    1022      1    159      1    143      1      54     2.2610E+02  9.170E+10  4.030E-02  2.453E+00
    1023      1    159      1    145      1      54     2.1731E+02  7.900E+09  1.000E-30  7.674E-01
    1025      1    159      1    151      1      54     9.4977E+01  2.397E+10  2.090E-01  1.844E+00
    1026      1    159      1    153      1      54     8.6832E+01  3.491E+09  1.000E-30  8.463E-01
    1028      1    159      1    158      1      54     1.2307E+00  6.645E+03  2.713E-02  1.481E+00
    1029      1    160      1    126      1      54     1.2022E+03  1.776E+12  1.607E-03  5.364E+00
    1030      1    160      1    131      1      54     7.1513E+02  7.828E+11  5.507E-03  3.309E+00
    1031      1    160      1    133      1      54     7.0604E+02  3.124E+09  1.000E-30  1.577E+00
    1032      1    160      1    137      1      54     4.2136E+02  3.323E+11  1.981E-02  1.935E+00
    1033      1    160      1    139      1      54     4.1337E+02  4.509E+09  1.000E-30  8.365E-01
    1035      1    160      1    144      1      54     2.3069E+02  1.318E+11  6.659E-02  1.409E+00
    1036      1    160      1    146      1      54     2.2332E+02  4.249E+09  1.000E-30  6.717E-01
    1037      1    160      1    152      1      54     9.9979E+01  3.705E+10  3.233E-01  1.158E+00
    1038      1    160      1    154      1      54     9.2988E+01  2.768E+09  1.000E-30  7.016E-01
    1039      1    160      1    159      1      54     6.4994E+00  5.238E+05  1.290E-02  1.056E+00
    1040      1    161      1    127      1      54     1.1932E+03  1.039E+12  1.196E-03  3.361E+00
    1041      1    161      1    132      1      54     7.0745E+02  6.947E+11  6.077E-03  2.131E+00
    1042      1    161      1    138      1      54     4.1436E+02  3.456E+11  2.514E-02  1.290E+00
    1043      1    161      1    140      1      54     4.1312E+02  9.978E+08  1.000E-30  7.053E-01
    1044      1    161      1    145      1      54     2.2406E+02  1.426E+11  8.467E-02  1.002E+00
    1045      1    161      1    147      1      54     2.2323E+02  1.684E+09  1.000E-30  5.940E-01
    1046      1    161      1    153      1      54     9.3583E+01  3.587E+10  3.786E-01  8.866E-01
    1047      1    161      1    155      1      54     9.3001E+01  1.534E+09  1.000E-30  6.120E-01
    1048      1    161      1    160      1      54     2.5061E-01  1.399E+01  5.213E-03  8.809E-01
    1049      1    162      1    133      1      54     7.0646E+02  4.003E+11  4.006E-03  1.518E+00
    1050      1    162      1    139      1      54     4.1380E+02  3.186E+11  2.498E-02  9.580E-01
    1051      1    162      1    146      1      54     2.2375E+02  1.595E+11  9.813E-02  7.798E-01
    1052      1    162      1    148      1      54     2.2316E+02  4.258E+08  1.000E-30  5.203E-01
    1053      1    162      1    154      1      54     9.3412E+01  4.363E+10  4.591E-01  7.302E-01
    1054      1    162      1    161      1      54     1.7317E-01  2.769E+00  2.797E-03  7.685E-01
    1381      1    165      1    164      1       1     1.0199E+01  1.696E+07  6.717E+00  6.228E-01
    1384      1    167      1    164      1       1     1.0199E+01  2.464E+07  1.343E+01  6.228E-01
    1387      1    169      1    164      1       1     1.2088E+01  2.158E+05  1.932E+00  1.389E+00
    1389      1    169      1    166      1       1     1.8887E+00  8.163E+03  3.121E-01  1.072E+00
    1392      1    168      1    165      1       1     1.8887E+00  3.019E+02  8.764E-04  1.209E+01
    1394      1    168      1    167      1       1     1.8886E+00  6.032E+02  1.753E-03  1.209E+01
    1396      1    170      1    165      1       1     1.8887E+00  1.787E+04  6.873E-02  7.892E+00
    1398      1    170      1    167      1       1     1.8887E+00  3.371E+04  1.374E-01  7.892E+00
    1399      1    172      1    164      1       1     1.2749E+01  7.036E+02  4.146E-01  2.374E+00
    1401      1    172      1    166      1       1     2.5497E+00  2.705E+01  9.087E-03  8.916E+00
    1404      1    172      1    168      1       1     6.6104E-01  2.244E+00  1.806E-06  4.150E+01
    1405      1    172      1    170      1       1     6.6103E-01  2.544E-01  2.805E-07  3.730E+01
    1407      1    171      1    165      1       1     2.5497E+00  6.383E-01  6.948E-05  3.507E+01
    1409      1    171      1    167      1       1     2.5497E+00  1.276E+00  1.389E-04  3.507E+01
    1410      1    171      1    169      1       1     6.6103E-01  3.534E-01  3.794E-07  4.273E+01
    1414      1    173      1    165      1       1     2.5497E+00  4.916E+01  3.584E-03  2.719E+01
    1416      1    173      1    167      1       1     2.5497E+00  9.813E+01  7.180E-03  2.719E+01
    1417      1    173      1    169      1       1     6.6104E-01  1.308E+01  8.913E-06  3.485E+01
    1425      1    174      1    170      1       1     6.6103E-01  5.946E+01  3.827E-05  2.534E+01
    1426      1    176      1    164      1       1     1.3054E+01  1.238E-01  1.202E-01  3.939E+00
    1428      1    176      1    166      1       1     2.8557E+00  4.347E-03  4.125E-04  7.984E+01
    1430      1    176      1    168      1       1     9.6701E-01  4.871E-04  2.120E-07  8.837E+01
    1431      1    176      1    170      1       1     9.6699E-01  4.440E-05  2.498E-08  8.417E+01
    1433      1    176      1    171      1       1     3.0597E-01  6.925E-05  1.000E-30  1.113E+02
    1434      1    176      1    173      1       1     3.0596E-01  1.770E-05  9.650E-23  1.035E+02
    1437      1    175      1    165      1       1     2.8557E+00  7.123E-05  1.157E-05  8.351E+01
    1439      1    175      1    167      1       1     2.8556E+00  1.424E-04  2.315E-05  8.351E+01
    1440      1    175      1    169      1       1     9.6700E-01  5.095E-05  4.090E-08  9.117E+01
    1443      1    175      1    172      1       1     3.0596E-01  1.149E-05  1.000E-30  1.129E+02
    1447      1    177      1    165      1       1     2.8557E+00  1.304E-02  5.002E-04  7.091E+01
    1449      1    177      1    167      1       1     2.8557E+00  2.601E-02  9.990E-04  7.091E+01
    1450      1    177      1    169      1       1     9.6700E-01  4.751E-03  8.875E-07  7.857E+01
    1453      1    177      1    172      1       1     3.0597E-01  6.608E-04  1.000E-30  1.003E+02
    1456      1    177      1    174      1       1     3.0596E-01  2.244E-05  1.000E-30  8.836E+01
    1461      1    178      1    170      1       1     9.6699E-01  3.480E-02  2.317E-06  6.433E+01
    1463      1    178      1    173      1       1     3.0596E-01  6.267E-03  1.000E-30  8.363E+01
    1469      1    179      1    174      1       1     3.0596E-01  5.757E-02  1.000E-30  6.303E+01
    1521      1    185      1    179      1       1     1.6620E-01  5.488E-06  1.000E-30  1.329E+02
