#  File format type:   4
#
#  SPECT3D transition powers file.
#  RUN NAME:  xe_20-200ev_1e18-1e21_4mm
#  Total number of transitions   =     1890
#  Number of written transitions =      700
#  Plasma temperature (eV)       =     1.6000E+02
#  Mass density (g/cm3)          =     2.2432E-03
#  Cell areal density (g/cm2)    =     8.9730E-04
#  Material mass fractions       =     1.0000E+00
#  DCA material number fractions =     1.3000E-02    9.8700E-01
# -----------------------------------------------------
#
#
#   Trans.  Trans  Upper  Upper  Lower  Lower   Ioniz   Energy     Line Power Line Center Line Width
#   Index   Model  Level  Model  Level  Model   Stage   (eV)       (W/cm2)    Opt. Depth      eV
# --------------------------------------------------------------------------------------------------
       1      1      3      1      2      1      52     1.1982E+02  8.678E+08  1.100E-08  1.059E-02
       2      1      4      1      2      1      52     4.9234E+02  8.960E+10  1.445E+00  4.247E-02
       4      1      6      1      5      1      52     1.0651E+02  3.296E+09  2.057E-03  7.871E+01
       6      1      7      1      6      1      52     6.8034E+01  4.330E+08  2.869E-04  9.466E+01
       7      1      9      1      8      1      52     3.8672E+01  1.905E+08  6.863E-03  2.872E+01
       9      1     10      1      9      1      52     3.4641E+01  1.237E+08  1.878E-03  3.134E+01
      11      1     11      1     10      1      52     9.4480E+00  4.305E+05  7.098E-04  8.529E+00
      13      1     12      1      9      1      52     8.3242E+02  7.128E+12  1.000E-30  4.475E+01
      14      1     13      1      8      1      52     8.9349E+02  5.529E+12  1.727E-02  2.726E+01
      16      1     13      1     10      1      52     8.2018E+02  1.886E+12  1.000E-30  1.547E+01
      17      1     13      1     12      1      52     2.2396E+01  5.325E+07  1.739E-02  1.656E+01
      19      1     14      1      9      1      52     8.6975E+02  1.193E+13  9.684E-03  3.752E+01
      21      1     14      1     11      1      52     8.2566E+02  4.500E+11  1.000E-30  2.947E+00
      23      1     14      1     13      1      52     1.4925E+01  1.157E+07  3.412E-03  2.022E+01
      25      1     15      1     10      1      52     8.3968E+02  1.956E+13  3.189E-02  1.285E+01
      28      1     15      1     14      1      52     4.5752E+00  8.475E+04  2.397E-03  4.388E+00
      30      1     16      1     11      1      52     8.3260E+02  2.984E+13  8.284E-02  5.905E+00
      32      1     16      1     15      1      52     2.3647E+00  3.536E+03  1.295E-03  1.751E+00
      34      1     17      1      9      1      52     1.3019E+03  5.982E+12  1.000E-30  4.467E+01
      36      1     17      1     13      1      52     4.4709E+02  1.516E+12  1.000E-30  2.763E+01
      38      1     18      1      8      1      52     1.3534E+03  5.297E+12  8.054E-03  1.591E+01
      40      1     18      1     10      1      52     1.2800E+03  1.461E+12  1.000E-30  8.595E+00
      41      1     18      1     12      1      52     4.8226E+02  9.340E+11  3.276E-02  1.578E+01
      43      1     18      1     14      1      52     4.4493E+02  5.062E+11  1.000E-30  9.499E+00
      45      1     18      1     17      1      52     1.2770E+01  1.158E+07  3.691E-02  9.407E+00
      47      1     19      1      9      1      52     1.3234E+03  1.085E+13  2.290E-03  4.045E+01
      49      1     19      1     11      1      52     1.2793E+03  2.974E+11  1.000E-30  4.059E+00
      51      1     19      1     13      1      52     4.6860E+02  1.851E+12  1.552E-02  2.340E+01
      53      1     19      1     15      1      52     4.4910E+02  1.849E+11  1.000E-30  1.789E+00
      56      1     19      1     18      1      52     8.7378E+00  2.985E+06  7.629E-03  1.171E+01
      58      1     20      1     10      1      52     1.2912E+03  1.555E+13  5.958E-03  1.449E+01
      61      1     20      1     14      1      52     4.5609E+02  2.838E+12  6.063E-02  6.356E+00
      63      1     20      1     16      1      52     4.4915E+02  5.205E+10  1.000E-30  7.211E-01
      65      1     20      1     19      1      52     2.4178E+00  1.605E+04  5.329E-03  2.546E+00
      67      1     21      1     11      1      52     1.2829E+03  1.625E+13  9.534E-03  6.930E+00
      69      1     21      1     15      1      52     4.5271E+02  3.918E+12  1.484E-01  2.905E+00
      72      1     21      1     20      1      52     1.2002E+00  7.799E+02  3.704E-03  1.035E+00
      75      1     22      1     16      1      52     4.5135E+02  4.985E+12  3.017E-01  1.654E+00
      77      1     22      1     21      1      52     1.0028E+00  2.053E+02  2.499E-03  5.359E-01
      79      1     23      1     13      1      52     7.2854E+02  1.453E+12  1.000E-30  2.761E+01
      81      1     23      1     18      1      52     2.6868E+02  4.258E+11  1.000E-30  1.598E+01
      83      1     24      1     12      1      52     7.5883E+02  1.028E+12  1.425E-02  9.988E+00
      85      1     24      1     14      1      52     7.2151E+02  4.512E+11  1.000E-30  5.098E+00
      86      1     24      1     17      1      52     2.8935E+02  2.144E+11  5.697E-02  9.959E+00
      88      1     24      1     19      1      52     2.6784E+02  1.592E+11  1.000E-30  6.248E+00
      90      1     24      1     23      1      52     7.9016E+00  3.048E+06  6.865E-02  5.856E+00
      92      1     25      1     13      1      52     7.4204E+02  1.977E+12  3.850E-03  2.492E+01
      94      1     25      1     15      1      52     7.2254E+02  1.458E+11  1.000E-30  1.775E+00
      96      1     25      1     18      1      52     2.8218E+02  4.093E+11  2.805E-02  1.335E+01
      98      1     25      1     20      1      52     2.7102E+02  7.138E+10  1.000E-30  1.237E+00
     101      1     25      1     24      1      52     5.5989E+00  9.486E+05  1.477E-02  7.386E+00
     103      1     26      1     14      1      52     7.2843E+02  2.916E+12  1.260E-02  7.229E+00
     105      1     26      1     16      1      52     7.2149E+02  3.426E+10  1.000E-30  1.215E+00
     107      1     26      1     19      1      52     2.7476E+02  5.757E+11  1.047E-01  3.606E+00
     109      1     26      1     21      1      52     2.7114E+02  3.040E+10  1.000E-30  4.736E-01
     112      1     26      1     25      1      52     1.3194E+00  3.111E+03  9.804E-03  1.661E+00
     114      1     27      1     15      1      52     7.2446E+02  3.596E+12  2.408E-02  3.442E+00
     117      1     27      1     20      1      52     2.7295E+02  7.228E+11  2.404E-01  1.656E+00
     119      1     27      1     22      1      52     2.7075E+02  8.983E+09  1.000E-30  2.757E-01
     121      1     27      1     26      1      52     6.0740E-01  1.357E+02  7.388E-03  6.962E-01
     123      1     28      1     16      1      52     7.2273E+02  3.300E+12  2.952E-02  2.035E+00
     125      1     28      1     21      1      52     2.7238E+02  8.596E+11  4.668E-01  9.525E-01
     128      1     28      1     27      1      52     6.3240E-01  9.565E+01  6.703E-03  3.747E-01
     129      1     29      1     13      1      52     9.1039E+02  1.156E+12  1.000E-30  2.759E+01
     131      1     29      1     18      1      52     4.5053E+02  4.426E+11  1.000E-30  1.596E+01
     134      1     29      1     24      1      52     1.7396E+02  1.410E+11  1.000E-30  1.012E+01
     136      1     30      1     12      1      52     9.3797E+02  8.710E+11  9.378E-03  6.763E+00
     137      1     30      1     14      1      52     9.0065E+02  3.429E+11  1.000E-30  4.500E+00
     138      1     30      1     17      1      52     4.6848E+02  2.610E+11  2.310E-02  6.734E+00
     140      1     30      1     19      1      52     4.4698E+02  1.568E+11  1.000E-30  3.555E+00
     142      1     30      1     23      1      52     1.8704E+02  6.046E+10  9.202E-02  6.726E+00
     144      1     30      1     25      1      52     1.7354E+02  5.698E+10  1.000E-30  4.359E+00
     146      1     30      1     29      1      52     5.1810E+00  9.149E+05  1.165E-01  3.894E+00
     147      1     31      1     13      1      52     9.1941E+02  1.652E+12  1.630E-03  2.579E+01
     148      1     31      1     15      1      52     8.9991E+02  1.035E+11  1.000E-30  2.522E+00
     150      1     31      1     18      1      52     4.5956E+02  4.889E+11  7.066E-03  1.423E+01
     152      1     31      1     20      1      52     4.4840E+02  6.360E+10  1.000E-30  9.788E-01
     155      1     31      1     24      1      52     1.8298E+02  1.132E+11  4.681E-02  8.326E+00
     157      1     31      1     26      1      52     1.7606E+02  2.914E+10  1.000E-30  9.344E-01
     160      1     31      1     30      1      52     3.8407E+00  3.596E+05  2.580E-02  5.045E+00
     161      1     32      1     14      1      52     9.0519E+02  2.338E+12  4.865E-03  7.719E+00
     162      1     32      1     16      1      52     8.9825E+02  2.211E+10  1.000E-30  1.705E+00
     164      1     32      1     19      1      52     4.5152E+02  7.055E+11  2.289E-02  4.102E+00
     166      1     32      1     21      1      52     4.4790E+02  2.370E+10  1.000E-30  6.597E-01
     169      1     32      1     25      1      52     1.7808E+02  1.466E+11  1.658E-01  2.279E+00
     171      1     32      1     27      1      52     1.7615E+02  1.496E+10  1.000E-30  3.837E-01
     174      1     32      1     31      1      52     7.0280E-01  5.401E+02  1.580E-02  1.196E+00
     175      1     33      1     15      1      52     9.0089E+02  2.614E+12  8.112E-03  3.777E+00
     177      1     33      1     20      1      52     4.4938E+02  8.966E+11  4.505E-02  1.977E+00
     179      1     33      1     22      1      52     4.4717E+02  5.810E+09  1.000E-30  5.075E-01
     181      1     33      1     26      1      52     1.7704E+02  1.729E+11  3.605E-01  1.068E+00
     183      1     33      1     28      1      52     1.7580E+02  6.663E+09  1.000E-30  2.296E-01
     185      1     33      1     32      1      52     2.7490E-01  1.593E+01  1.217E-02  5.414E-01
     186      1     34      1     16      1      52     8.9895E+02  1.932E+12  7.824E-03  2.264E+00
     188      1     34      1     21      1      52     4.4860E+02  9.907E+11  6.684E-02  1.182E+00
     191      1     34      1     27      1      52     1.7685E+02  1.913E+11  6.578E-01  6.266E-01
     194      1     34      1     33      1      52     4.2420E-01  4.089E+01  1.101E-02  3.190E-01
     195      1     35      1     13      1      52     1.0346E+03  8.915E+11  1.000E-30  2.764E+01
     196      1     35      1     18      1      52     5.7478E+02  3.758E+11  1.000E-30  1.601E+01
     198      1     35      1     24      1      52     2.9820E+02  1.579E+11  1.000E-30  1.011E+01
     201      1     35      1     30      1      52     1.1906E+02  5.390E+10  1.000E-30  6.854E+00
     203      1     36      1     12      1      52     1.0606E+03  6.981E+11  7.213E-03  4.860E+00
     204      1     36      1     14      1      52     1.0233E+03  2.574E+11  1.000E-30  5.276E+00
     205      1     36      1     17      1      52     5.9109E+02  2.381E+11  1.444E-02  4.831E+00
     206      1     36      1     19      1      52     5.6958E+02  1.281E+11  1.000E-30  2.684E+00
     207      1     36      1     23      1      52     3.0964E+02  8.091E+10  3.525E-02  4.817E+00
     209      1     36      1     25      1      52     2.9614E+02  6.095E+10  1.000E-30  2.681E+00
     211      1     36      1     29      1      52     1.2779E+02  1.978E+10  1.394E-01  4.810E+00
     213      1     36      1     31      1      52     1.1877E+02  2.291E+10  1.000E-30  3.219E+00
     215      1     36      1     35      1      52     3.5433E+00  3.019E+05  1.788E-01  2.790E+00
     216      1     37      1     13      1      52     1.0410E+03  1.312E+12  8.726E-04  2.635E+01
     217      1     37      1     15      1      52     1.0215E+03  7.436E+10  1.000E-30  3.092E+00
     218      1     37      1     18      1      52     5.8110E+02  4.406E+11  3.007E-03  1.479E+01
     219      1     37      1     20      1      52     5.6995E+02  4.900E+10  1.000E-30  1.356E+00
     221      1     37      1     24      1      52     3.0452E+02  1.477E+11  1.183E-02  8.890E+00
     223      1     37      1     26      1      52     2.9760E+02  2.844E+10  1.000E-30  6.848E-01
     226      1     37      1     30      1      52     1.2539E+02  3.691E+10  7.244E-02  5.635E+00
     228      1     37      1     32      1      52     1.2084E+02  1.278E+10  1.000E-30  7.800E-01
     231      1     37      1     36      1      52     2.7803E+00  1.571E+05  4.172E-02  3.666E+00
     232      1     38      1     14      1      52     1.0264E+03  1.794E+12  2.457E-03  8.025E+00
     233      1     38      1     16      1      52     1.0194E+03  1.488E+10  1.000E-30  2.037E+00
     234      1     38      1     19      1      52     5.7269E+02  6.247E+11  9.011E-03  4.433E+00
     235      1     38      1     21      1      52     5.6908E+02  1.681E+10  1.000E-30  9.606E-01
     237      1     38      1     25      1      52     2.9925E+02  2.075E+11  3.710E-02  2.604E+00
     239      1     38      1     27      1      52     2.9733E+02  1.315E+10  1.000E-30  4.487E-01
     242      1     38      1     31      1      52     1.2188E+02  4.430E+10  2.403E-01  1.598E+00
     244      1     38      1     33      1      52     1.2090E+02  7.330E+09  1.000E-30  3.738E-01
     247      1     38      1     37      1      52     3.3030E-01  6.464E+01  2.276E-02  9.617E-01
     248      1     39      1     15      1      52     1.0219E+03  1.884E+12  3.754E-03  3.998E+00
     249      1     39      1     20      1      52     5.7035E+02  7.567E+11  1.606E-02  2.198E+00
     250      1     39      1     22      1      52     5.6815E+02  3.691E+09  1.000E-30  7.220E-01
     252      1     39      1     26      1      52     2.9801E+02  2.611E+11  7.117E-02  1.282E+00
     254      1     39      1     28      1      52     2.9677E+02  5.083E+09  1.000E-30  3.620E-01
     256      1     39      1     32      1      52     1.2125E+02  4.994E+10  4.773E-01  7.923E-01
     258      1     39      1     34      1      52     1.2055E+02  3.917E+09  1.000E-30  2.482E-01
     260      1     39      1     38      1      52     7.3900E-02  3.712E-01  1.765E-02  4.293E-01
     261      1     40      1     16      1      52     1.0198E+03  1.228E+12  3.143E-03  2.432E+00
     262      1     40      1     21      1      52     5.6945E+02  7.531E+11  2.050E-02  1.343E+00
     264      1     40      1     27      1      52     2.9770E+02  3.006E+11  1.101E-01  7.884E-01
     267      1     40      1     33      1      52     1.2127E+02  5.463E+10  7.901E-01  4.969E-01
     270      1     40      1     39      1      52     2.9800E-01  1.814E+01  1.283E-02  3.306E-01
     271      1     41      1     13      1      52     1.1233E+03  6.882E+11  1.000E-30  2.770E+01
     272      1     41      1     18      1      52     6.6340E+02  3.049E+11  1.000E-30  1.608E+01
     273      1     41      1     24      1      52     3.8682E+02  1.405E+11  1.000E-30  1.017E+01
     275      1     41      1     30      1      52     2.0768E+02  6.317E+10  1.000E-30  6.919E+00
     278      1     41      1     36      1      52     8.5076E+01  2.274E+10  1.000E-30  4.969E+00
     280      1     42      1     12      1      52     1.1482E+03  5.518E+11  5.944E-03  3.663E+00
     281      1     42      1     14      1      52     1.1108E+03  1.950E+11  1.000E-30  6.116E+00
     282      1     42      1     17      1      52     6.7867E+02  2.013E+11  1.066E-02  3.634E+00
     283      1     42      1     19      1      52     6.5716E+02  1.012E+11  1.000E-30  2.871E+00
     284      1     42      1     23      1      52     3.9722E+02  7.811E+10  2.096E-02  3.626E+00
     285      1     42      1     25      1      52     3.8372E+02  5.272E+10  1.000E-30  1.945E+00
     286      1     42      1     29      1      52     2.1536E+02  2.891E+10  5.055E-02  3.632E+00
     288      1     42      1     31      1      52     2.0634E+02  2.598E+10  1.000E-30  2.150E+00
     290      1     42      1     35      1      52     9.1119E+01  7.284E+09  1.977E-01  3.650E+00
     292      1     42      1     37      1      52     8.4795E+01  1.008E+10  1.000E-30  2.526E+00
     294      1     42      1     41      1      52     2.4992E+00  1.083E+05  2.464E-01  2.220E+00
     295      1     43      1     13      1      52     1.1279E+03  1.030E+12  5.289E-04  2.680E+01
     296      1     43      1     15      1      52     1.1084E+03  5.463E+10  1.000E-30  3.509E+00
     297      1     43      1     18      1      52     6.6800E+02  3.692E+11  1.613E-03  1.518E+01
     298      1     43      1     20      1      52     6.5684E+02  3.717E+10  1.000E-30  1.729E+00
     299      1     43      1     24      1      52     3.9142E+02  1.413E+11  5.040E-03  9.275E+00
     300      1     43      1     26      1      52     3.8450E+02  2.334E+10  1.000E-30  8.768E-01
     302      1     43      1     30      1      52     2.1228E+02  5.176E+10  1.825E-02  6.007E+00
     304      1     43      1     32      1      52     2.0774E+02  1.336E+10  1.000E-30  6.030E-01
     307      1     43      1     36      1      52     8.9678E+01  1.361E+10  1.048E-01  4.070E+00
     309      1     43      1     38      1      52     8.6568E+01  5.992E+09  1.000E-30  7.276E-01
     312      1     43      1     42      1      52     2.1031E+00  7.670E+04  6.235E-02  2.845E+00
     313      1     44      1     15      1      52     1.1084E+03  1.389E+12  2.067E-03  4.174E+00
     314      1     44      1     20      1      52     6.5688E+02  5.995E+11  7.602E-03  2.368E+00
     315      1     44      1     22      1      52     6.5468E+02  2.472E+09  1.000E-30  8.930E-01
     316      1     44      1     26      1      52     3.8454E+02  2.457E+11  2.593E-02  1.459E+00
     317      1     44      1     28      1      52     3.8330E+02  3.583E+09  1.000E-30  5.259E-01
     319      1     44      1     32      1      52     2.0778E+02  8.748E+10  9.674E-02  9.640E-01
     321      1     44      1     34      1      52     2.0708E+02  3.375E+09  1.000E-30  3.423E-01
     323      1     44      1     38      1      52     8.6605E+01  1.989E+10  5.377E-01  6.874E-01
     325      1     44      1     40      1      52     8.6233E+01  2.199E+09  1.000E-30  3.138E-01
     327      1     45      1     14      1      52     1.1130E+03  1.379E+12  1.431E-03  8.280E+00
     328      1     45      1     16      1      52     1.1061E+03  1.042E+10  1.000E-30  2.286E+00
     329      1     45      1     19      1      52     6.5935E+02  5.164E+11  4.578E-03  4.676E+00
     330      1     45      1     21      1      52     6.5574E+02  1.216E+10  1.000E-30  1.203E+00
     331      1     45      1     25      1      52     3.8591E+02  1.983E+11  1.461E-02  2.847E+00
     332      1     45      1     27      1      52     3.8399E+02  1.009E+10  1.000E-30  6.575E-01
     334      1     45      1     31      1      52     2.0854E+02  7.034E+10  5.386E-02  1.834E+00
     336      1     45      1     33      1      52     2.0756E+02  7.074E+09  1.000E-30  4.063E-01
     339      1     45      1     37      1      52     8.6990E+01  1.547E+10  3.103E-01  1.256E+00
     341      1     45      1     39      1      52     8.6586E+01  3.711E+09  1.000E-30  4.176E-01
     344      1     45      1     43      1      52     9.2200E-02  1.597E+00  3.511E-02  6.781E-01
     345      1     45      1     44      1      52     5.4600E-02  2.286E-01  1.000E-30  3.990E-01
     346      1     46      1     16      1      52     1.1062E+03  8.277E+11  1.562E-03  2.568E+00
     347      1     46      1     21      1      52     6.5590E+02  5.522E+11  8.795E-03  1.479E+00
     348      1     46      1     27      1      52     3.8415E+02  2.715E+11  3.553E-02  9.265E-01
     350      1     46      1     33      1      52     2.0772E+02  1.027E+11  1.410E-01  6.298E-01
     353      1     46      1     39      1      52     8.6749E+01  2.350E+10  7.705E-01  4.758E-01
     355      1     46      1     44      1      52     2.1720E-01  8.455E+00  1.171E-02  3.976E-01
     357      1     48      1     47      1      52     3.1750E+02  2.540E+10  1.408E-03  1.840E+02
     358      1     49      1     48      1      52     3.6284E+02  1.379E+11  7.741E-05  2.762E+02
     359      1     51      1     50      1      52     7.7750E-01  3.614E+02  6.588E-04  1.384E+02
     360      1     52      1     51      1      52     6.6689E+02  2.141E+12  1.000E-30  4.204E+02
     361      1     54      1     53      1      52     3.0082E+01  1.282E+08  1.000E-30  1.846E+02
     362      1     55      1     53      1      52     1.0120E+02  2.639E+09  1.871E-03  8.075E+01
     363      1     56      1     54      1      52     1.0442E+02  2.961E+09  2.077E-03  7.434E+01
     364      1     56      1     55      1      52     3.3297E+01  1.726E+08  1.000E-30  1.922E+02
     365      1     57      1     55      1      52     9.2670E+01  1.477E+09  3.307E-04  1.109E+02
     367      1     58      1     56      1      52     9.3608E+01  1.531E+09  3.465E-04  1.064E+02
     368      1     58      1     57      1      52     3.4235E+01  1.874E+08  1.000E-30  1.948E+02
     369      1     61      1     60      1      53     7.7081E+01  1.026E+08  2.751E-09  6.952E-03
     370      1     62      1     60      1      53     8.3045E+01  1.543E+08  1.000E-30  7.459E-03
     373      1     63      1     61      1      53     8.0094E+00  2.675E+02  1.000E-30  1.090E-03
     375      1     64      1     60      1      53     4.6515E+02  8.870E+10  9.311E-01  4.010E-02
     378      1     65      1     60      1      53     5.0090E+02  7.246E+10  1.144E-09  4.311E-02
     380      1     65      1     63      1      53     4.1581E+02  2.577E+10  2.017E+00  3.590E-02
     381      1     67      1     66      1      53     9.2071E+01  1.770E+09  2.351E-03  5.730E+01
     383      1     68      1     67      1      53     2.1266E+02  2.325E+10  4.481E-04  3.996E+01
     385      1     69      1     67      1      53     2.3259E+02  1.791E+10  1.000E-30  2.162E+01
     386      1     71      1     70      1      53     1.8245E+01  1.163E+07  8.965E-03  1.282E+01
     388      1     72      1     71      1      53     7.1086E+01  2.096E+09  3.384E-03  3.417E+01
     390      1     73      1     72      1      53     1.1156E+02  8.001E+09  6.847E-03  1.008E+01
     392      1     74      1     71      1      53     8.8734E+02  8.482E+12  1.000E-30  4.809E+01
     393      1     75      1     70      1      53     9.0769E+02  5.926E+12  1.622E-02  2.964E+01
     395      1     75      1     72      1      53     8.1835E+02  1.772E+12  1.000E-30  1.675E+01
     396      1     75      1     74      1      53     2.1014E+00  2.372E+04  3.338E-02  4.758E+00
     398      1     76      1     71      1      53     9.4411E+02  1.612E+13  9.465E-03  4.054E+01
     400      1     76      1     73      1      53     7.6146E+02  3.132E+11  1.000E-30  3.180E+00
     402      1     76      1     75      1      53     5.4666E+01  1.927E+09  1.041E-02  2.272E+01
     404      1     77      1     72      1      53     9.7713E+02  3.445E+13  3.301E-02  1.389E+01
     407      1     77      1     76      1      53     1.0411E+02  2.051E+10  4.396E-02  5.211E+00
     409      1     78      1     73      1      53     1.0763E+03  7.916E+13  9.504E-02  6.416E+00
     411      1     78      1     77      1      53     2.1071E+02  1.450E+11  6.754E-02  2.131E+00
     412      1     79      1     70      1      53     1.3871E+03  5.807E+12  7.255E-03  1.796E+01
     414      1     79      1     72      1      53     1.2978E+03  1.466E+12  1.000E-30  9.365E+00
     415      1     79      1     74      1      53     4.8154E+02  9.386E+11  3.049E-02  1.706E+01
     417      1     79      1     76      1      53     4.2478E+02  3.987E+11  1.000E-30  1.027E+01
     420      1     80      1     71      1      53     1.3753E+03  6.922E+12  1.000E-30  4.808E+01
     422      1     80      1     75      1      53     4.8588E+02  1.965E+12  1.000E-30  2.968E+01
     424      1     80      1     79      1      53     6.4349E+00  2.535E+06  1.000E-30  1.652E+01
     426      1     81      1     71      1      53     1.4208E+03  1.390E+13  2.194E-03  4.372E+01
     428      1     81      1     73      1      53     1.2382E+03  2.519E+11  1.000E-30  4.364E+00
     430      1     81      1     75      1      53     5.3137E+02  2.975E+12  1.586E-02  2.527E+01
     432      1     81      1     77      1      53     3.7259E+02  8.471E+10  1.000E-30  1.937E+00
     434      1     81      1     79      1      53     5.1923E+01  3.312E+09  3.772E-02  1.306E+01
     438      1     82      1     76      1      53     5.7966E+02  7.029E+12  6.819E-02  6.883E+00
     440      1     82      1     78      1      53     2.6484E+02  6.077E+09  1.000E-30  7.745E-01
     442      1     82      1     81      1      53     1.0296E+02  4.055E+10  1.807E-01  3.040E+00
     443      1     83      1     74      1      53     7.7070E+02  1.088E+12  1.295E-02  1.108E+01
     445      1     83      1     76      1      53     7.1393E+02  4.102E+11  1.000E-30  5.520E+00
     447      1     83      1     80      1      53     2.8272E+02  1.978E+11  5.198E-02  1.073E+01
     448      1     83      1     81      1      53     2.3723E+02  9.289E+10  1.000E-30  6.751E+00
     451      1     84      1     75      1      53     7.7945E+02  1.780E+12  1.000E-30  2.966E+01
     452      1     84      1     79      1      53     3.0001E+02  6.107E+11  1.000E-30  1.714E+01
     455      1     84      1     83      1      53     1.0851E+01  1.781E+07  1.000E-30  1.129E+01
     457      1     85      1     75      1      53     8.2063E+02  2.875E+12  3.843E-03  2.684E+01
     459      1     85      1     77      1      53     6.6185E+02  9.923E+10  1.000E-30  1.903E+00
     460      1     85      1     79      1      53     3.4119E+02  8.475E+11  3.061E-02  1.438E+01
     463      1     85      1     82      1      53     1.8630E+02  1.541E+10  1.000E-30  1.322E+00
     464      1     85      1     83      1      53     5.2031E+01  5.811E+09  1.151E-01  8.221E+00
     467      1     86      1     77      1      53     6.7729E+02  1.790E+13  1.949E-01  3.166E+00
     470      1     86      1     82      1      53     2.0174E+02  2.869E+11  3.410E-01  1.253E+00
     473      1     87      1     78      1      53     5.1236E+02  7.992E+12  3.017E-01  1.813E+00
     475      1     87      1     86      1      53     4.5782E+01  7.632E+08  9.146E-02  6.444E-01
     477      1     88      1     76      1      53     8.6948E+02  5.693E+12  1.338E-02  7.822E+00
     479      1     88      1     78      1      53     5.5466E+02  1.160E+10  1.000E-30  1.316E+00
     481      1     88      1     81      1      53     3.9278E+02  2.230E+12  1.320E-01  3.914E+00
     484      1     88      1     85      1      53     1.0351E+02  6.138E+10  5.681E-01  1.967E+00
     485      1     88      1     86      1      53     8.8076E+01  4.826E+08  1.000E-30  4.978E-01
     487      1     89      1     74      1      53     9.5869E+02  9.413E+11  8.161E-03  7.852E+00
     488      1     89      1     76      1      53     9.0192E+02  3.281E+11  1.000E-30  4.883E+00
     490      1     89      1     80      1      53     4.7071E+02  2.655E+11  2.110E-02  7.372E+00
     491      1     89      1     81      1      53     4.2522E+02  1.222E+11  1.000E-30  3.833E+00
     494      1     89      1     84      1      53     1.7714E+02  4.962E+10  8.162E-02  7.235E+00
     495      1     89      1     85      1      53     1.3596E+02  2.043E+10  1.000E-30  4.680E+00
     497      1     90      1     75      1      53     9.7022E+02  1.396E+12  1.000E-30  2.970E+01
     498      1     90      1     79      1      53     4.9078E+02  5.819E+11  1.000E-30  1.718E+01
     501      1     90      1     83      1      53     2.0163E+02  2.358E+11  1.000E-30  1.082E+01
     504      1     90      1     89      1      53     1.3639E+01  3.042E+07  1.000E-30  3.980E+00
     505      1     91      1     75      1      53     1.0099E+03  2.326E+12  1.608E-03  2.778E+01
     506      1     91      1     77      1      53     8.5110E+02  7.991E+10  1.000E-30  2.709E+00
     507      1     91      1     79      1      53     5.3043E+02  8.398E+11  7.334E-03  1.532E+01
     510      1     91      1     82      1      53     3.7555E+02  3.017E+10  1.000E-30  1.032E+00
     511      1     91      1     83      1      53     2.4127E+02  3.292E+11  5.577E-02  8.969E+00
     515      1     91      1     88      1      53     8.5729E+01  1.579E+09  1.000E-30  9.984E-01
     516      1     91      1     89      1      53     5.3287E+01  9.282E+09  3.077E-01  5.532E+00
     518      1     92      1     74      1      53     1.0879E+03  7.645E+11  5.787E-03  6.134E+00
     519      1     92      1     76      1      53     1.0312E+03  2.522E+11  1.000E-30  5.709E+00
     520      1     92      1     80      1      53     5.9995E+02  2.507E+11  1.293E-02  5.424E+00
     521      1     92      1     81      1      53     5.5446E+02  1.095E+11  1.000E-30  2.904E+00
     523      1     92      1     84      1      53     3.0638E+02  7.721E+10  3.189E-02  5.222E+00
     524      1     92      1     85      1      53     2.6520E+02  3.722E+10  1.000E-30  2.879E+00
     527      1     92      1     90      1      53     1.1560E+02  1.367E+10  1.186E-01  5.156E+00
     528      1     92      1     91      1      53     7.5952E+01  3.644E+09  1.000E-30  3.440E+00
     529      1     93      1     75      1      53     1.1014E+03  1.073E+12  1.000E-30  2.975E+01
     530      1     93      1     79      1      53     6.2192E+02  4.841E+11  1.000E-30  1.723E+01
     531      1     93      1     83      1      53     3.3276E+02  2.286E+11  1.000E-30  1.088E+01
     534      1     93      1     89      1      53     1.4478E+02  1.085E+11  1.000E-30  7.362E+00
     537      1     93      1     92      1      53     1.5538E+01  1.273E+08  1.000E-30  5.430E+00
     538      1     94      1     76      1      53     1.0597E+03  4.225E+12  5.049E-03  8.376E+00
     539      1     94      1     78      1      53     7.4491E+02  1.011E+10  1.000E-30  1.838E+00
     541      1     94      1     81      1      53     5.8303E+02  1.875E+12  2.621E-02  4.443E+00
     544      1     94      1     85      1      53     2.9377E+02  9.693E+11  2.433E-01  2.470E+00
     545      1     94      1     86      1      53     2.7833E+02  3.412E+09  1.000E-30  6.927E-01
     549      1     94      1     91      1      53     1.0453E+02  7.084E+10  1.440E+00  1.397E+00
     552      1     95      1     77      1      53     9.6122E+02  1.067E+13  2.824E-02  3.750E+00
     555      1     95      1     82      1      53     4.8567E+02  6.209E+12  3.784E-01  1.804E+00
     558      1     95      1     87      1      53     2.3815E+02  5.189E+09  1.000E-30  3.028E-01
     559      1     95      1     88      1      53     1.9586E+02  3.505E+11  1.068E+00  8.482E-01
     561      1     95      1     94      1      53     5.5996E+00  1.201E+05  1.443E-02  4.059E-01
     562      1     96      1     75      1      53     1.1409E+03  1.826E+12  8.557E-04  2.841E+01
     563      1     96      1     77      1      53     9.8211E+02  6.132E+10  1.000E-30  3.323E+00
     564      1     96      1     79      1      53     6.6145E+02  7.150E+11  3.082E-03  1.588E+01
     565      1     96      1     82      1      53     5.0657E+02  2.956E+10  1.000E-30  1.434E+00
     566      1     96      1     83      1      53     3.7229E+02  3.183E+11  1.303E-02  9.532E+00
     569      1     96      1     88      1      53     2.1675E+02  7.713E+09  1.000E-30  7.199E-01
     570      1     96      1     89      1      53     1.8430E+02  1.629E+11  9.658E-02  6.050E+00
     573      1     96      1     92      1      53     5.5065E+01  1.292E+10  7.253E-01  3.984E+00
     575      1     96      1     94      1      53     2.6491E+01  2.770E+07  1.000E-30  8.274E-01
     578      1     97      1     78      1      53     7.9354E+02  4.614E+12  2.856E-02  2.219E+00
     580      1     97      1     86      1      53     3.2696E+02  1.678E+12  4.991E-01  1.028E+00
     584      1     97      1     95      1      53     4.3029E+01  1.354E+09  3.636E-01  4.521E-01
     585      1     98      1     74      1      53     1.1808E+03  6.119E+11  4.229E-03  5.230E+00
     586      1     98      1     76      1      53     1.1240E+03  1.942E+11  1.000E-30  6.612E+00
     587      1     98      1     80      1      53     6.9278E+02  2.165E+11  9.125E-03  4.283E+00
     588      1     98      1     81      1      53     6.4729E+02  9.071E+10  1.000E-30  3.095E+00
     589      1     98      1     84      1      53     3.9921E+02  7.905E+10  1.895E-02  3.991E+00
     590      1     98      1     85      1      53     3.5803E+02  3.799E+10  1.000E-30  2.083E+00
     592      1     98      1     90      1      53     2.0843E+02  2.530E+10  4.501E-02  3.912E+00
     593      1     98      1     91      1      53     1.6878E+02  1.106E+10  1.000E-30  2.293E+00
     595      1     98      1     93      1      53     7.7294E+01  3.957E+09  1.587E-01  3.889E+00
     597      1     98      1     96      1      53     3.7767E+01  3.758E+08  1.000E-30  2.679E+00
     598      1     99      1     75      1      53     1.1956E+03  8.299E+11  1.000E-30  2.982E+01
     599      1     99      1     79      1      53     7.1611E+02  3.884E+11  1.000E-30  1.729E+01
     600      1     99      1     83      1      53     4.2696E+02  1.955E+11  1.000E-30  1.094E+01
     601      1     99      1     89      1      53     2.3897E+02  1.035E+11  1.000E-30  7.426E+00
     604      1     99      1     92      1      53     1.0973E+02  5.801E+10  1.000E-30  5.301E+00
     607      1     99      1     98      1      53     1.6897E+01  3.370E+08  1.000E-30  4.176E+00
     608      1    100      1     75      1      53     1.2357E+03  1.430E+12  5.186E-04  2.886E+01
     609      1    100      1     77      1      53     1.0769E+03  4.701E+10  1.000E-30  3.764E+00
     610      1    100      1     79      1      53     7.5626E+02  5.860E+11  1.640E-03  1.633E+01
     611      1    100      1     82      1      53     6.0138E+02  2.532E+10  1.000E-30  1.831E+00
     612      1    100      1     83      1      53     4.6710E+02  2.768E+11  5.415E-03  9.979E+00
     613      1    100      1     88      1      53     3.1156E+02  9.694E+09  1.000E-30  9.196E-01
     614      1    100      1     89      1      53     2.7912E+02  1.493E+11  2.169E-02  6.447E+00
     617      1    100      1     92      1      53     1.4988E+02  9.733E+10  1.596E-01  4.355E+00
     619      1    100      1     94      1      53     1.2130E+02  1.496E+09  1.000E-30  6.227E-01
     621      1    100      1     98      1      53     5.7044E+01  1.544E+10  1.505E+00  3.063E+00
     623      1    101      1     76      1      53     1.1918E+03  3.136E+12  2.536E-03  8.682E+00
     624      1    101      1     78      1      53     8.7698E+02  7.884E+09  1.000E-30  2.195E+00
     625      1    101      1     81      1      53     7.1510E+02  1.456E+12  9.990E-03  4.793E+00
     627      1    101      1     85      1      53     4.2583E+02  8.049E+11  4.684E-02  2.814E+00
     628      1    101      1     86      1      53     4.1039E+02  4.400E+09  1.000E-30  1.011E+00
     631      1    101      1     91      1      53     2.3659E+02  5.223E+11  4.115E-01  1.722E+00
     634      1    101      1     95      1      53     1.2646E+02  5.219E+08  1.000E-30  4.685E-01
     635      1    101      1     96      1      53     1.0557E+02  7.778E+10  3.062E+00  1.103E+00
     638      1    101      1    100      1      53     1.0760E+01  1.121E+06  1.424E-02  7.510E-01
     639      1    102      1     77      1      53     1.1469E+03  6.610E+12  9.166E-03  4.104E+00
     641      1    102      1     82      1      53     6.7131E+02  4.208E+12  5.939E-02  2.152E+00
     644      1    102      1     87      1      53     4.2378E+02  4.522E+09  1.000E-30  5.475E-01
     645      1    102      1     88      1      53     3.8149E+02  2.811E+12  6.543E-01  1.176E+00
     647      1    102      1     94      1      53     1.9123E+02  3.595E+11  2.539E+00  6.505E-01
     650      1    102      1     97      1      53     1.4260E+02  2.770E+09  1.000E-30  2.493E-01
     652      1    102      1    101      1      53     5.9168E+01  1.730E+08  1.742E-02  3.982E-01
     653      1    103      1     76      1      53     1.2875E+03  2.380E+12  1.468E-03  9.001E+00
     654      1    103      1     78      1      53     9.7272E+02  6.048E+09  1.000E-30  2.457E+00
     655      1    103      1     81      1      53     8.1083E+02  1.136E+12  5.015E-03  5.055E+00
     656      1    103      1     85      1      53     5.2157E+02  6.354E+11  1.768E-02  3.069E+00
     657      1    103      1     86      1      53     5.0613E+02  4.159E+09  1.000E-30  1.266E+00
     659      1    103      1     91      1      53     3.3233E+02  4.246E+11  7.680E-02  1.977E+00
     662      1    103      1     95      1      53     2.2220E+02  1.134E+09  1.000E-30  6.882E-01
     663      1    103      1     96      1      53     2.0131E+02  3.341E+11  6.485E-01  1.339E+00
     665      1    103      1    100      1      53     1.0650E+02  1.155E+11  5.441E+00  9.694E-01
     667      1    103      1    102      1      53     3.6571E+01  1.639E+07  1.000E-30  4.156E-01
     668      1    104      1     78      1      53     9.7661E+02  2.591E+12  7.510E-03  2.466E+00
     670      1    104      1     86      1      53     5.1003E+02  1.591E+12  6.810E-02  1.270E+00
     674      1    104      1     95      1      53     2.2610E+02  4.660E+11  7.423E-01  6.846E-01
     677      1    104      1    102      1      53     4.0464E+01  1.628E+09  8.641E-01  3.749E-01
     679      1    105      1     77      1      53     1.2750E+03  4.397E+12  4.158E-03  4.338E+00
     680      1    105      1     82      1      53     7.9944E+02  2.804E+12  2.003E-02  2.386E+00
     682      1    105      1     87      1      53     5.5191E+02  3.178E+09  1.000E-30  7.751E-01
     683      1    105      1     88      1      53     5.0962E+02  2.052E+12  1.079E-01  1.404E+00
     685      1    105      1     94      1      53     3.1936E+02  1.512E+12  1.009E+00  8.685E-01
     688      1    105      1     97      1      53     2.7073E+02  3.402E+09  1.000E-30  3.872E-01
     690      1    105      1    101      1      53     1.8730E+02  6.328E+11  4.626E+00  5.778E-01
     692      1    105      1    103      1      53     9.1560E+01  2.818E+08  6.524E-03  4.378E-01
     693      1    105      1    104      1      53     8.7667E+01  1.055E+09  1.000E-30  2.637E-01
     694      1    106      1     78      1      53     1.1024E+03  1.612E+12  3.009E-03  2.639E+00
     695      1    106      1     86      1      53     6.3583E+02  1.126E+12  2.053E-02  1.442E+00
     698      1    106      1     95      1      53     3.5190E+02  5.616E+11  1.153E-01  8.566E-01
     701      1    106      1    102      1      53     1.6626E+02  1.685E+11  9.619E-01  5.373E-01
     704      1    106      1    105      1      53     3.8133E+01  2.313E+09  1.419E+00  3.722E-01
     705      1    107      1     77      1      53     1.3672E+03  3.079E+12  2.255E-03  4.522E+00
     706      1    107      1     82      1      53     8.9170E+02  1.955E+12  9.161E-03  2.569E+00
     707      1    107      1     87      1      53     6.4417E+02  2.246E+09  1.000E-30  9.576E-01
     708      1    107      1     88      1      53     6.0188E+02  1.403E+12  3.599E-02  1.587E+00
     710      1    107      1     94      1      53     4.1162E+02  1.188E+12  1.676E-01  1.052E+00
     712      1    107      1     97      1      53     3.6299E+02  2.777E+09  1.000E-30  5.600E-01
     714      1    107      1    101      1      53     2.7956E+02  1.102E+12  1.332E+00  7.500E-01
     716      1    107      1    103      1      53     1.8382E+02  7.818E+11  6.624E+00  5.920E-01
     717      1    107      1    104      1      53     1.7993E+02  1.855E+09  1.000E-30  3.603E-01
     719      1    107      1    106      1      53     5.4126E+01  3.298E+08  1.000E-30  3.264E-01
     720      1    108      1     78      1      53     1.1926E+03  1.075E+12  1.500E-03  2.773E+00
     721      1    108      1     86      1      53     7.2599E+02  7.985E+11  8.776E-03  1.583E+00
     723      1    108      1     95      1      53     4.4206E+02  4.540E+11  3.655E-02  9.909E-01
     725      1    108      1    102      1      53     2.5642E+02  2.258E+11  1.567E-01  6.741E-01
     728      1    108      1    105      1      53     1.2829E+02  9.714E+10  1.033E+00  5.052E-01
     730      1    108      1    107      1      53     3.6034E+01  2.788E+09  1.786E+00  4.291E-01
     731      1    110      1    109      1      53     1.0325E+02  4.818E+09  1.000E-30  3.596E+02
     732      1    111      1    109      1      53     6.2828E+02  1.221E+12  9.057E-05  4.026E+02
     733      1    114      1    113      1      54     7.1415E+00  1.470E+04  1.000E-30  1.004E-03
     735      1    115      1    114      1      54     4.2027E+02  4.633E+10  1.354E+00  3.622E-02
     736      1    117      1    116      1      54     8.2284E+01  1.285E+08  1.242E+01  9.242E-03
     737      1    118      1    117      1      54     6.5579E+01  3.449E+08  2.440E-04  9.900E+01
     739      1    120      1    119      1      54     2.7707E+01  9.424E+06  1.119E+01  9.800E-03
     740      1    121      1    120      1      54     3.4184E+01  1.085E+08  1.523E-03  3.528E+01
     743      1    122      1    121      1      54     1.1729E+01  9.494E+05  6.944E-04  1.005E+01
     745      1    124      1    119      1      54     9.4819E+02  7.080E+12  1.606E-02  3.135E+01
     746      1    124      1    121      1      54     8.8629E+02  2.309E+12  1.000E-30  1.769E+01
     747      1    123      1    120      1      54     9.0352E+02  8.427E+12  1.000E-30  5.150E+01
     749      1    124      1    123      1      54     1.6956E+01  4.947E+06  4.786E+00  3.013E-02
     750      1    125      1    120      1      54     9.3511E+02  1.511E+13  8.593E-03  4.302E+01
     753      1    125      1    122      1      54     8.8920E+02  5.626E+11  1.000E-30  3.429E+00
     754      1    125      1    124      1      54     1.4632E+01  9.961E+06  2.818E-03  2.235E+01
     757      1    126      1    121      1      54     9.0719E+02  2.485E+13  2.734E-02  1.500E+01
     759      1    126      1    125      1      54     6.2624E+00  2.743E+05  2.559E-03  5.188E+00
     761      1    127      1    122      1      54     9.0472E+02  3.907E+13  7.163E-02  6.872E+00
     763      1    127      1    126      1      54     9.2648E+00  3.290E+05  1.714E-03  2.048E+00
     765      1    129      1    121      1      54     1.3816E+03  1.790E+12  1.000E-30  9.996E+00
     767      1    129      1    123      1      54     5.1224E+02  1.208E+12  3.068E-02  1.813E+01
     768      1    129      1    125      1      54     4.8065E+02  6.203E+11  1.000E-30  1.084E+01
     770      1    128      1    120      1      54     1.4063E+03  7.062E+12  1.000E-30  5.139E+01
     772      1    128      1    124      1      54     4.8585E+02  1.811E+12  1.000E-30  3.180E+01
     775      1    129      1    128      1      54     9.4325E+00  1.160E+06  3.524E+00  4.707E-02
     777      1    130      1    120      1      54     1.4246E+03  8.822E+12  1.687E-02  3.661E+00
     779      1    130      1    122      1      54     1.3787E+03  3.745E+11  1.000E-30  4.696E+00
     780      1    130      1    124      1      54     5.0408E+02  2.353E+12  1.376E-02  2.689E+01
     783      1    130      1    126      1      54     4.8319E+02  2.311E+11  1.000E-30  2.084E+00
     785      1    130      1    129      1      54     8.7978E+00  2.837E+06  6.391E-03  1.300E+01
     788      1    131      1    121      1      54     1.3942E+03  1.962E+13  5.109E-03  1.692E+01
     790      1    131      1    125      1      54     4.9329E+02  3.635E+12  5.196E-02  7.425E+00
     791      1    131      1    127      1      54     4.7777E+02  6.213E+10  1.000E-30  8.301E-01
     793      1    131      1    130      1      54     3.8408E+00  9.339E+04  6.499E-03  3.036E+00
     795      1    132      1    122      1      54     1.3904E+03  2.078E+13  8.202E-03  8.075E+00
     797      1    132      1    126      1      54     4.9497E+02  5.262E+12  1.281E-01  3.382E+00
     799      1    132      1    131      1      54     7.9348E+00  3.802E+05  5.361E-03  1.211E+00
     800      1    133      1    127      1      54     4.8686E+02  6.497E+12  2.595E-01  1.924E+00
     801      1    133      1    132      1      54     1.1594E+00  3.399E+02  2.321E-03  6.186E-01
     802      1    134      1    124      1      54     7.8763E+02  1.728E+12  1.000E-30  3.174E+01
     804      1    134      1    129      1      54     2.9235E+02  5.084E+11  1.000E-30  1.840E+01
     808      1    135      1    123      1      54     8.1021E+02  1.321E+12  1.302E-02  1.153E+01
     809      1    135      1    125      1      54     7.7862E+02  5.539E+11  1.000E-30  1.007E+01
     811      1    135      1    128      1      54     3.0740E+02  2.777E+11  5.337E-02  1.143E+01
     812      1    135      1    130      1      54     2.8917E+02  1.946E+11  1.000E-30  5.834E+00
     814      1    135      1    134      1      54     5.6221E+00  7.766E+05  9.445E-02  3.109E+00
     815      1    136      1    124      1      54     7.9909E+02  2.499E+12  3.058E-03  3.172E+01
     818      1    136      1    126      1      54     7.7820E+02  1.830E+11  1.000E-30  5.026E+00
     819      1    136      1    129      1      54     3.0380E+02  5.266E+11  2.081E-02  1.836E+01
     822      1    136      1    131      1      54     2.9116E+02  8.862E+10  1.000E-30  2.927E+00
     825      1    136      1    135      1      54     5.8334E+00  1.031E+06  1.262E-02  8.279E+00
     827      1    137      1    125      1      54     7.8707E+02  3.704E+12  9.062E-03  1.007E+01
     828      1    137      1    127      1      54     7.7154E+02  4.190E+10  1.000E-30  3.052E+00
     830      1    137      1    130      1      54     2.9761E+02  7.702E+11  6.472E-02  5.846E+00
     831      1    137      1    132      1      54     2.8584E+02  3.496E+10  1.000E-30  1.780E+00
     833      1    137      1    136      1      54     2.6080E+00  3.837E+04  1.344E-02  1.945E+00
     835      1    138      1    126      1      54     7.8806E+02  4.727E+12  1.668E-02  5.024E+00
     837      1    138      1    131      1      54     3.0103E+02  1.103E+12  1.399E-01  2.924E+00
     838      1    138      1    133      1      54     2.9194E+02  1.131E+10  1.000E-30  1.203E+00
     840      1    138      1    137      1      54     7.2571E+00  4.069E+05  1.139E-02  8.012E-01
     841      1    139      1    127      1      54     7.7953E+02  4.187E+12  1.966E-02  3.047E+00
     842      1    139      1    132      1      54     2.9383E+02  1.281E+12  2.498E-01  1.775E+00
     843      1    139      1    138      1      54     7.3047E-01  1.578E+02  6.362E-03  4.236E-01
     844      1    140      1    133      1      54     2.9317E+02  1.535E+12  4.240E-01  1.193E+00
     845      1    140      1    139      1      54     5.0455E-01  1.988E+01  3.229E-03  2.582E-01
     846      1    141      1    124      1      54     9.8280E+02  1.376E+12  1.000E-30  3.175E+01
     847      1    141      1    129      1      54     4.8751E+02  5.299E+11  1.000E-30  1.837E+01
     851      1    141      1    135      1      54     1.8954E+02  1.699E+11  1.000E-30  1.159E+01
     853      1    142      1    123      1      54     1.0032E+03  1.115E+12  8.508E-03  7.789E+00
     854      1    142      1    125      1      54     9.7165E+02  4.207E+11  1.000E-30  1.011E+01
     856      1    142      1    128      1      54     5.0043E+02  3.370E+11  2.118E-02  7.757E+00
     857      1    142      1    130      1      54     4.8220E+02  1.916E+11  1.000E-30  5.883E+00
     859      1    142      1    134      1      54     1.9865E+02  7.845E+10  8.670E-02  7.682E+00
     861      1    142      1    136      1      54     1.8719E+02  6.970E+10  1.000E-30  4.956E+00
     863      1    142      1    141      1      54     3.4847E+00  1.891E+05  1.597E-01  2.020E+00
     864      1    143      1    124      1      54     9.9046E+02  2.082E+12  1.335E-03  3.173E+01
     865      1    143      1    126      1      54     9.6956E+02  1.302E+11  1.000E-30  5.067E+00
     866      1    143      1    129      1      54     4.9517E+02  6.196E+11  5.533E-03  1.837E+01
     869      1    143      1    131      1      54     4.8253E+02  7.944E+10  1.000E-30  2.969E+00
     872      1    143      1    135      1      54     1.9720E+02  1.460E+11  4.183E-02  9.538E+00
     874      1    143      1    137      1      54     1.8876E+02  3.586E+10  1.000E-30  1.070E+00
     877      1    143      1    142      1      54     4.1712E+00  4.419E+05  2.229E-02  5.575E+00
     878      1    144      1    125      1      54     9.7774E+02  2.952E+12  3.715E-03  1.011E+01
     879      1    144      1    127      1      54     9.6221E+02  2.714E+10  1.000E-30  3.092E+00
     881      1    144      1    130      1      54     4.8829E+02  9.028E+11  1.599E-02  5.882E+00
     882      1    144      1    132      1      54     4.7651E+02  2.830E+10  1.000E-30  1.821E+00
     884      1    144      1    136      1      54     1.9328E+02  1.929E+11  1.439E-01  2.639E+00
     885      1    144      1    138      1      54     1.8342E+02  1.636E+10  1.000E-30  4.239E-01
     887      1    144      1    143      1      54     1.9160E+00  1.877E+04  2.371E-02  1.373E+00
     888      1    145      1    126      1      54     9.7835E+02  3.379E+12  6.091E-03  5.062E+00
     890      1    145      1    131      1      54     4.9132E+02  1.210E+12  3.044E-02  2.963E+00
     891      1    145      1    133      1      54     4.8223E+02  7.321E+09  1.000E-30  1.241E+00
     893      1    145      1    137      1      54     1.9755E+02  2.541E+11  3.258E-01  1.218E+00
     894      1    145      1    139      1      54     1.8956E+02  8.354E+09  1.000E-30  2.460E-01
     896      1    145      1    144      1      54     6.8766E+00  4.364E+05  1.927E-02  6.043E-01
     897      1    146      1    127      1      54     9.6958E+02  2.429E+12  5.742E-03  3.083E+00
     898      1    146      1    132      1      54     4.8388E+02  1.281E+12  4.370E-02  1.811E+00
     899      1    146      1    138      1      54     1.9078E+02  2.529E+11  5.816E-01  7.086E-01
     900      1    146      1    140      1      54     1.8955E+02  2.561E+09  1.000E-30  1.773E-01
     901      1    146      1    145      1      54     4.8959E-01  6.707E+01  1.087E-02  3.477E-01
     902      1    147      1    133      1      54     4.8306E+02  1.073E+12  4.445E-02  1.228E+00
     903      1    147      1    139      1      54     1.9039E+02  2.653E+11  9.746E-01  4.676E-01
     904      1    147      1    146      1      54     3.3818E-01  1.127E+01  6.663E-03  2.302E-01
     905      1    148      1    140      1      54     1.9013E+02  2.688E+11  1.546E+00  3.310E-01
     906      1    148      1    147      1      54     2.4746E-01  1.757E+00  3.108E-03  1.628E-01
     907      1    149      1    124      1      54     1.1162E+03  1.062E+12  1.000E-30  3.178E+01
     908      1    149      1    129      1      54     6.2092E+02  4.499E+11  1.000E-30  1.840E+01
     910      1    149      1    135      1      54     3.2295E+02  1.893E+11  1.000E-30  1.164E+01
     913      1    149      1    142      1      54     1.2992E+02  6.492E+10  1.000E-30  7.868E+00
     915      1    150      1    123      1      54     1.1354E+03  8.920E+11  6.564E-03  5.557E+00
     916      1    150      1    125      1      54     1.1038E+03  3.161E+11  1.000E-30  1.016E+01
     917      1    150      1    128      1      54     6.3256E+02  3.061E+11  1.323E-02  5.525E+00
     918      1    150      1    130      1      54     6.1433E+02  1.571E+11  1.000E-30  5.933E+00
     919      1    150      1    134      1      54     3.3078E+02  1.041E+11  3.242E-02  5.507E+00
     921      1    150      1    136      1      54     3.1933E+02  7.461E+10  1.000E-30  3.032E+00
     923      1    150      1    141      1      54     1.3562E+02  2.568E+10  1.313E-01  5.497E+00
     925      1    150      1    143      1      54     1.2796E+02  2.788E+10  1.000E-30  3.643E+00
     927      1    150      1    149      1      54     2.2069E+00  4.666E+04  2.520E-01  1.366E+00
     928      1    151      1    124      1      54     1.1216E+03  1.649E+12  7.276E-04  3.176E+01
     929      1    151      1    126      1      54     1.1007E+03  9.355E+10  1.000E-30  5.116E+00
     930      1    151      1    129      1      54     6.2630E+02  5.570E+11  2.442E-03  1.839E+01
     931      1    151      1    131      1      54     6.1366E+02  6.134E+10  1.000E-30  3.018E+00
     933      1    151      1    135      1      54     3.2833E+02  1.878E+11  1.048E-02  1.016E+01
     935      1    151      1    137      1      54     3.1989E+02  3.531E+10  1.000E-30  7.611E-01
     937      1    151      1    142      1      54     1.3530E+02  4.794E+10  6.507E-02  6.424E+00
     939      1    151      1    144      1      54     1.2921E+02  1.555E+10  1.000E-30  8.704E-01
     941      1    151      1    150      1      54     3.1681E+00  2.230E+05  3.648E-02  3.997E+00
     942      1    152      1    125      1      54     1.1084E+03  2.262E+12  1.942E-03  1.016E+01
     943      1    152      1    127      1      54     1.0929E+03  1.833E+10  1.000E-30  3.140E+00
     944      1    152      1    130      1      54     6.1900E+02  7.927E+11  6.748E-03  5.931E+00
     945      1    152      1    132      1      54     6.0722E+02  2.043E+10  1.000E-30  1.868E+00
     947      1    152      1    136      1      54     3.2399E+02  2.651E+11  3.215E-02  3.007E+00
     948      1    152      1    138      1      54     3.1413E+02  1.524E+10  1.000E-30  4.860E-01
     950      1    152      1    143      1      54     1.3263E+02  5.914E+10  2.098E-01  1.831E+00
     951      1    152      1    145      1      54     1.2383E+02  7.512E+09  1.000E-30  3.968E-01
     953      1    152      1    151      1      54     1.4980E+00  1.028E+04  3.535E-02  1.075E+00
     954      1    153      1    126      1      54     1.1088E+03  2.423E+12  2.956E-03  5.107E+00
     955      1    153      1    131      1      54     6.2180E+02  9.968E+11  1.187E-02  3.009E+00
     956      1    153      1    133      1      54     6.1271E+02  4.651E+09  1.000E-30  1.287E+00
     958      1    153      1    137      1      54     3.2803E+02  3.584E+11  6.387E-02  1.462E+00
     959      1    153      1    139      1      54     3.2004E+02  6.419E+09  1.000E-30  3.873E-01
     961      1    153      1    144      1      54     1.3736E+02  7.769E+10  4.482E-01  8.871E-01
     962      1    153      1    146      1      54     1.2999E+02  4.926E+09  1.000E-30  2.543E-01
     963      1    153      1    152      1      54     6.6466E+00  4.697E+05  2.597E-02  5.304E-01
     964      1    154      1    127      1      54     1.0999E+03  1.538E+12  2.440E-03  3.127E+00
     965      1    154      1    132      1      54     6.1421E+02  9.514E+11  1.487E-02  1.855E+00
     966      1    154      1    138      1      54     3.2112E+02  3.829E+11  9.753E-02  8.876E-01
     967      1    154      1    140      1      54     3.1988E+02  1.604E+09  1.000E-30  3.184E-01
     968      1    154      1    145      1      54     1.3082E+02  7.144E+10  7.244E-01  5.440E-01
     969      1    154      1    147      1      54     1.3000E+02  2.274E+09  1.000E-30  1.932E-01
     970      1    154      1    153      1      54     3.4390E-01  2.986E+01  1.350E-02  3.433E-01
     971      1    155      1    133      1      54     6.1329E+02  6.302E+11  1.176E-02  1.270E+00
     972      1    155      1    139      1      54     3.2062E+02  3.916E+11  1.237E-01  6.063E-01
     973      1    155      1    146      1      54     1.3057E+02  7.731E+10  1.107E+00  3.785E-01
     974      1    155      1    148      1      54     1.2999E+02  7.052E+08  1.000E-30  1.580E-01
     975      1    155      1    154      1      54     2.3759E-01  5.568E+00  8.082E-03  2.527E-01
     976      1    156      1    124      1      54     1.2114E+03  8.190E+11  1.000E-30  3.182E+01
     977      1    156      1    129      1      54     7.1613E+02  3.642E+11  1.000E-30  1.845E+01
     978      1    156      1    135      1      54     4.1816E+02  1.690E+11  1.000E-30  1.170E+01
     980      1    156      1    142      1      54     2.2513E+02  7.629E+10  1.000E-30  7.929E+00
     983      1    156      1    150      1      54     9.3002E+01  2.769E+10  1.000E-30  5.662E+00
     985      1    157      1    123      1      54     1.2298E+03  7.058E+11  5.442E-03  4.164E+00
     986      1    157      1    125      1      54     1.1982E+03  2.390E+11  1.000E-30  1.023E+01
     987      1    157      1    128      1      54     7.2695E+02  2.583E+11  9.777E-03  4.132E+00
     988      1    157      1    130      1      54     7.0872E+02  1.243E+11  1.000E-30  5.994E+00
     989      1    157      1    134      1      54     4.2517E+02  1.006E+11  1.934E-02  4.121E+00
     990      1    157      1    136      1      54     4.1371E+02  6.457E+10  1.000E-30  2.196E+00
     991      1    157      1    141      1      54     2.3000E+02  3.728E+10  4.696E-02  4.124E+00
     993      1    157      1    143      1      54     2.2235E+02  3.169E+10  1.000E-30  2.404E+00
     995      1    157      1    149      1      54     9.6594E+01  9.427E+09  1.879E-01  4.138E+00
     997      1    157      1    151      1      54     9.1219E+01  1.213E+10  1.000E-30  2.828E+00
     999      1    157      1    156      1      54     1.3856E+00  1.092E+04  3.502E-01  9.982E-01
    1000      1    158      1    124      1      54     1.2153E+03  1.294E+12  4.469E-04  3.182E+01
    1001      1    158      1    126      1      54     1.1944E+03  6.870E+10  1.000E-30  5.177E+00
    1002      1    158      1    129      1      54     7.2004E+02  4.659E+11  1.337E-03  1.845E+01
    1003      1    158      1    131      1      54     7.0740E+02  4.671E+10  1.000E-30  3.078E+00
    1004      1    158      1    135      1      54     4.2207E+02  1.793E+11  4.456E-03  1.061E+01
    1005      1    158      1    137      1      54     4.1363E+02  2.911E+10  1.000E-30  9.681E-01
    1007      1    158      1    142      1      54     2.2904E+02  6.637E+10  1.632E-02  6.838E+00
    1009      1    158      1    144      1      54     2.2296E+02  1.652E+10  1.000E-30  6.481E-01
    1011      1    158      1    150      1      54     9.6914E+01  1.786E+10  9.521E-02  4.609E+00
    1012      1    158      1    152      1      54     9.2248E+01  7.189E+09  1.000E-30  7.867E-01
    1014      1    158      1    157      1      54     2.5273E+00  1.284E+05  5.514E-02  3.052E+00
    1015      1    159      1    125      1      54     1.2019E+03  1.736E+12  1.159E-03  1.022E+01
    1016      1    159      1    127      1      54     1.1864E+03  1.291E+10  1.000E-30  3.201E+00
    1017      1    159      1    130      1      54     7.1248E+02  6.525E+11  3.577E-03  5.990E+00
    1018      1    159      1    132      1      54     7.0070E+02  1.477E+10  1.000E-30  1.928E+00
    1019      1    159      1    136      1      54     4.1747E+02  2.523E+11  1.276E-02  3.272E+00
    1020      1    159      1    138      1      54     4.0761E+02  1.197E+10  1.000E-30  7.142E-01
    1022      1    159      1    143      1      54     2.2610E+02  9.087E+10  4.721E-02  2.089E+00
    1023      1    159      1    145      1      54     2.1731E+02  7.900E+09  1.000E-30  4.187E-01
    1025      1    159      1    151      1      54     9.4977E+01  2.085E+10  2.808E-01  1.404E+00
    1026      1    159      1    153      1      54     8.6832E+01  3.491E+09  1.000E-30  4.256E-01
    1028      1    159      1    158      1      54     1.2307E+00  6.400E+03  4.562E-02  9.390E-01
    1029      1    160      1    126      1      54     1.2022E+03  1.776E+12  1.674E-03  5.166E+00
    1030      1    160      1    131      1      54     7.1513E+02  7.823E+11  5.938E-03  3.067E+00
    1031      1    160      1    133      1      54     7.0604E+02  3.124E+09  1.000E-30  1.345E+00
    1032      1    160      1    137      1      54     4.2136E+02  3.306E+11  2.345E-02  1.648E+00
    1033      1    160      1    139      1      54     4.1337E+02  4.509E+09  1.000E-30  5.637E-01
    1035      1    160      1    144      1      54     2.3069E+02  1.244E+11  9.018E-02  1.067E+00
    1036      1    160      1    146      1      54     2.2332E+02  4.249E+09  1.000E-30  3.481E-01
    1037      1    160      1    152      1      54     9.9979E+01  2.865E+10  5.388E-01  7.414E-01
    1038      1    160      1    154      1      54     9.2988E+01  2.768E+09  1.000E-30  3.094E-01
    1039      1    160      1    159      1      54     6.4994E+00  5.161E+05  2.839E-02  5.392E-01
    1040      1    161      1    127      1      54     1.1932E+03  1.039E+12  1.263E-03  3.182E+00
    1041      1    161      1    132      1      54     7.0745E+02  6.940E+11  6.774E-03  1.911E+00
    1042      1    161      1    138      1      54     4.1436E+02  3.422E+11  3.223E-02  1.027E+00
    1043      1    161      1    140      1      54     4.1312E+02  9.978E+08  1.000E-30  4.583E-01
    1044      1    161      1    145      1      54     2.2406E+02  1.305E+11  1.299E-01  6.851E-01
    1045      1    161      1    147      1      54     2.2323E+02  1.684E+09  1.000E-30  2.997E-01
    1046      1    161      1    153      1      54     9.3583E+01  2.964E+10  7.426E-01  4.979E-01
    1047      1    161      1    155      1      54     9.3001E+01  1.534E+09  1.000E-30  2.530E-01
    1048      1    161      1    160      1      54     2.5061E-01  1.389E+01  1.305E-02  3.951E-01
    1049      1    162      1    133      1      54     7.0646E+02  4.001E+11  4.586E-03  1.323E+00
    1050      1    162      1    139      1      54     4.1380E+02  3.110E+11  3.408E-02  7.228E-01
    1051      1    162      1    146      1      54     2.2375E+02  1.420E+11  1.663E-01  4.937E-01
    1052      1    162      1    148      1      54     2.2316E+02  4.258E+08  1.000E-30  2.590E-01
    1053      1    162      1    154      1      54     9.3412E+01  3.408E+10  1.003E+00  3.757E-01
    1054      1    162      1    161      1      54     1.7317E-01  2.757E+00  7.450E-03  3.203E-01
    1381      1    165      1    164      1       1     1.0199E+01  2.183E+06  4.623E-02  3.794E-01
    1384      1    167      1    164      1       1     1.0199E+01  4.192E+06  9.245E-02  3.794E-01
    1387      1    169      1    164      1       1     1.2088E+01  2.244E+04  1.314E-02  8.381E-01
    1389      1    169      1    166      1       1     1.8887E+00  4.764E+02  9.578E-04  1.077E+00
    1392      1    168      1    165      1       1     1.8887E+00  1.481E+01  7.468E-06  4.298E+00
    1394      1    168      1    167      1       1     1.8886E+00  2.962E+01  1.494E-05  4.298E+00
    1396      1    170      1    165      1       1     1.8887E+00  7.717E+02  5.856E-04  2.805E+00
    1398      1    170      1    167      1       1     1.8887E+00  1.542E+03  1.171E-03  2.805E+00
    1399      1    172      1    164      1       1     1.2749E+01  1.724E+02  2.968E-03  1.426E+00
    1401      1    172      1    166      1       1     2.5497E+00  4.909E+00  4.163E-05  8.946E+00
    1404      1    172      1    168      1       1     6.6104E-01  4.036E-01  4.333E-07  1.474E+01
    1405      1    172      1    170      1       1     6.6103E-01  4.575E-02  5.568E-08  1.325E+01
    1407      1    171      1    165      1       1     2.5497E+00  1.425E-01  8.838E-07  1.246E+01
    1409      1    171      1    167      1       1     2.5497E+00  2.849E-01  1.768E-06  1.246E+01
    1410      1    171      1    169      1       1     6.6103E-01  7.887E-02  8.465E-08  1.518E+01
    1414      1    173      1    165      1       1     2.5497E+00  6.057E+00  4.559E-05  9.662E+00
    1416      1    173      1    167      1       1     2.5497E+00  1.213E+01  9.133E-05  9.662E+00
    1417      1    173      1    169      1       1     6.6104E-01  1.606E+00  1.989E-06  1.238E+01
    1425      1    174      1    170      1       1     6.6103E-01  4.618E+00  7.597E-06  9.002E+00
    1426      1    176      1    164      1       1     1.3054E+01  2.525E+00  8.712E-04  2.360E+00
    1428      1    176      1    166      1       1     2.8557E+00  7.972E-02  5.781E-06  2.836E+01
    1430      1    176      1    168      1       1     9.6701E-01  8.932E-03  6.309E-08  3.139E+01
    1431      1    176      1    170      1       1     9.6699E-01  8.142E-04  6.152E-09  2.990E+01
    1433      1    176      1    171      1       1     3.0597E-01  1.270E-03  7.632E-10  3.955E+01
    1434      1    176      1    173      1       1     3.0596E-01  3.247E-04  2.232E-10  3.676E+01
    1437      1    175      1    165      1       1     2.8557E+00  2.180E-03  1.595E-07  2.967E+01
    1439      1    175      1    167      1       1     2.8556E+00  4.359E-03  3.190E-07  2.967E+01
    1440      1    175      1    169      1       1     9.6700E-01  1.559E-03  1.132E-08  3.239E+01
    1443      1    175      1    172      1       1     3.0596E-01  3.516E-04  2.244E-10  4.011E+01
    1447      1    177      1    165      1       1     2.8557E+00  9.280E-02  6.893E-06  2.519E+01
    1449      1    177      1    167      1       1     2.8557E+00  1.853E-01  1.377E-05  2.519E+01
    1450      1    177      1    169      1       1     9.6700E-01  3.382E-02  2.457E-07  2.791E+01
    1453      1    177      1    172      1       1     3.0597E-01  4.704E-03  2.913E-09  3.564E+01
    1456      1    177      1    174      1       1     3.0596E-01  1.597E-04  1.223E-10  3.139E+01
    1461      1    178      1    170      1       1     9.6699E-01  7.209E-02  5.707E-07  2.285E+01
    1463      1    178      1    173      1       1     3.0596E-01  1.298E-02  8.840E-09  2.971E+01
    1469      1    179      1    174      1       1     3.0596E-01  3.154E-02  2.608E-08  2.239E+01
    1470      1    181      1    164      1       1     1.3221E+01  3.231E-02  3.478E-04  3.308E+00
    1472      1    181      1    166      1       1     3.0219E+00  1.068E-03  1.431E-06  5.897E+01
    1473      1    181      1    168      1       1     1.1332E+00  1.339E-04  1.355E-08  6.200E+01
    1474      1    181      1    170      1       1     1.1332E+00  1.098E-05  1.159E-09  6.051E+01
    1476      1    181      1    171      1       1     4.7217E-01  2.605E-05  1.093E-10  7.016E+01
    1477      1    181      1    173      1       1     4.7216E-01  5.505E-06  2.557E-11  6.737E+01
    1480      1    181      1    175      1       1     1.6620E-01  5.006E-06  1.000E-30  8.737E+01
    1481      1    181      1    177      1       1     1.6620E-01  1.973E-06  1.000E-30  8.290E+01
    1484      1    180      1    165      1       1     3.0219E+00  2.750E-05  3.971E-08  6.096E+01
    1486      1    180      1    167      1       1     3.0218E+00  5.490E-05  7.929E-08  6.096E+01
    1487      1    180      1    169      1       1     1.1332E+00  2.129E-05  2.348E-09  6.368E+01
    1488      1    180      1    172      1       1     4.7217E-01  6.253E-06  2.931E-11  7.141E+01
    1491      1    180      1    176      1       1     1.6620E-01  1.654E-06  5.940E-25  8.806E+01
    1495      1    182      1    165      1       1     3.0219E+00  1.306E-03  1.552E-06  5.443E+01
    1497      1    182      1    167      1       1     3.0219E+00  2.618E-03  3.112E-06  5.443E+01
    1498      1    182      1    169      1       1     1.1332E+00  5.366E-04  4.845E-08  5.715E+01
    1499      1    182      1    172      1       1     4.7217E-01  1.028E-04  3.898E-10  6.488E+01
    1502      1    182      1    174      1       1     4.7216E-01  2.554E-06  1.129E-11  6.063E+01
    1503      1    182      1    176      1       1     1.6620E-01  1.884E-05  1.074E-23  8.153E+01
    1506      1    182      1    178      1       1     1.6620E-01  1.639E-06  8.765E-25  7.448E+01
    1509      1    183      1    170      1       1     1.1332E+00  1.130E-03  8.963E-08  5.004E+01
    1511      1    183      1    173      1       1     4.7216E-01  2.821E-04  9.636E-10  5.690E+01
    1513      1    183      1    177      1       1     1.6620E-01  5.589E-05  1.000E-30  7.243E+01
    1514      1    183      1    179      1       1     1.6620E-01  8.789E-07  1.000E-30  6.343E+01
    1517      1    184      1    174      1       1     4.7216E-01  5.314E-04  1.681E-09  4.685E+01
    1519      1    184      1    178      1       1     1.6620E-01  1.514E-04  1.000E-30  6.070E+01
    1521      1    185      1    179      1       1     1.6620E-01  3.809E-04  1.000E-30  4.720E+01
    1533      1    187      1    164      1       1     1.3321E+01  1.309E-04  1.567E-04  4.516E+00
    1534      1    187      1    166      1       1     3.1221E+00  4.450E-06  4.520E-07  1.097E+02
    1548      1    188      1    165      1       1     3.1221E+00  6.271E-06  4.646E-07  1.035E+02
    1549      1    188      1    167      1       1     3.1221E+00  1.254E-05  9.291E-07  1.035E+02
    1550      1    188      1    169      1       1     1.2334E+00  2.735E-06  1.347E-08  1.063E+02
    1564      1    189      1    170      1       1     1.2334E+00  6.791E-06  2.200E-08  9.673E+01
    1565      1    189      1    173      1       1     5.7238E-01  1.917E-06  2.055E-10  1.036E+02
    1573      1    190      1    174      1       1     5.7238E-01  4.078E-06  2.793E-10  9.030E+01
    1575      1    190      1    178      1       1     2.6642E-01  1.615E-06  6.166E-24  1.041E+02
    1580      1    191      1    179      1       1     2.6642E-01  3.644E-06  1.000E-30  8.661E+01
    1581      1    191      1    184      1       1     1.0021E-01  1.431E-06  1.000E-30  1.111E+02
    1583      1    192      1    185      1       1     1.0021E-01  4.688E-06  3.974E-24  8.866E+01
