#  File format type:   4
#
#  SPECT3D transition powers file.
#  RUN NAME:  xe_20-200ev_1e18-1e21_4mm
#  Total number of transitions   =     1890
#  Number of written transitions =      880
#  Plasma temperature (eV)       =     1.6000E+02
#  Mass density (g/cm3)          =     4.4865E-06
#  Cell areal density (g/cm2)    =     1.7946E-06
#  Material mass fractions       =     1.0000E+00
#  DCA material number fractions =     1.3000E-02    9.8700E-01
# -----------------------------------------------------
#
#
#   Trans.  Trans  Upper  Upper  Lower  Lower   Ioniz   Energy     Line Power Line Center Line Width
#   Index   Model  Level  Model  Level  Model   Stage   (eV)       (W/cm2)    Opt. Depth      eV
# --------------------------------------------------------------------------------------------------
       1      1      3      1      2      1      52     1.1982E+02  1.736E+06  4.583E-14  1.017E-02
       2      1      4      1      2      1      52     4.9234E+02  4.928E+08  2.919E-03  4.205E-02
       4      1      6      1      5      1      52     1.0651E+02  6.605E+06  4.115E-06  7.871E+01
       6      1      7      1      6      1      52     6.8034E+01  8.659E+05  5.737E-07  9.466E+01
       7      1      9      1      8      1      52     3.8672E+01  3.847E+05  1.373E-05  2.871E+01
       9      1     10      1      9      1      52     3.4641E+01  2.478E+05  3.757E-06  3.134E+01
      11      1     11      1     10      1      52     9.4480E+00  8.616E+02  1.420E-06  8.523E+00
      13      1     12      1      9      1      52     8.3242E+02  1.426E+10  1.000E-30  4.474E+01
      14      1     13      1      8      1      52     8.9349E+02  1.134E+10  3.456E-05  2.725E+01
      16      1     13      1     10      1      52     8.2018E+02  3.772E+09  1.000E-30  1.545E+01
      17      1     13      1     12      1      52     2.2396E+01  1.092E+05  3.482E-05  1.654E+01
      19      1     14      1      9      1      52     8.6975E+02  2.420E+10  1.937E-05  3.750E+01
      21      1     14      1     11      1      52     8.2566E+02  8.999E+08  1.000E-30  2.935E+00
      23      1     14      1     13      1      52     1.4925E+01  2.322E+04  6.831E-06  2.020E+01
      25      1     15      1     10      1      52     8.3968E+02  4.093E+10  6.384E-05  1.284E+01
      28      1     15      1     14      1      52     4.5752E+00  1.699E+02  4.810E-06  4.371E+00
      30      1     16      1     11      1      52     8.3260E+02  6.670E+10  1.659E-04  5.897E+00
      32      1     16      1     15      1      52     2.3647E+00  7.081E+00  2.611E-06  1.738E+00
      34      1     17      1      9      1      52     1.3019E+03  1.196E+10  1.000E-30  4.465E+01
      36      1     17      1     13      1      52     4.4709E+02  3.032E+09  1.000E-30  2.760E+01
      38      1     18      1      8      1      52     1.3534E+03  1.072E+10  1.613E-05  1.588E+01
      40      1     18      1     10      1      52     1.2800E+03  2.922E+09  1.000E-30  8.571E+00
      41      1     18      1     12      1      52     4.8226E+02  1.957E+09  6.563E-05  1.575E+01
      43      1     18      1     14      1      52     4.4493E+02  1.012E+09  1.000E-30  9.469E+00
      45      1     18      1     17      1      52     1.2770E+01  2.439E+04  7.413E-05  9.365E+00
      47      1     19      1      9      1      52     1.3234E+03  2.174E+10  4.583E-06  4.042E+01
      49      1     19      1     11      1      52     1.2793E+03  5.948E+08  1.000E-30  4.037E+00
      51      1     19      1     13      1      52     4.6860E+02  3.785E+09  3.108E-05  2.338E+01
      53      1     19      1     15      1      52     4.4910E+02  3.698E+08  1.000E-30  1.762E+00
      56      1     19      1     18      1      52     8.7378E+00  6.036E+03  1.531E-05  1.167E+01
      58      1     20      1     10      1      52     1.2912E+03  3.137E+10  1.193E-05  1.447E+01
      61      1     20      1     14      1      52     4.5609E+02  6.169E+09  1.218E-04  6.329E+00
      63      1     20      1     16      1      52     4.4915E+02  1.041E+08  1.000E-30  6.978E-01
      65      1     20      1     19      1      52     2.4178E+00  3.235E+01  1.081E-05  2.509E+00
      67      1     21      1     11      1      52     1.2829E+03  3.296E+10  1.911E-05  6.913E+00
      69      1     21      1     15      1      52     4.5271E+02  9.442E+09  2.990E-04  2.882E+00
      72      1     21      1     20      1      52     1.2002E+00  1.565E+00  7.653E-06  1.002E+00
      75      1     22      1     16      1      52     4.5135E+02  1.392E+10  6.098E-04  1.637E+00
      77      1     22      1     21      1      52     1.0028E+00  4.117E-01  5.278E-06  5.096E-01
      79      1     23      1     13      1      52     7.2854E+02  2.907E+09  1.000E-30  2.756E+01
      81      1     23      1     18      1      52     2.6868E+02  8.516E+08  1.000E-30  1.592E+01
      83      1     24      1     12      1      52     7.5883E+02  2.099E+09  2.864E-05  9.939E+00
      85      1     24      1     14      1      52     7.2151E+02  9.023E+08  1.000E-30  5.049E+00
      86      1     24      1     17      1      52     2.8935E+02  4.638E+08  1.146E-04  9.899E+00
      88      1     24      1     19      1      52     2.6784E+02  3.185E+08  1.000E-30  6.189E+00
      90      1     24      1     23      1      52     7.9016E+00  6.691E+03  1.391E-04  5.778E+00
      92      1     25      1     13      1      52     7.4204E+02  3.968E+09  7.714E-06  2.487E+01
      94      1     25      1     15      1      52     7.2254E+02  2.916E+08  1.000E-30  1.730E+00
      96      1     25      1     18      1      52     2.8218E+02  8.520E+08  5.633E-05  1.329E+01
      98      1     25      1     20      1      52     2.7102E+02  1.428E+08  1.000E-30  1.182E+00
     101      1     25      1     24      1      52     5.5989E+00  1.938E+03  2.984E-05  7.310E+00
     103      1     26      1     14      1      52     7.2843E+02  5.938E+09  2.534E-05  7.185E+00
     105      1     26      1     16      1      52     7.2149E+02  6.853E+07  1.000E-30  1.175E+00
     107      1     26      1     19      1      52     2.7476E+02  1.321E+09  2.125E-04  3.551E+00
     109      1     26      1     21      1      52     2.7114E+02  6.081E+07  1.000E-30  4.243E-01
     112      1     26      1     25      1      52     1.3194E+00  6.312E+00  2.050E-05  1.589E+00
     114      1     27      1     15      1      52     7.2446E+02  7.443E+09  4.869E-05  3.404E+00
     117      1     27      1     20      1      52     2.7295E+02  1.911E+09  4.952E-04  1.607E+00
     119      1     27      1     22      1      52     2.7075E+02  1.797E+07  1.000E-30  2.335E-01
     121      1     27      1     26      1      52     6.0740E-01  2.744E-01  1.644E-05  6.309E-01
     123      1     28      1     16      1      52     7.2273E+02  6.883E+09  5.997E-05  2.003E+00
     125      1     28      1     21      1      52     2.7238E+02  2.729E+09  9.769E-04  9.117E-01
     128      1     28      1     27      1      52     6.3240E-01  1.932E-01  1.583E-05  3.179E-01
     129      1     29      1     13      1      52     9.1039E+02  2.312E+09  1.000E-30  2.751E+01
     131      1     29      1     18      1      52     4.5053E+02  8.852E+08  1.000E-30  1.587E+01
     134      1     29      1     24      1      52     1.7396E+02  2.819E+08  1.000E-30  1.001E+01
     136      1     30      1     12      1      52     9.3797E+02  1.766E+09  1.897E-05  6.686E+00
     137      1     30      1     14      1      52     9.0065E+02  6.858E+08  1.000E-30  4.424E+00
     138      1     30      1     17      1      52     4.6848E+02  5.396E+08  4.679E-05  6.646E+00
     140      1     30      1     19      1      52     4.4698E+02  3.135E+08  1.000E-30  3.468E+00
     142      1     30      1     23      1      52     1.8704E+02  1.366E+08  1.869E-04  6.620E+00
     144      1     30      1     25      1      52     1.7354E+02  1.140E+08  1.000E-30  4.254E+00
     146      1     30      1     29      1      52     5.1810E+00  2.128E+03  2.412E-04  3.759E+00
     147      1     31      1     13      1      52     9.1941E+02  3.309E+09  3.270E-06  2.572E+01
     148      1     31      1     15      1      52     8.9991E+02  2.070E+08  1.000E-30  2.449E+00
     150      1     31      1     18      1      52     4.5956E+02  9.878E+08  1.421E-05  1.414E+01
     152      1     31      1     20      1      52     4.4840E+02  1.272E+08  1.000E-30  8.959E-01
     155      1     31      1     24      1      52     1.8298E+02  2.417E+08  9.477E-05  8.222E+00
     157      1     31      1     26      1      52     1.7606E+02  5.828E+07  1.000E-30  8.344E-01
     160      1     31      1     30      1      52     3.8407E+00  7.462E+02  5.296E-05  4.913E+00
     161      1     32      1     14      1      52     9.0519E+02  4.699E+09  9.817E-06  7.648E+00
     162      1     32      1     16      1      52     8.9825E+02  4.422E+07  1.000E-30  1.638E+00
     164      1     32      1     19      1      52     4.5152E+02  1.458E+09  4.669E-05  4.021E+00
     166      1     32      1     21      1      52     4.4790E+02  4.739E+07  1.000E-30  5.835E-01
     169      1     32      1     25      1      52     1.7808E+02  3.600E+08  3.466E-04  2.180E+00
     171      1     32      1     27      1      52     1.7615E+02  2.992E+07  1.000E-30  2.915E-01
     174      1     32      1     31      1      52     7.0280E-01  1.105E+00  3.531E-05  1.069E+00
     175      1     33      1     15      1      52     9.0089E+02  5.290E+09  1.650E-05  3.713E+00
     177      1     33      1     20      1      52     4.4938E+02  1.909E+09  9.361E-05  1.903E+00
     179      1     33      1     22      1      52     4.4717E+02  1.162E+07  1.000E-30  4.396E-01
     181      1     33      1     26      1      52     1.7704E+02  5.068E+08  7.925E-04  9.768E-01
     183      1     33      1     28      1      52     1.7580E+02  1.333E+07  1.000E-30  1.472E-01
     185      1     33      1     32      1      52     2.7490E-01  3.243E-02  3.122E-05  4.235E-01
     186      1     34      1     16      1      52     8.9895E+02  3.908E+09  1.604E-05  2.209E+00
     188      1     34      1     21      1      52     4.4860E+02  2.170E+09  1.418E-04  1.117E+00
     191      1     34      1     27      1      52     1.7685E+02  6.914E+08  1.511E-03  5.459E-01
     194      1     34      1     33      1      52     4.2420E-01  8.310E-02  3.373E-05  2.127E-01
     195      1     35      1     13      1      52     1.0346E+03  1.783E+09  1.000E-30  2.752E+01
     196      1     35      1     18      1      52     5.7478E+02  7.516E+08  1.000E-30  1.588E+01
     198      1     35      1     24      1      52     2.9820E+02  3.158E+08  1.000E-30  9.961E+00
     201      1     35      1     30      1      52     1.1906E+02  1.078E+08  1.000E-30  6.677E+00
     203      1     36      1     12      1      52     1.0606E+03  1.411E+09  1.478E-05  4.742E+00
     204      1     36      1     14      1      52     1.0233E+03  5.148E+08  1.000E-30  5.158E+00
     205      1     36      1     17      1      52     5.9109E+02  4.862E+08  2.967E-05  4.701E+00
     206      1     36      1     19      1      52     5.6958E+02  2.561E+08  1.000E-30  2.556E+00
     207      1     36      1     23      1      52     3.0964E+02  1.701E+08  7.270E-05  4.669E+00
     209      1     36      1     25      1      52     2.9614E+02  1.219E+08  1.000E-30  2.535E+00
     211      1     36      1     29      1      52     1.2779E+02  4.720E+07  2.892E-04  4.634E+00
     213      1     36      1     31      1      52     1.1877E+02  4.582E+07  1.000E-30  3.045E+00
     215      1     36      1     35      1      52     3.5433E+00  7.514E+02  3.890E-04  2.573E+00
     216      1     37      1     13      1      52     1.0410E+03  2.626E+09  1.753E-06  2.624E+01
     217      1     37      1     15      1      52     1.0215E+03  1.487E+08  1.000E-30  2.978E+00
     218      1     37      1     18      1      52     5.8110E+02  8.837E+08  6.066E-06  1.467E+01
     219      1     37      1     20      1      52     5.6995E+02  9.800E+07  1.000E-30  1.233E+00
     221      1     37      1     24      1      52     3.0452E+02  3.006E+08  2.404E-05  8.744E+00
     223      1     37      1     26      1      52     2.9760E+02  5.687E+07  1.000E-30  5.439E-01
     226      1     37      1     30      1      52     1.2539E+02  8.144E+07  1.494E-04  5.461E+00
     228      1     37      1     32      1      52     1.2084E+02  2.556E+07  1.000E-30  6.122E-01
     231      1     37      1     36      1      52     2.7803E+00  3.331E+02  8.872E-05  3.451E+00
     232      1     38      1     14      1      52     1.0264E+03  3.596E+09  4.981E-06  7.915E+00
     233      1     38      1     16      1      52     1.0194E+03  2.975E+07  1.000E-30  1.929E+00
     234      1     38      1     19      1      52     5.7269E+02  1.266E+09  1.852E-05  4.312E+00
     235      1     38      1     21      1      52     5.6908E+02  3.363E+07  1.000E-30  8.444E-01
     237      1     38      1     25      1      52     2.9925E+02  4.372E+08  7.843E-05  2.465E+00
     239      1     38      1     27      1      52     2.9733E+02  2.630E+07  1.000E-30  3.166E-01
     242      1     38      1     31      1      52     1.2188E+02  1.171E+08  5.359E-04  1.431E+00
     244      1     38      1     33      1      52     1.2090E+02  1.466E+07  1.000E-30  2.160E-01
     247      1     38      1     37      1      52     3.3030E-01  1.336E-01  5.827E-05  7.540E-01
     248      1     39      1     15      1      52     1.0219E+03  3.782E+09  7.703E-06  3.895E+00
     249      1     39      1     20      1      52     5.7035E+02  1.549E+09  3.389E-05  2.086E+00
     250      1     39      1     22      1      52     5.6815E+02  7.381E+06  1.000E-30  6.157E-01
     252      1     39      1     26      1      52     2.9801E+02  5.751E+08  1.596E-04  1.153E+00
     254      1     39      1     28      1      52     2.9677E+02  1.017E+07  1.000E-30  2.412E-01
     256      1     39      1     32      1      52     1.2125E+02  1.597E+08  1.194E-03  6.362E-01
     258      1     39      1     34      1      52     1.2055E+02  7.834E+06  1.000E-30  1.036E-01
     260      1     39      1     38      1      52     7.3900E-02  7.552E-04  6.798E-05  2.332E-01
     261      1     40      1     16      1      52     1.0198E+03  2.463E+09  6.538E-06  2.340E+00
     262      1     40      1     21      1      52     5.6945E+02  1.551E+09  4.456E-05  1.242E+00
     264      1     40      1     27      1      52     2.9770E+02  6.941E+08  2.582E-04  6.712E-01
     267      1     40      1     33      1      52     1.2127E+02  2.147E+08  2.245E-03  3.540E-01
     270      1     40      1     39      1      52     2.9800E-01  3.673E-02  6.119E-05  1.495E-01
     271      1     41      1     13      1      52     1.1233E+03  1.376E+09  1.000E-30  2.753E+01
     272      1     41      1     18      1      52     6.6340E+02  6.099E+08  1.000E-30  1.589E+01
     273      1     41      1     24      1      52     3.8682E+02  2.811E+08  1.000E-30  9.968E+00
     275      1     41      1     30      1      52     2.0768E+02  1.263E+08  1.000E-30  6.685E+00
     278      1     41      1     36      1      52     8.5076E+01  4.547E+07  1.000E-30  4.694E+00
     280      1     42      1     12      1      52     1.1482E+03  1.113E+09  1.250E-05  3.487E+00
     281      1     42      1     14      1      52     1.1108E+03  3.901E+08  1.000E-30  5.941E+00
     282      1     42      1     17      1      52     6.7867E+02  4.090E+08  2.250E-05  3.446E+00
     283      1     42      1     19      1      52     6.5716E+02  2.024E+08  1.000E-30  2.685E+00
     284      1     42      1     23      1      52     3.9722E+02  1.610E+08  4.450E-05  3.420E+00
     285      1     42      1     25      1      52     3.8372E+02  1.054E+08  1.000E-30  1.741E+00
     286      1     42      1     29      1      52     2.1536E+02  6.202E+07  1.083E-04  3.398E+00
     288      1     42      1     31      1      52     2.0634E+02  5.195E+07  1.000E-30  1.918E+00
     290      1     42      1     35      1      52     9.1119E+01  1.848E+07  4.290E-04  3.375E+00
     292      1     42      1     37      1      52     8.4795E+01  2.017E+07  1.000E-30  2.253E+00
     294      1     42      1     41      1      52     2.4992E+00  2.877E+02  5.792E-04  1.887E+00
     295      1     43      1     13      1      52     1.1279E+03  2.062E+09  1.066E-06  2.663E+01
     296      1     43      1     15      1      52     1.1084E+03  1.093E+08  1.000E-30  3.338E+00
     297      1     43      1     18      1      52     6.6800E+02  7.396E+08  3.269E-06  1.499E+01
     298      1     43      1     20      1      52     6.5684E+02  7.434E+07  1.000E-30  1.547E+00
     299      1     43      1     24      1      52     3.9142E+02  2.841E+08  1.031E-05  9.072E+00
     300      1     43      1     26      1      52     3.8450E+02  4.668E+07  1.000E-30  6.786E-01
     302      1     43      1     30      1      52     2.1228E+02  1.063E+08  3.799E-05  5.776E+00
     304      1     43      1     32      1      52     2.0774E+02  2.672E+07  1.000E-30  3.778E-01
     307      1     43      1     36      1      52     8.9678E+01  3.123E+07  2.252E-04  3.798E+00
     309      1     43      1     38      1      52     8.6568E+01  1.198E+07  1.000E-30  4.625E-01
     312      1     43      1     42      1      52     2.1031E+00  1.671E+02  1.411E-04  2.515E+00
     313      1     44      1     15      1      52     1.1084E+03  2.783E+09  4.307E-06  4.018E+00
     314      1     44      1     20      1      52     6.5688E+02  1.212E+09  1.645E-05  2.202E+00
     315      1     44      1     22      1      52     6.5468E+02  4.943E+06  1.000E-30  7.322E-01
     316      1     44      1     26      1      52     3.8454E+02  5.100E+08  5.955E-05  1.275E+00
     317      1     44      1     28      1      52     3.8330E+02  7.166E+06  1.000E-30  3.506E-01
     319      1     44      1     32      1      52     2.0778E+02  1.988E+08  2.491E-04  7.532E-01
     321      1     44      1     34      1      52     2.0708E+02  6.751E+06  1.000E-30  1.431E-01
     323      1     44      1     38      1      52     8.6605E+01  5.816E+07  1.739E-03  4.368E-01
     325      1     44      1     40      1      52     8.6233E+01  4.397E+06  1.000E-30  7.808E-02
     327      1     45      1     14      1      52     1.1130E+03  2.763E+09  2.927E-06  8.114E+00
     328      1     45      1     16      1      52     1.1061E+03  2.083E+07  1.000E-30  2.122E+00
     329      1     45      1     19      1      52     6.5935E+02  1.037E+09  9.535E-06  4.499E+00
     330      1     45      1     21      1      52     6.5574E+02  2.432E+07  1.000E-30  1.031E+00
     331      1     45      1     25      1      52     3.8591E+02  4.051E+08  3.150E-05  2.652E+00
     332      1     45      1     27      1      52     3.8399E+02  2.018E+07  1.000E-30  4.691E-01
     334      1     45      1     31      1      52     2.0854E+02  1.515E+08  1.229E-04  1.611E+00
     336      1     45      1     33      1      52     2.0756E+02  1.415E+07  1.000E-30  1.923E-01
     339      1     45      1     37      1      52     8.6990E+01  4.350E+07  7.904E-04  9.917E-01
     341      1     45      1     39      1      52     8.6586E+01  7.422E+06  1.000E-30  1.652E-01
     344      1     45      1     43      1      52     9.2200E-02  3.302E-03  1.400E-04  3.567E-01
     345      1     45      1     44      1      52     5.4600E-02  4.571E-04  1.000E-30  9.201E-02
     346      1     46      1     16      1      52     1.1062E+03  1.658E+09  3.329E-06  2.423E+00
     347      1     46      1     21      1      52     6.5590E+02  1.119E+09  1.970E-05  1.326E+00
     348      1     46      1     27      1      52     3.8415E+02  5.708E+08  8.763E-05  7.568E-01
     350      1     46      1     33      1      52     2.0772E+02  2.455E+08  4.153E-04  4.345E-01
     353      1     46      1     39      1      52     8.6749E+01  7.674E+07  3.209E-03  2.421E-01
     355      1     46      1     44      1      52     2.1720E-01  1.710E-02  1.006E-04  1.093E-01
     357      1     48      1     47      1      52     3.1750E+02  5.086E+07  2.815E-06  1.840E+02
     358      1     49      1     48      1      52     3.6284E+02  2.758E+08  1.548E-07  2.762E+02
     359      1     51      1     50      1      52     7.7750E-01  7.233E-01  1.318E-06  1.384E+02
     360      1     52      1     51      1      52     6.6689E+02  4.282E+09  1.000E-30  4.204E+02
     361      1     54      1     53      1      52     3.0082E+01  2.564E+05  1.000E-30  1.845E+02
     362      1     55      1     53      1      52     1.0120E+02  5.287E+06  3.743E-06  8.075E+01
     363      1     56      1     54      1      52     1.0442E+02  5.933E+06  4.154E-06  7.434E+01
     364      1     56      1     55      1      52     3.3297E+01  3.453E+05  1.000E-30  1.922E+02
     365      1     57      1     55      1      52     9.2670E+01  2.954E+06  6.613E-07  1.109E+02
     367      1     58      1     56      1      52     9.3608E+01  3.061E+06  6.929E-07  1.064E+02
     368      1     58      1     57      1      52     3.4235E+01  3.748E+05  1.000E-30  1.948E+02
     369      1     61      1     60      1      53     7.7081E+01  2.051E+05  1.170E-14  6.544E-03
     370      1     62      1     60      1      53     8.3045E+01  3.086E+05  1.000E-30  7.050E-03
     373      1     63      1     61      1      53     8.0094E+00  5.349E-01  1.000E-30  6.813E-04
     375      1     64      1     60      1      53     4.6515E+02  3.796E+08  1.881E-03  3.969E-02
     378      1     65      1     60      1      53     5.0090E+02  1.449E+08  4.617E-15  4.270E-02
     380      1     65      1     63      1      53     4.1581E+02  1.749E+08  4.080E-03  3.549E-02
     381      1     67      1     66      1      53     9.2071E+01  3.548E+06  4.701E-06  5.729E+01
     383      1     68      1     67      1      53     2.1266E+02  4.649E+07  8.961E-07  3.995E+01
     385      1     69      1     67      1      53     2.3259E+02  3.583E+07  1.000E-30  2.161E+01
     386      1     71      1     70      1      53     1.8245E+01  2.357E+04  1.794E-05  1.282E+01
     388      1     72      1     71      1      53     7.1086E+01  4.206E+06  6.770E-06  3.416E+01
     390      1     73      1     72      1      53     1.1156E+02  1.616E+07  1.370E-05  1.007E+01
     392      1     74      1     71      1      53     8.8734E+02  1.696E+10  1.000E-30  4.808E+01
     393      1     75      1     70      1      53     9.0769E+02  1.213E+10  3.245E-05  2.962E+01
     395      1     75      1     72      1      53     8.1835E+02  3.545E+09  1.000E-30  1.673E+01
     396      1     75      1     74      1      53     2.1014E+00  4.973E+01  6.702E-05  4.739E+00
     398      1     76      1     71      1      53     9.4411E+02  3.269E+10  1.894E-05  4.052E+01
     400      1     76      1     73      1      53     7.6146E+02  6.264E+08  1.000E-30  3.169E+00
     402      1     76      1     75      1      53     5.4666E+01  3.912E+06  2.084E-05  2.270E+01
     404      1     77      1     72      1      53     9.7713E+02  7.219E+10  6.607E-05  1.388E+01
     407      1     77      1     76      1      53     1.0411E+02  4.361E+07  8.818E-05  5.195E+00
     409      1     78      1     73      1      53     1.0763E+03  1.795E+11  1.903E-04  6.408E+00
     411      1     78      1     77      1      53     2.1071E+02  3.179E+08  1.359E-04  2.118E+00
     412      1     79      1     70      1      53     1.3871E+03  1.174E+10  1.453E-05  1.794E+01
     414      1     79      1     72      1      53     1.2978E+03  2.933E+09  1.000E-30  9.342E+00
     415      1     79      1     74      1      53     4.8154E+02  1.960E+09  6.108E-05  1.703E+01
     417      1     79      1     76      1      53     4.2478E+02  7.974E+08  1.000E-30  1.024E+01
     420      1     80      1     71      1      53     1.3753E+03  1.384E+10  1.000E-30  4.805E+01
     422      1     80      1     75      1      53     4.8588E+02  3.930E+09  1.000E-30  2.965E+01
     424      1     80      1     79      1      53     6.4349E+00  5.070E+03  1.000E-30  1.648E+01
     426      1     81      1     71      1      53     1.4208E+03  2.786E+10  4.390E-06  4.370E+01
     428      1     81      1     73      1      53     1.2382E+03  5.038E+08  1.000E-30  4.343E+00
     430      1     81      1     75      1      53     5.3137E+02  6.088E+09  3.175E-05  2.524E+01
     432      1     81      1     77      1      53     3.7259E+02  1.694E+08  1.000E-30  1.911E+00
     434      1     81      1     79      1      53     5.1923E+01  6.984E+06  7.566E-05  1.302E+01
     438      1     82      1     76      1      53     5.7966E+02  1.542E+10  1.369E-04  6.858E+00
     440      1     82      1     78      1      53     2.6484E+02  1.215E+07  1.000E-30  7.522E-01
     442      1     82      1     81      1      53     1.0296E+02  1.011E+08  3.657E-04  3.004E+00
     443      1     83      1     74      1      53     7.7070E+02  2.216E+09  2.601E-05  1.103E+01
     445      1     83      1     76      1      53     7.1393E+02  8.204E+08  1.000E-30  5.473E+00
     447      1     83      1     80      1      53     2.8272E+02  4.251E+08  1.045E-04  1.067E+01
     448      1     83      1     81      1      53     2.3723E+02  1.858E+08  1.000E-30  6.694E+00
     451      1     84      1     75      1      53     7.7945E+02  3.560E+09  1.000E-30  2.961E+01
     452      1     84      1     79      1      53     3.0001E+02  1.221E+09  1.000E-30  1.708E+01
     455      1     84      1     83      1      53     1.0851E+01  3.561E+04  1.000E-30  1.122E+01
     457      1     85      1     75      1      53     8.2063E+02  5.772E+09  7.698E-06  2.680E+01
     459      1     85      1     77      1      53     6.6185E+02  1.985E+08  1.000E-30  1.860E+00
     460      1     85      1     79      1      53     3.4119E+02  1.770E+09  6.145E-05  1.433E+01
     463      1     85      1     82      1      53     1.8630E+02  3.082E+07  1.000E-30  1.269E+00
     464      1     85      1     83      1      53     5.2031E+01  1.349E+07  2.322E-04  8.147E+00
     467      1     86      1     77      1      53     6.7729E+02  4.528E+10  3.925E-04  3.145E+00
     470      1     86      1     82      1      53     2.0174E+02  8.279E+08  6.997E-04  1.222E+00
     473      1     87      1     78      1      53     5.1236E+02  2.232E+10  6.091E-04  1.796E+00
     475      1     87      1     86      1      53     4.5782E+01  1.724E+06  1.911E-04  6.191E-01
     477      1     88      1     76      1      53     8.6948E+02  1.161E+10  2.690E-05  7.780E+00
     479      1     88      1     78      1      53     5.5466E+02  2.321E+07  1.000E-30  1.277E+00
     481      1     88      1     81      1      53     3.9278E+02  5.279E+09  2.674E-04  3.862E+00
     484      1     88      1     85      1      53     1.0351E+02  2.088E+08  1.178E-03  1.897E+00
     485      1     88      1     86      1      53     8.8076E+01  9.652E+05  1.000E-30  4.504E-01
     487      1     89      1     74      1      53     9.5869E+02  1.905E+09  1.647E-05  7.777E+00
     488      1     89      1     76      1      53     9.0192E+02  6.562E+08  1.000E-30  4.810E+00
     490      1     89      1     80      1      53     4.7071E+02  5.473E+08  4.268E-05  7.287E+00
     491      1     89      1     81      1      53     4.2522E+02  2.444E+08  1.000E-30  3.750E+00
     494      1     89      1     84      1      53     1.7714E+02  1.107E+08  1.655E-04  7.132E+00
     495      1     89      1     85      1      53     1.3596E+02  4.087E+07  1.000E-30  4.579E+00
     497      1     90      1     75      1      53     9.7022E+02  2.792E+09  1.000E-30  2.963E+01
     498      1     90      1     79      1      53     4.9078E+02  1.164E+09  1.000E-30  1.709E+01
     501      1     90      1     83      1      53     2.0163E+02  4.717E+08  1.000E-30  1.072E+01
     504      1     90      1     89      1      53     1.3639E+01  6.084E+04  1.000E-30  3.849E+00
     505      1     91      1     75      1      53     1.0099E+03  4.659E+09  3.224E-06  2.771E+01
     506      1     91      1     77      1      53     8.5110E+02  1.598E+08  1.000E-30  2.638E+00
     507      1     91      1     79      1      53     5.3043E+02  1.698E+09  1.474E-05  1.524E+01
     510      1     91      1     82      1      53     3.7555E+02  6.035E+07  1.000E-30  9.521E-01
     511      1     91      1     83      1      53     2.4127E+02  7.111E+08  1.128E-04  8.868E+00
     515      1     91      1     88      1      53     8.5729E+01  3.159E+06  1.000E-30  9.022E-01
     516      1     91      1     89      1      53     5.3287E+01  2.605E+07  6.297E-04  5.405E+00
     518      1     92      1     74      1      53     1.0879E+03  1.542E+09  1.179E-05  6.019E+00
     519      1     92      1     76      1      53     1.0312E+03  5.045E+08  1.000E-30  5.596E+00
     520      1     92      1     80      1      53     5.9995E+02  5.108E+08  2.645E-05  5.299E+00
     521      1     92      1     81      1      53     5.5446E+02  2.189E+08  1.000E-30  2.780E+00
     523      1     92      1     84      1      53     3.0638E+02  1.616E+08  6.554E-05  5.079E+00
     524      1     92      1     85      1      53     2.6520E+02  7.444E+07  1.000E-30  2.738E+00
     527      1     92      1     90      1      53     1.1560E+02  3.186E+07  2.451E-04  4.986E+00
     528      1     92      1     91      1      53     7.5952E+01  7.287E+06  1.000E-30  3.272E+00
     529      1     93      1     75      1      53     1.1014E+03  2.146E+09  1.000E-30  2.964E+01
     530      1     93      1     79      1      53     6.2192E+02  9.681E+08  1.000E-30  1.710E+01
     531      1     93      1     83      1      53     3.3276E+02  4.572E+08  1.000E-30  1.073E+01
     534      1     93      1     89      1      53     1.4478E+02  2.170E+08  1.000E-30  7.192E+00
     537      1     93      1     92      1      53     1.5538E+01  2.546E+05  1.000E-30  5.220E+00
     538      1     94      1     76      1      53     1.0597E+03  8.492E+09  1.018E-05  8.308E+00
     539      1     94      1     78      1      53     7.4491E+02  2.021E+07  1.000E-30  1.773E+00
     541      1     94      1     81      1      53     5.8303E+02  3.893E+09  5.334E-05  4.365E+00
     544      1     94      1     85      1      53     2.9377E+02  2.570E+09  5.061E-04  2.374E+00
     545      1     94      1     86      1      53     2.7833E+02  6.824E+06  1.000E-30  6.193E-01
     549      1     94      1     91      1      53     1.0453E+02  3.886E+08  3.174E-03  1.275E+00
     552      1     95      1     77      1      53     9.6122E+02  2.221E+10  5.703E-05  3.713E+00
     555      1     95      1     82      1      53     4.8567E+02  1.846E+10  7.770E-04  1.758E+00
     558      1     95      1     87      1      53     2.3815E+02  1.038E+07  1.000E-30  2.621E-01
     559      1     95      1     88      1      53     1.9586E+02  1.616E+09  2.326E-03  7.854E-01
     561      1     95      1     94      1      53     5.5996E+00  2.453E+02  3.723E-05  3.171E-01
     562      1     96      1     75      1      53     1.1409E+03  3.655E+09  1.718E-06  2.830E+01
     563      1     96      1     77      1      53     9.8211E+02  1.226E+08  1.000E-30  3.213E+00
     564      1     96      1     79      1      53     6.6145E+02  1.434E+09  6.210E-06  1.576E+01
     565      1     96      1     82      1      53     5.0657E+02  5.912E+07  1.000E-30  1.315E+00
     566      1     96      1     83      1      53     3.7229E+02  6.488E+08  2.644E-05  9.392E+00
     569      1     96      1     88      1      53     2.1675E+02  1.543E+07  1.000E-30  5.843E-01
     570      1     96      1     89      1      53     1.8430E+02  3.702E+08  1.986E-04  5.883E+00
     573      1     96      1     92      1      53     5.5065E+01  4.880E+07  1.531E-03  3.777E+00
     575      1     96      1     94      1      53     2.6491E+01  5.541E+04  1.000E-30  6.658E-01
     578      1     97      1     78      1      53     7.9354E+02  9.610E+09  5.792E-05  2.188E+00
     580      1     97      1     86      1      53     3.2696E+02  5.448E+09  1.040E-03  9.891E-01
     584      1     97      1     95      1      53     4.3029E+01  3.979E+06  8.276E-04  3.975E-01
     585      1     98      1     74      1      53     1.1808E+03  1.229E+09  8.743E-06  5.060E+00
     586      1     98      1     76      1      53     1.1240E+03  3.884E+08  1.000E-30  6.443E+00
     587      1     98      1     80      1      53     6.9278E+02  4.387E+08  1.906E-05  4.102E+00
     588      1     98      1     81      1      53     6.4729E+02  1.814E+08  1.000E-30  2.916E+00
     589      1     98      1     84      1      53     3.9921E+02  1.625E+08  3.990E-05  3.792E+00
     590      1     98      1     85      1      53     3.5803E+02  7.599E+07  1.000E-30  1.887E+00
     592      1     98      1     90      1      53     2.0843E+02  5.388E+07  9.565E-05  3.686E+00
     593      1     98      1     91      1      53     1.6878E+02  2.212E+07  1.000E-30  2.069E+00
     595      1     98      1     93      1      53     7.7294E+01  9.643E+06  3.415E-04  3.624E+00
     597      1     98      1     96      1      53     3.7767E+01  7.516E+05  1.000E-30  2.417E+00
     598      1     99      1     75      1      53     1.1956E+03  1.660E+09  1.000E-30  2.965E+01
     599      1     99      1     79      1      53     7.1611E+02  7.769E+08  1.000E-30  1.711E+01
     600      1     99      1     83      1      53     4.2696E+02  3.909E+08  1.000E-30  1.074E+01
     601      1     99      1     89      1      53     2.3897E+02  2.070E+08  1.000E-30  7.200E+00
     604      1     99      1     92      1      53     1.0973E+02  1.160E+08  1.000E-30  5.036E+00
     607      1     99      1     98      1      53     1.6897E+01  6.740E+05  1.000E-30  3.855E+00
     608      1    100      1     75      1      53     1.2357E+03  2.862E+09  1.044E-06  2.869E+01
     609      1    100      1     77      1      53     1.0769E+03  9.403E+07  1.000E-30  3.599E+00
     610      1    100      1     79      1      53     7.5626E+02  1.174E+09  3.318E-06  1.615E+01
     611      1    100      1     82      1      53     6.0138E+02  5.064E+07  1.000E-30  1.657E+00
     612      1    100      1     83      1      53     4.6710E+02  5.580E+08  1.105E-05  9.784E+00
     613      1    100      1     88      1      53     3.1156E+02  1.939E+07  1.000E-30  7.288E-01
     614      1    100      1     89      1      53     2.7912E+02  3.081E+08  4.496E-05  6.224E+00
     617      1    100      1     92      1      53     1.4988E+02  2.374E+08  3.404E-04  4.092E+00
     619      1    100      1     94      1      53     1.2130E+02  2.992E+06  1.000E-30  4.059E-01
     621      1    100      1     98      1      53     5.7044E+01  8.702E+07  3.384E-03  2.745E+00
     623      1    101      1     76      1      53     1.1918E+03  6.288E+09  5.133E-06  8.576E+00
     624      1    101      1     78      1      53     8.7698E+02  1.577E+07  1.000E-30  2.092E+00
     625      1    101      1     81      1      53     7.1510E+02  2.954E+09  2.047E-05  4.677E+00
     627      1    101      1     85      1      53     4.2583E+02  1.718E+09  9.842E-05  2.680E+00
     628      1    101      1     86      1      53     4.1039E+02  8.799E+06  1.000E-30  8.996E-01
     631      1    101      1     91      1      53     2.3659E+02  1.593E+09  9.138E-04  1.562E+00
     634      1    101      1     95      1      53     1.2646E+02  1.044E+06  1.000E-30  3.414E-01
     635      1    101      1     96      1      53     1.0557E+02  6.655E+08  7.507E-03  9.031E-01
     638      1    101      1    100      1      53     1.0760E+01  2.289E+03  4.395E-05  4.958E-01
     639      1    102      1     77      1      53     1.1469E+03  1.340E+10  1.861E-05  4.042E+00
     641      1    102      1     82      1      53     6.7131E+02  9.131E+09  1.229E-04  2.081E+00
     644      1    102      1     87      1      53     4.2378E+02  9.045E+06  1.000E-30  4.822E-01
     645      1    102      1     88      1      53     3.8149E+02  1.014E+10  1.423E-03  1.089E+00
     647      1    102      1     94      1      53     1.9123E+02  2.713E+09  6.175E-03  5.371E-01
     650      1    102      1     97      1      53     1.4260E+02  5.541E+06  1.000E-30  1.700E-01
     652      1    102      1    101      1      53     5.9168E+01  3.519E+05  5.808E-05  2.465E-01
     653      1    103      1     76      1      53     1.2875E+03  4.767E+09  2.994E-06  8.841E+00
     654      1    103      1     78      1      53     9.7272E+02  1.210E+07  1.000E-30  2.299E+00
     655      1    103      1     81      1      53     8.1083E+02  2.284E+09  1.040E-05  4.884E+00
     656      1    103      1     85      1      53     5.2157E+02  1.303E+09  3.780E-05  2.881E+00
     657      1    103      1     86      1      53     5.0613E+02  8.317E+06  1.000E-30  1.100E+00
     659      1    103      1     91      1      53     3.3233E+02  9.418E+08  1.726E-04  1.763E+00
     662      1    103      1     95      1      53     2.2220E+02  2.268E+06  1.000E-30  5.070E-01
     663      1    103      1     96      1      53     2.0131E+02  1.200E+09  1.610E-03  1.085E+00
     665      1    103      1    100      1      53     1.0650E+02  1.065E+09  1.622E-02  6.601E-01
     667      1    103      1    102      1      53     3.6571E+01  3.277E+04  1.000E-30  2.098E-01
     668      1    104      1     78      1      53     9.7661E+02  5.239E+09  1.536E-05  2.413E+00
     670      1    104      1     86      1      53     5.1003E+02  3.490E+09  1.436E-04  1.207E+00
     674      1    104      1     95      1      53     2.2610E+02  1.779E+09  1.674E-03  6.070E-01
     677      1    104      1    102      1      53     4.0464E+01  6.596E+06  2.405E-03  2.726E-01
     679      1    105      1     77      1      53     1.2750E+03  8.829E+09  8.510E-06  4.239E+00
     680      1    105      1     82      1      53     7.9944E+02  5.772E+09  4.201E-05  2.278E+00
     682      1    105      1     87      1      53     5.5191E+02  6.356E+06  1.000E-30  6.728E-01
     683      1    105      1     88      1      53     5.0962E+02  4.725E+09  2.364E-04  1.279E+00
     685      1    105      1     94      1      53     3.1936E+02  6.753E+09  2.452E-03  7.182E-01
     688      1    105      1     97      1      53     2.7073E+02  6.803E+06  1.000E-30  2.710E-01
     690      1    105      1    101      1      53     1.8730E+02  4.159E+09  1.405E-02  3.890E-01
     692      1    105      1    103      1      53     9.1560E+01  5.673E+05  3.214E-05  1.949E-01
     693      1    105      1    104      1      53     8.7667E+01  2.109E+06  1.000E-30  1.245E-01
     694      1    106      1     78      1      53     1.1024E+03  3.233E+09  6.234E-06  2.550E+00
     695      1    106      1     86      1      53     6.3583E+02  2.320E+09  4.421E-05  1.345E+00
     698      1    106      1     95      1      53     3.5190E+02  1.304E+09  2.652E-04  7.439E-01
     701      1    106      1    102      1      53     1.6626E+02  7.278E+08  2.615E-03  3.999E-01
     704      1    106      1    105      1      53     3.8133E+01  9.378E+06  5.696E-03  1.978E-01
     705      1    107      1     77      1      53     1.3672E+03  6.171E+09  4.678E-06  4.371E+00
     706      1    107      1     82      1      53     8.9170E+02  3.962E+09  1.965E-05  2.409E+00
     707      1    107      1     87      1      53     6.4417E+02  4.492E+06  1.000E-30  8.028E-01
     708      1    107      1     88      1      53     6.0188E+02  2.952E+09  8.131E-05  1.411E+00
     710      1    107      1     94      1      53     4.1162E+02  2.923E+09  4.181E-04  8.494E-01
     712      1    107      1     97      1      53     3.6299E+02  5.555E+06  1.000E-30  3.913E-01
     714      1    107      1    101      1      53     2.7956E+02  5.255E+09  4.019E-03  5.088E-01
     716      1    107      1    103      1      53     1.8382E+02  5.917E+09  2.820E-02  2.967E-01
     717      1    107      1    104      1      53     1.7993E+02  3.710E+06  1.000E-30  1.686E-01
     719      1    107      1    106      1      53     5.4126E+01  6.597E+05  1.000E-30  9.955E-02
     720      1    108      1     78      1      53     1.1926E+03  2.154E+09  3.177E-06  2.634E+00
     721      1    108      1     86      1      53     7.2599E+02  1.618E+09  1.941E-05  1.435E+00
     723      1    108      1     95      1      53     4.4206E+02  9.560E+08  8.812E-05  8.276E-01
     725      1    108      1    102      1      53     2.5642E+02  5.491E+08  4.414E-04  4.862E-01
     728      1    108      1    105      1      53     1.2829E+02  3.511E+08  3.917E-03  2.802E-01
     730      1    108      1    107      1      53     3.6034E+01  1.227E+07  1.161E-02  1.517E-01
     731      1    110      1    109      1      53     1.0325E+02  9.636E+06  1.000E-30  3.596E+02
     732      1    111      1    109      1      53     6.2828E+02  2.442E+09  1.811E-07  4.026E+02
     733      1    114      1    113      1      54     7.1415E+00  2.940E+01  1.000E-30  6.070E-04
     735      1    115      1    114      1      54     4.2027E+02  2.450E+08  2.738E-03  3.582E-02
     736      1    117      1    116      1      54     8.2284E+01  2.073E+06  3.303E-02  6.995E-03
     737      1    118      1    117      1      54     6.5579E+01  6.897E+05  4.879E-07  9.900E+01
     739      1    120      1    119      1      54     2.7707E+01  8.175E+04  1.112E-01  2.368E-03
     740      1    121      1    120      1      54     3.4184E+01  2.174E+05  3.047E-06  3.527E+01
     743      1    122      1    121      1      54     1.1729E+01  1.900E+03  1.389E-06  1.004E+01
     745      1    124      1    119      1      54     9.4819E+02  1.449E+10  3.214E-05  3.134E+01
     746      1    124      1    121      1      54     8.8629E+02  4.617E+09  1.000E-30  1.768E+01
     747      1    123      1    120      1      54     9.0352E+02  1.685E+10  1.000E-30  5.148E+01
     749      1    124      1    123      1      54     1.6956E+01  3.281E+04  2.744E-02  1.155E-02
     750      1    125      1    120      1      54     9.3511E+02  3.061E+10  1.719E-05  4.300E+01
     753      1    125      1    122      1      54     8.8920E+02  1.125E+09  1.000E-30  3.419E+00
     754      1    125      1    124      1      54     1.4632E+01  1.998E+04  5.641E-06  2.233E+01
     757      1    126      1    121      1      54     9.0719E+02  5.167E+10  5.472E-05  1.499E+01
     759      1    126      1    125      1      54     6.2624E+00  5.500E+02  5.132E-06  5.173E+00
     761      1    127      1    122      1      54     9.0472E+02  8.611E+10  1.434E-04  6.865E+00
     763      1    127      1    126      1      54     9.2648E+00  6.590E+02  3.448E-06  2.036E+00
     765      1    129      1    121      1      54     1.3816E+03  3.581E+09  1.000E-30  9.973E+00
     767      1    129      1    123      1      54     5.1224E+02  2.524E+09  6.145E-05  1.810E+01
     768      1    129      1    125      1      54     4.8065E+02  1.241E+09  1.000E-30  1.082E+01
     770      1    128      1    120      1      54     1.4063E+03  1.412E+10  1.000E-30  5.137E+01
     772      1    128      1    124      1      54     4.8585E+02  3.622E+09  1.000E-30  3.177E+01
     775      1    129      1    128      1      54     9.4325E+00  6.610E+03  4.660E-02  7.982E-03
     777      1    130      1    120      1      54     1.4246E+03  1.808E+10  3.394E-05  3.639E+00
     779      1    130      1    122      1      54     1.3787E+03  7.489E+08  1.000E-30  4.675E+00
     780      1    130      1    124      1      54     5.0408E+02  4.800E+09  2.755E-05  2.686E+01
     783      1    130      1    126      1      54     4.8319E+02  4.621E+08  1.000E-30  2.059E+00
     785      1    130      1    129      1      54     8.7978E+00  5.727E+03  1.282E-05  1.296E+01
     788      1    131      1    121      1      54     1.3942E+03  3.954E+10  1.023E-05  1.690E+01
     790      1    131      1    125      1      54     4.9329E+02  7.813E+09  1.042E-04  7.400E+00
     791      1    131      1    127      1      54     4.7777E+02  1.243E+08  1.000E-30  8.086E-01
     793      1    131      1    130      1      54     3.8408E+00  1.886E+02  1.314E-05  3.002E+00
     795      1    132      1    122      1      54     1.3904E+03  4.206E+10  1.644E-05  8.059E+00
     797      1    132      1    126      1      54     4.9497E+02  1.240E+10  2.577E-04  3.361E+00
     799      1    132      1    131      1      54     7.9348E+00  7.664E+02  1.100E-05  1.182E+00
     800      1    133      1    127      1      54     4.8686E+02  1.748E+10  5.233E-04  1.908E+00
     801      1    133      1    132      1      54     1.1594E+00  6.813E-01  4.847E-06  5.943E-01
     802      1    134      1    124      1      54     7.8763E+02  3.456E+09  1.000E-30  3.170E+01
     804      1    134      1    129      1      54     2.9235E+02  1.017E+09  1.000E-30  1.834E+01
     808      1    135      1    123      1      54     8.1021E+02  2.693E+09  2.613E-05  1.148E+01
     809      1    135      1    125      1      54     7.7862E+02  1.108E+09  1.000E-30  1.002E+01
     811      1    135      1    128      1      54     3.0740E+02  5.980E+08  1.072E-04  1.137E+01
     812      1    135      1    130      1      54     2.8917E+02  3.892E+08  1.000E-30  5.779E+00
     814      1    135      1    134      1      54     5.6221E+00  1.760E+03  1.933E-04  3.036E+00
     815      1    136      1    124      1      54     7.9909E+02  5.013E+09  6.125E-06  3.168E+01
     818      1    136      1    126      1      54     7.7820E+02  3.661E+08  1.000E-30  4.984E+00
     819      1    136      1    129      1      54     3.0380E+02  1.085E+09  4.175E-05  1.831E+01
     822      1    136      1    131      1      54     2.9116E+02  1.772E+08  1.000E-30  2.876E+00
     825      1    136      1    135      1      54     5.8334E+00  2.100E+03  2.545E-05  8.208E+00
     827      1    137      1    125      1      54     7.8707E+02  7.506E+09  1.819E-05  1.003E+01
     828      1    137      1    127      1      54     7.7154E+02  8.380E+07  1.000E-30  3.014E+00
     830      1    137      1    130      1      54     2.9761E+02  1.683E+09  1.305E-04  5.796E+00
     831      1    137      1    132      1      54     2.8584E+02  6.991E+07  1.000E-30  1.734E+00
     833      1    137      1    136      1      54     2.6080E+00  7.825E+01  2.784E-05  1.878E+00
     835      1    138      1    126      1      54     7.8806E+02  9.683E+09  3.358E-05  4.988E+00
     837      1    138      1    131      1      54     3.0103E+02  2.635E+09  2.840E-04  2.880E+00
     838      1    138      1    133      1      54     2.9194E+02  2.262E+07  1.000E-30  1.164E+00
     840      1    138      1    137      1      54     7.2571E+00  8.273E+02  2.475E-05  7.407E-01
     841      1    139      1    127      1      54     7.7953E+02  8.613E+09  3.969E-05  3.018E+00
     842      1    139      1    132      1      54     2.9383E+02  3.414E+09  5.105E-04  1.738E+00
     843      1    139      1    138      1      54     7.3047E-01  3.186E-01  1.452E-05  3.709E-01
     844      1    140      1    133      1      54     2.9317E+02  4.724E+09  8.700E-04  1.162E+00
     845      1    140      1    139      1      54     5.0455E-01  3.989E-02  7.803E-06  2.145E-01
     846      1    141      1    124      1      54     9.8280E+02  2.752E+09  1.000E-30  3.167E+01
     847      1    141      1    129      1      54     4.8751E+02  1.060E+09  1.000E-30  1.829E+01
     851      1    141      1    135      1      54     1.8954E+02  3.398E+08  1.000E-30  1.149E+01
     853      1    142      1    123      1      54     1.0032E+03  2.258E+09  1.717E-05  7.717E+00
     854      1    142      1    125      1      54     9.7165E+02  8.415E+08  1.000E-30  1.004E+01
     856      1    142      1    128      1      54     5.0043E+02  6.948E+08  4.281E-05  7.674E+00
     857      1    142      1    130      1      54     4.8220E+02  3.833E+08  1.000E-30  5.802E+00
     859      1    142      1    134      1      54     1.9865E+02  1.761E+08  1.756E-04  7.582E+00
     861      1    142      1    136      1      54     1.8719E+02  1.394E+08  1.000E-30  4.859E+00
     863      1    142      1    141      1      54     3.4847E+00  4.614E+02  3.411E-04  1.894E+00
     864      1    143      1    124      1      54     9.9046E+02  4.169E+09  2.676E-06  3.167E+01
     865      1    143      1    126      1      54     9.6956E+02  2.603E+08  1.000E-30  4.999E+00
     866      1    143      1    129      1      54     4.9517E+02  1.249E+09  1.111E-05  1.829E+01
     869      1    143      1    131      1      54     4.8253E+02  1.589E+08  1.000E-30  2.892E+00
     872      1    143      1    135      1      54     1.9720E+02  3.097E+08  8.448E-05  9.441E+00
     874      1    143      1    137      1      54     1.8876E+02  7.172E+07  1.000E-30  9.774E-01
     877      1    143      1    142      1      54     4.1712E+00  9.125E+02  4.556E-05  5.451E+00
     878      1    144      1    125      1      54     9.7774E+02  5.925E+09  7.478E-06  1.005E+01
     879      1    144      1    127      1      54     9.6221E+02  5.428E+07  1.000E-30  3.030E+00
     881      1    144      1    130      1      54     4.8829E+02  1.848E+09  3.239E-05  5.807E+00
     882      1    144      1    132      1      54     4.7651E+02  5.661E+07  1.000E-30  1.750E+00
     884      1    144      1    136      1      54     1.9328E+02  4.626E+08  2.981E-04  2.547E+00
     885      1    144      1    138      1      54     1.8342E+02  3.272E+07  1.000E-30  3.384E-01
     887      1    144      1    143      1      54     1.9160E+00  3.883E+01  5.211E-05  1.256E+00
     888      1    145      1    126      1      54     9.7835E+02  6.818E+09  1.232E-05  5.003E+00
     890      1    145      1    131      1      54     4.9132E+02  2.526E+09  6.231E-05  2.895E+00
     891      1    145      1    133      1      54     4.8223E+02  1.464E+07  1.000E-30  1.178E+00
     893      1    145      1    137      1      54     1.9755E+02  7.242E+08  7.022E-04  1.134E+00
     894      1    145      1    139      1      54     1.8956E+02  1.671E+07  1.000E-30  1.697E-01
     896      1    145      1    144      1      54     6.8766E+00  8.974E+02  4.721E-05  4.951E-01
     897      1    146      1    127      1      54     9.6958E+02  4.899E+09  1.168E-05  3.031E+00
     898      1    146      1    132      1      54     4.8388E+02  2.724E+09  9.042E-05  1.751E+00
     899      1    146      1    138      1      54     1.9078E+02  8.682E+08  1.301E-03  6.338E-01
     900      1    146      1    140      1      54     1.8955E+02  5.122E+06  1.000E-30  1.114E-01
     901      1    146      1    145      1      54     4.8959E-01  1.363E-01  3.071E-05  2.492E-01
     902      1    147      1    133      1      54     4.8306E+02  2.284E+09  9.278E-05  1.177E+00
     903      1    147      1    139      1      54     1.9039E+02  1.163E+09  2.256E-03  4.036E-01
     904      1    147      1    146      1      54     3.3818E-01  2.268E-02  2.194E-05  1.441E-01
     905      1    148      1    140      1      54     1.9013E+02  1.540E+09  3.679E-03  2.788E-01
     906      1    148      1    147      1      54     2.4746E-01  3.524E-03  1.174E-05  9.028E-02
     907      1    149      1    124      1      54     1.1162E+03  2.123E+09  1.000E-30  3.167E+01
     908      1    149      1    129      1      54     6.2092E+02  8.998E+08  1.000E-30  1.828E+01
     910      1    149      1    135      1      54     3.2295E+02  3.787E+08  1.000E-30  1.150E+01
     913      1    149      1    142      1      54     1.2992E+02  1.298E+08  1.000E-30  7.704E+00
     915      1    150      1    123      1      54     1.1354E+03  1.801E+09  1.339E-05  5.447E+00
     916      1    150      1    125      1      54     1.1038E+03  6.322E+08  1.000E-30  1.005E+01
     917      1    150      1    128      1      54     6.3256E+02  6.239E+08  2.703E-05  5.404E+00
     918      1    150      1    130      1      54     6.1433E+02  3.142E+08  1.000E-30  5.814E+00
     919      1    150      1    134      1      54     3.3078E+02  2.180E+08  6.648E-05  5.370E+00
     921      1    150      1    136      1      54     3.1933E+02  1.492E+08  1.000E-30  2.896E+00
     923      1    150      1    141      1      54     1.3562E+02  6.075E+07  2.706E-04  5.334E+00
     925      1    150      1    143      1      54     1.2796E+02  5.575E+07  1.000E-30  3.482E+00
     927      1    150      1    149      1      54     2.2069E+00  1.247E+02  5.912E-04  1.163E+00
     928      1    151      1    124      1      54     1.1216E+03  3.301E+09  1.460E-06  3.165E+01
     929      1    151      1    126      1      54     1.1007E+03  1.871E+08  1.000E-30  5.011E+00
     930      1    151      1    129      1      54     6.2630E+02  1.117E+09  4.914E-06  1.827E+01
     931      1    151      1    131      1      54     6.1366E+02  1.227E+08  1.000E-30  2.903E+00
     933      1    151      1    135      1      54     3.2833E+02  3.814E+08  2.123E-05  1.003E+01
     935      1    151      1    137      1      54     3.1989E+02  7.062E+07  1.000E-30  6.306E-01
     937      1    151      1    142      1      54     1.3530E+02  1.048E+08  1.334E-04  6.263E+00
     939      1    151      1    144      1      54     1.2921E+02  3.111E+07  1.000E-30  7.149E-01
     941      1    151      1    150      1      54     3.1681E+00  4.696E+02  7.682E-05  3.798E+00
     942      1    152      1    125      1      54     1.1084E+03  4.532E+09  3.922E-06  1.006E+01
     943      1    152      1    127      1      54     1.0929E+03  3.666E+07  1.000E-30  3.040E+00
     944      1    152      1    130      1      54     6.1900E+02  1.601E+09  1.375E-05  5.819E+00
     945      1    152      1    132      1      54     6.0722E+02  4.085E+07  1.000E-30  1.760E+00
     947      1    152      1    136      1      54     3.2399E+02  5.548E+08  6.718E-05  2.878E+00
     948      1    152      1    138      1      54     3.1413E+02  3.049E+07  1.000E-30  3.636E-01
     950      1    152      1    143      1      54     1.3263E+02  1.519E+08  4.603E-04  1.676E+00
     951      1    152      1    145      1      54     1.2383E+02  1.502E+07  1.000E-30  2.507E-01
     953      1    152      1    151      1      54     1.4980E+00  2.162E+01  8.635E-05  8.829E-01
     954      1    153      1    126      1      54     1.1088E+03  4.861E+09  6.022E-06  5.012E+00
     955      1    153      1    131      1      54     6.2180E+02  2.028E+09  2.459E-05  2.905E+00
     956      1    153      1    133      1      54     6.1271E+02  9.303E+06  1.000E-30  1.189E+00
     958      1    153      1    137      1      54     3.2803E+02  7.823E+08  1.398E-04  1.342E+00
     959      1    153      1    139      1      54     3.2004E+02  1.284E+07  1.000E-30  2.753E-01
     961      1    153      1    144      1      54     1.3736E+02  2.433E+08  1.072E-03  7.423E-01
     962      1    153      1    146      1      54     1.2999E+02  9.852E+06  1.000E-30  1.202E-01
     963      1    153      1    152      1      54     6.6466E+00  9.749E+02  8.065E-05  3.487E-01
     964      1    154      1    127      1      54     1.0999E+03  3.084E+09  5.018E-06  3.042E+00
     965      1    154      1    132      1      54     6.1421E+02  1.944E+09  3.138E-05  1.761E+00
     966      1    154      1    138      1      54     3.2112E+02  8.711E+08  2.225E-04  7.790E-01
     967      1    154      1    140      1      54     3.1988E+02  3.208E+06  1.000E-30  2.188E-01
     968      1    154      1    145      1      54     1.3082E+02  2.696E+08  1.931E-03  4.117E-01
     969      1    154      1    147      1      54     1.3000E+02  4.548E+06  1.000E-30  7.330E-02
     970      1    154      1    153      1      54     3.4390E-01  6.051E-02  5.590E-05  1.754E-01
     971      1    155      1    133      1      54     6.1329E+02  1.282E+09  2.522E-05  1.188E+00
     972      1    155      1    139      1      54     3.2062E+02  9.184E+08  2.941E-04  5.107E-01
     973      1    155      1    146      1      54     1.3057E+02  3.497E+08  3.259E-03  2.607E-01
     974      1    155      1    148      1      54     1.2999E+02  1.410E+06  1.000E-30  5.381E-02
     975      1    155      1    154      1      54     2.3759E-01  1.122E-02  4.457E-05  1.012E-01
     976      1    156      1    124      1      54     1.2114E+03  1.638E+09  1.000E-30  3.165E+01
     977      1    156      1    129      1      54     7.1613E+02  7.285E+08  1.000E-30  1.827E+01
     978      1    156      1    135      1      54     4.1816E+02  3.381E+08  1.000E-30  1.151E+01
     980      1    156      1    142      1      54     2.2513E+02  1.526E+08  1.000E-30  7.712E+00
     983      1    156      1    150      1      54     9.3002E+01  5.539E+07  1.000E-30  5.406E+00
     985      1    157      1    123      1      54     1.2298E+03  1.423E+09  1.133E-05  4.000E+00
     986      1    157      1    125      1      54     1.1982E+03  4.781E+08  1.000E-30  1.006E+01
     987      1    157      1    128      1      54     7.2695E+02  5.239E+08  2.042E-05  3.957E+00
     988      1    157      1    130      1      54     7.0872E+02  2.487E+08  1.000E-30  5.821E+00
     989      1    157      1    134      1      54     4.2517E+02  2.068E+08  4.058E-05  3.929E+00
     990      1    157      1    136      1      54     4.1371E+02  1.291E+08  1.000E-30  2.007E+00
     991      1    157      1    141      1      54     2.3000E+02  7.959E+07  9.924E-05  3.906E+00
     993      1    157      1    143      1      54     2.2235E+02  6.338E+07  1.000E-30  2.189E+00
     995      1    157      1    149      1      54     9.6594E+01  2.368E+07  4.011E-04  3.882E+00
     997      1    157      1    151      1      54     9.1219E+01  2.427E+07  1.000E-30  2.574E+00
     999      1    157      1    156      1      54     1.3856E+00  3.172E+01  1.027E-03  6.887E-01
    1000      1    158      1    124      1      54     1.2153E+03  2.587E+09  8.992E-07  3.166E+01
    1001      1    158      1    126      1      54     1.1944E+03  1.374E+08  1.000E-30  5.018E+00
    1002      1    158      1    129      1      54     7.2004E+02  9.330E+08  2.701E-06  1.827E+01
    1003      1    158      1    131      1      54     7.0740E+02  9.341E+07  1.000E-30  2.911E+00
    1004      1    158      1    135      1      54     4.2207E+02  3.601E+08  9.079E-06  1.042E+01
    1005      1    158      1    137      1      54     4.1363E+02  5.822E+07  1.000E-30  7.843E-01
    1007      1    158      1    142      1      54     2.2904E+02  1.359E+08  3.373E-05  6.623E+00
    1009      1    158      1    144      1      54     2.2296E+02  3.303E+07  1.000E-30  4.394E-01
    1011      1    158      1    150      1      54     9.6914E+01  4.051E+07  2.018E-04  4.356E+00
    1012      1    158      1    152      1      54     9.2248E+01  1.438E+07  1.000E-30  5.410E-01
    1014      1    158      1    157      1      54     2.5273E+00  2.771E+02  1.235E-04  2.746E+00
    1015      1    159      1    125      1      54     1.2019E+03  3.476E+09  2.357E-06  1.007E+01
    1016      1    159      1    127      1      54     1.1864E+03  2.582E+07  1.000E-30  3.049E+00
    1017      1    159      1    130      1      54     7.1248E+02  1.310E+09  7.366E-06  5.826E+00
    1018      1    159      1    132      1      54     7.0070E+02  2.955E+07  1.000E-30  1.768E+00
    1019      1    159      1    136      1      54     4.1747E+02  5.140E+08  2.709E-05  3.091E+00
    1020      1    159      1    138      1      54     4.0761E+02  2.394E+07  1.000E-30  5.396E-01
    1022      1    159      1    143      1      54     2.2610E+02  1.941E+08  1.057E-04  1.882E+00
    1023      1    159      1    145      1      54     2.1731E+02  1.580E+07  1.000E-30  2.204E-01
    1025      1    159      1    151      1      54     9.4977E+01  5.716E+07  6.825E-04  1.159E+00
    1026      1    159      1    153      1      54     8.6832E+01  6.981E+06  1.000E-30  1.917E-01
    1028      1    159      1    158      1      54     1.2307E+00  1.364E+01  1.353E-04  6.412E-01
    1029      1    160      1    126      1      54     1.2022E+03  3.557E+09  3.453E-06  5.020E+00
    1030      1    160      1    131      1      54     7.1513E+02  1.578E+09  1.255E-05  2.912E+00
    1031      1    160      1    133      1      54     7.0604E+02  6.248E+06  1.000E-30  1.196E+00
    1032      1    160      1    137      1      54     4.2136E+02  6.838E+08  5.237E-05  1.478E+00
    1033      1    160      1    139      1      54     4.1337E+02  9.017E+06  1.000E-30  4.011E-01
    1035      1    160      1    144      1      54     2.3069E+02  2.805E+08  2.221E-04  8.714E-01
    1036      1    160      1    146      1      54     2.2332E+02  8.497E+06  1.000E-30  1.634E-01
    1037      1    160      1    152      1      54     9.9979E+01  9.551E+07  1.592E-03  5.092E-01
    1038      1    160      1    154      1      54     9.2988E+01  5.535E+06  1.000E-30  9.098E-02
    1039      1    160      1    159      1      54     6.4994E+00  1.061E+03  1.285E-04  2.547E-01
    1040      1    161      1    127      1      54     1.1932E+03  2.080E+09  2.646E-06  3.048E+00
    1041      1    161      1    132      1      54     7.0745E+02  1.402E+09  1.474E-05  1.769E+00
    1042      1    161      1    138      1      54     4.1436E+02  7.163E+08  7.627E-05  8.696E-01
    1043      1    161      1    140      1      54     4.1312E+02  1.996E+06  1.000E-30  3.100E-01
    1044      1    161      1    145      1      54     2.2406E+02  3.082E+08  3.580E-04  5.042E-01
    1045      1    161      1    147      1      54     2.2323E+02  3.367E+06  1.000E-30  1.311E-01
    1046      1    161      1    153      1      54     9.3583E+01  9.565E+07  2.741E-03  2.813E-01
    1047      1    161      1    155      1      54     9.3001E+01  3.067E+06  1.000E-30  5.286E-02
    1048      1    161      1    160      1      54     2.5061E-01  2.813E-02  9.202E-05  1.280E-01
    1049      1    162      1    133      1      54     7.0646E+02  8.038E+08  1.028E-05  1.195E+00
    1050      1    162      1    139      1      54     4.1380E+02  6.528E+08  8.548E-05  5.809E-01
    1051      1    162      1    146      1      54     2.2375E+02  3.489E+08  5.093E-04  3.297E-01
    1052      1    162      1    148      1      54     2.2316E+02  8.516E+05  1.000E-30  1.086E-01
    1053      1    162      1    154      1      54     9.3412E+01  1.218E+08  4.550E-03  1.779E-01
    1054      1    162      1    161      1      54     1.7317E-01  5.554E-03  7.806E-05  7.383E-02
    1381      1    165      1    164      1       1     1.0199E+01  5.639E+01  2.708E-05  1.338E-02
    1384      1    167      1    164      1       1     1.0199E+01  1.128E+02  5.416E-05  1.338E-02
    1387      1    169      1    164      1       1     1.2088E+01  5.179E+01  1.095E-05  1.954E-02
    1389      1    169      1    166      1       1     1.8887E+00  1.086E+00  2.670E-06  1.891E-02
    1392      1    168      1    165      1       1     1.8887E+00  3.397E-02  1.573E-07  1.042E-02
    1394      1    168      1    167      1       1     1.8886E+00  6.793E-02  3.147E-07  1.042E-02
    1396      1    170      1    165      1       1     1.8887E+00  1.738E+00  1.200E-05  7.438E-03
    1398      1    170      1    167      1       1     1.8887E+00  3.475E+00  2.398E-05  7.441E-03
    1399      1    172      1    164      1       1     1.2749E+01  1.867E+01  3.005E-06  2.573E-02
    1401      1    172      1    166      1       1     2.5497E+00  5.300E-01  9.799E-08  1.445E-01
    1404      1    172      1    168      1       1     6.6104E-01  4.357E-02  5.267E-07  3.014E-02
    1405      1    172      1    170      1       1     6.6103E-01  4.939E-03  6.525E-08  2.715E-02
    1407      1    171      1    165      1       1     2.5497E+00  1.572E-02  1.673E-08  2.739E-02
    1409      1    171      1    167      1       1     2.5497E+00  3.145E-02  3.346E-08  2.739E-02
    1410      1    171      1    169      1       1     6.6103E-01  8.705E-03  9.998E-08  3.102E-02
    1414      1    173      1    165      1       1     2.5497E+00  6.290E-01  8.470E-07  2.179E-02
    1416      1    173      1    167      1       1     2.5497E+00  1.260E+00  1.697E-06  2.179E-02
    1417      1    173      1    169      1       1     6.6104E-01  1.668E-01  2.358E-06  2.542E-02
    1425      1    174      1    170      1       1     6.6103E-01  4.578E-01  8.873E-06  1.865E-02
    1426      1    176      1    164      1       1     1.3054E+01  2.817E+00  1.024E-06  3.486E-02
    1428      1    176      1    166      1       1     2.8557E+00  8.883E-02  1.106E-07  5.950E-02
    1430      1    176      1    168      1       1     9.6701E-01  9.953E-03  8.968E-08  6.373E-02
    1431      1    176      1    170      1       1     9.6699E-01  9.072E-04  8.477E-09  6.075E-02
    1433      1    176      1    171      1       1     3.0597E-01  1.415E-03  8.452E-08  7.942E-02
    1434      1    176      1    173      1       1     3.0596E-01  3.618E-04  2.307E-08  7.382E-02
    1437      1    175      1    165      1       1     2.8557E+00  2.559E-03  3.045E-09  6.211E-02
    1439      1    175      1    167      1       1     2.8556E+00  5.118E-03  6.090E-09  6.211E-02
    1440      1    175      1    169      1       1     9.6700E-01  1.830E-03  1.580E-08  6.574E-02
    1443      1    175      1    172      1       1     3.0596E-01  4.128E-04  2.408E-08  8.054E-02
    1447      1    177      1    165      1       1     2.8557E+00  9.391E-02  1.315E-07  5.315E-02
    1449      1    177      1    167      1       1     2.8557E+00  1.876E-01  2.627E-07  5.315E-02
    1450      1    177      1    169      1       1     9.6700E-01  3.423E-02  3.421E-07  5.678E-02
    1453      1    177      1    172      1       1     3.0597E-01  4.760E-03  3.104E-07  7.158E-02
    1456      1    177      1    174      1       1     3.0596E-01  1.616E-04  1.205E-08  6.308E-02
    1461      1    178      1    170      1       1     9.6699E-01  6.433E-02  7.846E-07  4.665E-02
    1463      1    178      1    173      1       1     3.0596E-01  1.158E-02  9.069E-07  5.972E-02
    1469      1    179      1    174      1       1     3.0596E-01  2.458E-02  2.521E-06  4.509E-02
    1470      1    181      1    164      1       1     1.3221E+01  1.892E-01  4.420E-07  4.398E-02
    1472      1    181      1    166      1       1     3.0219E+00  6.256E-03  2.883E-08  1.209E-01
    1473      1    181      1    168      1       1     1.1332E+00  7.843E-04  2.250E-08  1.251E-01
    1474      1    181      1    170      1       1     1.1332E+00  6.429E-05  1.870E-09  1.221E-01
    1476      1    181      1    171      1       1     4.7217E-01  1.525E-04  1.860E-08  1.408E-01
    1477      1    181      1    173      1       1     4.7216E-01  3.224E-05  4.073E-09  1.352E-01
    1480      1    181      1    175      1       1     1.6620E-01  2.932E-05  6.713E-09  1.749E-01
    1481      1    181      1    177      1       1     1.6620E-01  1.155E-05  2.825E-09  1.660E-01
    1484      1    180      1    165      1       1     3.0219E+00  1.791E-04  7.989E-10  1.249E-01
    1486      1    180      1    167      1       1     3.0218E+00  3.576E-04  1.595E-09  1.249E-01
    1487      1    180      1    169      1       1     1.1332E+00  1.387E-04  3.841E-09  1.285E-01
    1488      1    180      1    172      1       1     4.7217E-01  4.073E-05  4.864E-09  1.433E-01
    1491      1    180      1    176      1       1     1.6620E-01  1.077E-05  2.477E-09  1.763E-01
    1495      1    182      1    165      1       1     3.0219E+00  6.250E-03  3.120E-08  1.118E-01
    1497      1    182      1    167      1       1     3.0219E+00  1.253E-02  6.258E-08  1.118E-01
    1498      1    182      1    169      1       1     1.1332E+00  2.569E-03  7.912E-08  1.154E-01
    1499      1    182      1    172      1       1     4.7217E-01  4.921E-04  6.441E-08  1.302E-01
    1502      1    182      1    174      1       1     4.7216E-01  1.223E-05  1.721E-09  1.217E-01
    1503      1    182      1    176      1       1     1.6620E-01  9.022E-05  2.214E-08  1.632E-01
    1506      1    182      1    178      1       1     1.6620E-01  7.845E-06  2.137E-09  1.491E-01
    1509      1    183      1    170      1       1     1.1332E+00  4.111E-03  1.445E-07  1.012E-01
    1511      1    183      1    173      1       1     4.7216E-01  1.026E-03  1.533E-07  1.143E-01
    1513      1    183      1    177      1       1     1.6620E-01  2.033E-04  5.667E-08  1.450E-01
    1514      1    183      1    179      1       1     1.6620E-01  3.197E-06  1.053E-09  1.270E-01
    1517      1    184      1    174      1       1     4.7216E-01  1.407E-03  2.543E-07  9.416E-02
    1519      1    184      1    178      1       1     1.6620E-01  4.009E-04  1.312E-07  1.216E-01
    1521      1    185      1    179      1       1     1.6620E-01  7.280E-04  3.103E-07  9.458E-02
    1523      1    186      1    165      1       1     3.1221E+00  1.393E-05  2.124E-10  2.280E-01
    1524      1    186      1    167      1       1     3.1221E+00  2.785E-05  4.249E-10  2.280E-01
    1525      1    186      1    169      1       1     1.2334E+00  1.127E-05  6.024E-10  2.317E-01
    1526      1    186      1    172      1       1     5.7238E-01  3.630E-06  1.000E-30  2.465E-01
    1527      1    186      1    176      1       1     2.6642E-01  1.258E-06  1.000E-30  2.795E-01
    1530      1    186      1    181      1       1     1.0021E-01  3.697E-07  1.000E-30  3.405E-01
    1533      1    187      1    164      1       1     1.3321E+01  1.441E-02  2.044E-07  5.550E-02
    1534      1    187      1    166      1       1     3.1221E+00  4.899E-04  7.664E-09  2.224E-01
    1535      1    187      1    168      1       1     1.2334E+00  6.517E-05  3.626E-09  2.267E-01
    1536      1    187      1    170      1       1     1.2334E+00  5.007E-06  2.769E-10  2.237E-01
    1537      1    187      1    171      1       1     5.7238E-01  1.417E-05  1.000E-30  2.424E-01
    1538      1    187      1    173      1       1     5.7238E-01  2.698E-06  1.000E-30  2.368E-01
    1540      1    187      1    175      1       1     2.6642E-01  3.716E-06  1.000E-30  2.765E-01
    1541      1    187      1    177      1       1     2.6642E-01  1.234E-06  1.000E-30  2.675E-01
    1544      1    187      1    180      1       1     1.0022E-01  8.586E-07  1.000E-30  3.389E-01
    1545      1    187      1    182      1       1     1.0021E-01  4.478E-07  1.000E-30  3.259E-01
    1548      1    188      1    165      1       1     3.1221E+00  4.745E-04  7.864E-09  2.101E-01
    1549      1    188      1    167      1       1     3.1221E+00  9.490E-04  1.573E-08  2.101E-01
    1550      1    188      1    169      1       1     1.2334E+00  2.069E-04  1.199E-08  2.138E-01
    1551      1    188      1    172      1       1     5.7238E-01  4.457E-05  1.000E-30  2.286E-01
    1552      1    188      1    174      1       1     5.7238E-01  9.385E-07  1.000E-30  2.201E-01
    1553      1    188      1    176      1       1     2.6642E-01  1.129E-05  1.000E-30  2.616E-01
    1556      1    188      1    178      1       1     2.6642E-01  7.433E-07  1.000E-30  2.475E-01
    1558      1    188      1    181      1       1     1.0022E-01  2.492E-06  1.000E-30  3.226E-01
    1561      1    188      1    183      1       1     1.0021E-01  3.688E-07  1.000E-30  3.017E-01
    1564      1    189      1    170      1       1     1.2334E+00  3.040E-04  1.933E-08  1.947E-01
    1565      1    189      1    173      1       1     5.7238E-01  8.581E-05  1.000E-30  2.077E-01
    1567      1    189      1    177      1       1     2.6642E-01  2.361E-05  1.000E-30  2.385E-01
    1568      1    189      1    179      1       1     2.6642E-01  2.524E-07  1.000E-30  2.205E-01
    1570      1    189      1    182      1       1     1.0021E-01  5.310E-06  1.000E-30  2.968E-01
    1571      1    189      1    184      1       1     1.0021E-01  2.273E-07  1.000E-30  2.693E-01
    1573      1    190      1    174      1       1     5.7238E-01  9.701E-05  1.000E-30  1.812E-01
    1575      1    190      1    178      1       1     2.6642E-01  3.842E-05  1.000E-30  2.086E-01
    1577      1    190      1    183      1       1     1.0021E-01  9.913E-06  1.000E-30  2.628E-01
    1578      1    190      1    185      1       1     1.0021E-01  8.827E-08  1.000E-30  2.303E-01
    1580      1    191      1    179      1       1     2.6642E-01  4.358E-05  1.000E-30  1.735E-01
    1581      1    191      1    184      1       1     1.0021E-01  1.711E-05  1.000E-30  2.223E-01
    1583      1    192      1    185      1       1     1.0021E-01  2.821E-05  1.000E-30  1.774E-01
    1585      1    193      1    165      1       1     3.1872E+00  1.431E-06  8.165E-11  3.862E-01
    1586      1    193      1    167      1       1     3.1871E+00  2.862E-06  1.633E-10  3.862E-01
    1587      1    193      1    169      1       1     1.2985E+00  1.183E-06  2.343E-10  3.899E-01
    1588      1    193      1    172      1       1     6.3742E-01  3.985E-07  1.307E-11  4.047E-01
    1589      1    193      1    176      1       1     3.3146E-01  1.518E-07  1.000E-30  4.377E-01
    1590      1    193      1    181      1       1     1.6526E-01  5.908E-08  1.000E-30  4.987E-01
    1594      1    193      1    187      1       1     6.5043E-02  1.880E-08  6.059E-12  6.001E-01
    1596      1    194      1    164      1       1     1.3386E+01  1.460E-03  1.604E-08  3.873E-01
    1597      1    194      1    166      1       1     3.1871E+00  5.062E-05  2.945E-09  3.788E-01
    1598      1    194      1    168      1       1     1.2985E+00  6.913E-06  1.418E-09  3.830E-01
    1599      1    194      1    170      1       1     1.2985E+00  5.132E-07  1.043E-10  3.800E-01
    1600      1    194      1    171      1       1     6.3743E-01  1.601E-06  6.364E-11  3.987E-01
    1601      1    194      1    173      1       1     6.3742E-01  2.850E-07  1.006E-11  3.931E-01
    1602      1    194      1    175      1       1     3.3146E-01  4.690E-07  1.000E-30  4.328E-01
    1603      1    194      1    177      1       1     3.3146E-01  1.422E-07  1.000E-30  4.239E-01
    1605      1    194      1    180      1       1     1.6526E-01  1.477E-07  1.000E-30  4.953E-01
    1606      1    194      1    182      1       1     1.6526E-01  6.650E-08  1.000E-30  4.822E-01
    1608      1    194      1    186      1       1     6.5044E-02  3.897E-08  1.260E-11  5.982E-01
    1610      1    194      1    188      1       1     6.5043E-02  2.470E-08  8.231E-12  5.803E-01
    1613      1    195      1    165      1       1     3.1872E+00  4.802E-05  2.919E-09  3.627E-01
    1614      1    195      1    167      1       1     3.1871E+00  9.603E-05  5.837E-09  3.627E-01
    1615      1    195      1    169      1       1     1.2985E+00  2.162E-05  4.559E-09  3.664E-01
    1616      1    195      1    172      1       1     6.3742E-01  4.951E-06  1.724E-10  3.812E-01
    1617      1    195      1    174      1       1     6.3742E-01  9.402E-08  3.783E-12  3.727E-01
    1618      1    195      1    176      1       1     3.3146E-01  1.411E-06  1.000E-30  4.142E-01
    1619      1    195      1    178      1       1     3.3146E-01  7.951E-08  1.000E-30  4.001E-01
    1620      1    195      1    181      1       1     1.6526E-01  4.301E-07  1.000E-30  4.752E-01
    1623      1    195      1    183      1       1     1.6526E-01  4.957E-08  1.000E-30  4.543E-01
    1626      1    195      1    187      1       1     6.5044E-02  1.081E-07  3.625E-11  5.766E-01
    1628      1    195      1    189      1       1     6.5043E-02  2.282E-08  8.060E-12  5.476E-01
    1631      1    196      1    170      1       1     1.2985E+00  3.016E-05  6.818E-09  3.417E-01
    1632      1    196      1    173      1       1     6.3742E-01  9.070E-06  3.550E-10  3.547E-01
    1633      1    196      1    177      1       1     3.3146E-01  2.815E-06  1.000E-30  3.855E-01
    1634      1    196      1    179      1       1     3.3146E-01  2.440E-08  1.000E-30  3.675E-01
    1636      1    196      1    182      1       1     1.6526E-01  8.784E-07  1.000E-30  4.438E-01
    1637      1    196      1    184      1       1     1.6526E-01  2.666E-08  1.000E-30  4.163E-01
    1639      1    196      1    188      1       1     6.5043E-02  2.209E-07  7.884E-11  5.420E-01
    1640      1    196      1    190      1       1     6.5043E-02  1.697E-08  6.523E-12  5.031E-01
    1642      1    197      1    174      1       1     6.3742E-01  9.194E-06  4.300E-10  3.207E-01
    1643      1    197      1    178      1       1     3.3146E-01  4.117E-06  1.000E-30  3.481E-01
    1645      1    197      1    183      1       1     1.6526E-01  1.481E-06  1.000E-30  4.023E-01
    1646      1    197      1    185      1       1     1.6526E-01  8.550E-09  1.000E-30  3.699E-01
    1648      1    197      1    189      1       1     6.5043E-02  3.944E-07  1.539E-10  4.956E-01
    1649      1    197      1    191      1       1     6.5043E-02  9.963E-09  4.296E-12  4.486E-01
    1651      1    198      1    179      1       1     3.3146E-01  3.757E-06  1.000E-30  3.037E-01
    1652      1    198      1    184      1       1     1.6526E-01  2.068E-06  1.000E-30  3.525E-01
    1653      1    198      1    190      1       1     6.5043E-02  6.588E-07  2.901E-10  4.393E-01
    1654      1    198      1    192      1       1     6.5043E-02  3.751E-09  1.878E-12  3.864E-01
    1656      1    199      1    185      1       1     1.6526E-01  2.062E-06  1.000E-30  2.964E-01
    1657      1    199      1    191      1       1     6.5043E-02  1.043E-06  5.376E-10  3.752E-01
    1659      1    200      1    192      1       1     6.5043E-02  1.602E-06  1.012E-09  3.061E-01
    1661      1    201      1    165      1       1     3.2317E+00  1.873E-07  3.521E-11  6.162E-01
    1662      1    201      1    167      1       1     3.2317E+00  3.747E-07  7.042E-11  6.162E-01
    1663      1    201      1    169      1       1     1.3431E+00  1.570E-07  1.016E-10  6.199E-01
    1664      1    201      1    172      1       1     6.8202E-01  5.451E-08  1.817E-11  6.347E-01
    1665      1    201      1    176      1       1     3.7605E-01  2.172E-08  1.000E-30  6.677E-01
    1666      1    201      1    181      1       1     2.0985E-01  9.302E-09  1.000E-30  7.287E-01
    1668      1    201      1    187      1       1     1.0964E-01  3.928E-09  1.743E-12  8.301E-01
    1673      1    202      1    164      1       1     1.3431E+01  1.893E-04  6.936E-09  6.151E-01
    1674      1    202      1    166      1       1     3.2317E+00  6.659E-06  1.271E-09  6.067E-01
    1675      1    202      1    168      1       1     1.3431E+00  9.336E-07  6.229E-10  6.109E-01
    1676      1    202      1    170      1       1     1.3430E+00  6.680E-08  4.406E-11  6.079E-01
    1677      1    202      1    171      1       1     6.8202E-01  2.221E-07  7.900E-11  6.266E-01
    1678      1    202      1    173      1       1     6.8201E-01  3.808E-08  1.314E-11  6.210E-01
    1679      1    202      1    175      1       1     3.7606E-01  6.900E-08  1.000E-30  6.607E-01
    1680      1    202      1    177      1       1     3.7605E-01  1.965E-08  1.000E-30  6.517E-01
    1681      1    202      1    180      1       1     2.0985E-01  2.444E-08  1.000E-30  7.231E-01
    1682      1    202      1    182      1       1     2.0985E-01  1.001E-08  1.000E-30  7.101E-01
    1683      1    202      1    186      1       1     1.0964E-01  8.759E-09  3.907E-12  8.261E-01
    1685      1    202      1    188      1       1     1.0964E-01  4.845E-09  2.209E-12  8.082E-01
    1687      1    202      1    193      1       1     4.4594E-02  2.533E-09  8.655E-13  9.842E-01
    1689      1    202      1    195      1       1     4.4593E-02  1.850E-09  6.474E-13  9.607E-01
    1692      1    203      1    165      1       1     3.2317E+00  6.229E-06  1.231E-09  5.864E-01
    1693      1    203      1    167      1       1     3.2317E+00  1.246E-05  2.461E-09  5.864E-01
    1694      1    203      1    169      1       1     1.3431E+00  2.861E-06  1.946E-09  5.900E-01
    1695      1    203      1    172      1       1     6.8202E-01  6.797E-07  2.377E-10  6.048E-01
    1696      1    203      1    174      1       1     6.8201E-01  1.209E-08  4.443E-12  5.963E-01
    1697      1    203      1    176      1       1     3.7605E-01  2.059E-07  1.000E-30  6.378E-01
    1698      1    203      1    178      1       1     3.7605E-01  1.050E-08  1.000E-30  6.237E-01
    1699      1    203      1    181      1       1     2.0985E-01  7.067E-08  1.000E-30  6.989E-01
    1700      1    203      1    183      1       1     2.0985E-01  7.044E-09  1.000E-30  6.779E-01
    1702      1    203      1    187      1       1     1.0964E-01  2.446E-08  1.126E-11  8.003E-01
    1704      1    203      1    189      1       1     1.0964E-01  4.109E-09  1.963E-12  7.712E-01
    1706      1    203      1    194      1       1     4.4594E-02  6.772E-09  2.381E-12  9.564E-01
    1708      1    203      1    196      1       1     4.4593E-02  1.850E-09  6.776E-13  9.181E-01
    1710      1    204      1    170      1       1     1.3430E+00  3.867E-06  2.774E-09  5.590E-01
    1711      1    204      1    173      1       1     6.8202E-01  1.206E-06  4.515E-10  5.721E-01
    1712      1    204      1    177      1       1     3.7605E-01  3.986E-07  1.000E-30  6.028E-01
    1713      1    204      1    179      1       1     3.7605E-01  3.029E-09  1.000E-30  5.848E-01
    1714      1    204      1    182      1       1     2.0985E-01  1.408E-07  1.000E-30  6.612E-01
    1715      1    204      1    184      1       1     2.0985E-01  3.499E-09  1.000E-30  6.336E-01
    1717      1    204      1    188      1       1     1.0964E-01  4.892E-08  2.374E-11  7.593E-01
    1718      1    204      1    190      1       1     1.0964E-01  2.755E-09  1.409E-12  7.204E-01
    1720      1    204      1    195      1       1     4.4593E-02  1.340E-08  4.943E-12  9.117E-01
    1723      1    205      1    174      1       1     6.8201E-01  1.146E-06  4.744E-10  5.296E-01
    1724      1    205      1    178      1       1     3.7605E-01  5.462E-07  1.000E-30  5.570E-01
    1725      1    205      1    183      1       1     2.0985E-01  2.225E-07  1.000E-30  6.112E-01
    1728      1    205      1    189      1       1     1.0964E-01  8.284E-08  4.333E-11  7.045E-01
    1731      1    205      1    196      1       1     4.4593E-02  2.326E-08  9.188E-12  8.513E-01
    1734      1    206      1    179      1       1     3.7605E-01  4.383E-07  1.000E-30  5.020E-01
    1735      1    206      1    184      1       1     2.0985E-01  2.735E-07  1.000E-30  5.507E-01
    1736      1    206      1    190      1       1     1.0964E-01  1.220E-07  7.052E-11  6.376E-01
    1738      1    206      1    197      1       1     4.4593E-02  3.781E-08  1.636E-11  7.770E-01
    1741      1    207      1    185      1       1     2.0985E-01  2.148E-07  1.000E-30  4.820E-01
    1742      1    207      1    191      1       1     1.0964E-01  1.522E-07  1.000E-10  5.608E-01
    1743      1    207      1    198      1       1     4.4593E-02  5.794E-08  2.820E-11  6.908E-01
    1746      1    208      1    185      1       1     2.4771E-01  3.243E-08  1.000E-30  7.533E-01
    1747      1    208      1    191      1       1     1.4750E-01  2.809E-08  3.145E-11  8.320E-01
    1748      1    208      1    198      1       1     8.2456E-02  1.711E-08  8.001E-12  9.621E-01
    1750      1    208      1    206      1       1     3.7863E-02  8.812E-09  2.994E-12  1.160E+00
    1752      1    209      1    170      1       1     1.3809E+00  6.206E-07  1.270E-09  8.657E-01
    1753      1    209      1    173      1       1     7.1991E-01  2.018E-07  3.074E-10  8.787E-01
    1754      1    209      1    177      1       1     4.1395E-01  7.098E-08  1.000E-30  9.095E-01
    1756      1    209      1    182      1       1     2.4775E-01  2.779E-08  1.000E-30  9.678E-01
    1758      1    209      1    188      1       1     1.4753E-01  1.170E-08  1.022E-11  1.066E+00
    1761      1    209      1    195      1       1     8.2489E-02  5.074E-09  1.872E-12  1.218E+00
    1764      1    209      1    203      1       1     3.7896E-02  2.187E-09  5.968E-13  1.442E+00
    1767      1    210      1    179      1       1     4.1400E-01  6.881E-08  1.000E-30  7.874E-01
    1768      1    210      1    184      1       1     2.4780E-01  4.773E-08  1.000E-30  8.361E-01
    1769      1    210      1    190      1       1     1.4759E-01  2.593E-08  2.614E-11  9.230E-01
    1771      1    210      1    197      1       1     8.2546E-02  1.279E-08  5.405E-12  1.062E+00
    1773      1    210      1    205      1       1     3.7953E-02  5.893E-09  1.819E-12  1.271E+00
    1775      1    211      1    164      1       1     1.3469E+01  3.039E-05  3.308E-09  9.336E-01
    1776      1    211      1    166      1       1     3.2697E+00  1.078E-06  6.027E-10  9.251E-01
    1777      1    211      1    168      1       1     1.3810E+00  1.543E-07  2.987E-10  9.294E-01
    1778      1    211      1    170      1       1     1.3810E+00  1.089E-08  2.082E-11  9.264E-01
    1779      1    211      1    171      1       1     7.2000E-01  3.836E-08  5.571E-11  9.451E-01
    1780      1    211      1    173      1       1     7.1999E-01  6.388E-09  9.104E-12  9.395E-01
    1781      1    211      1    175      1       1     4.1404E-01  1.267E-08  1.000E-30  9.792E-01
    1782      1    211      1    177      1       1     4.1403E-01  3.455E-09  1.000E-30  9.702E-01
    1783      1    211      1    180      1       1     2.4783E-01  4.940E-09  1.000E-30  1.042E+00
    1784      1    211      1    182      1       1     2.4783E-01  1.911E-09  1.000E-30  1.029E+00
    1785      1    211      1    186      1       1     1.4762E-01  2.128E-09  1.728E-12  1.145E+00
    1796      1    212      1    165      1       1     3.2697E+00  9.994E-07  5.745E-10  9.001E-01
    1797      1    212      1    167      1       1     3.2697E+00  1.999E-06  1.149E-09  9.001E-01
    1798      1    212      1    169      1       1     1.3810E+00  4.708E-07  9.233E-10  9.038E-01
    1799      1    212      1    172      1       1     7.2001E-01  1.159E-07  1.677E-10  9.186E-01
    1800      1    212      1    174      1       1     7.2000E-01  1.976E-09  2.950E-12  9.101E-01
    1801      1    212      1    176      1       1     4.1404E-01  3.751E-08  1.000E-30  9.516E-01
    1803      1    212      1    181      1       1     2.4784E-01  1.426E-08  1.000E-30  1.013E+00
    1805      1    212      1    187      1       1     1.4763E-01  5.951E-09  4.967E-12  1.114E+00
    1808      1    212      1    194      1       1     8.2583E-02  2.598E-09  9.175E-13  1.270E+00
    1815      1    213      1    165      1       1     3.2697E+00  3.025E-08  1.670E-11  9.371E-01
    1816      1    213      1    167      1       1     3.2697E+00  6.050E-08  3.340E-11  9.371E-01
    1817      1    213      1    169      1       1     1.3810E+00  2.589E-08  4.878E-11  9.407E-01
    1818      1    213      1    172      1       1     7.2001E-01  9.258E-09  1.287E-11  9.555E-01
    1819      1    213      1    176      1       1     4.1404E-01  3.899E-09  1.000E-30  9.885E-01
    1820      1    213      1    181      1       1     2.4784E-01  1.827E-09  1.000E-30  1.050E+00
    1829      1    214      1    174      1       1     7.2002E-01  1.827E-07  3.002E-10  8.268E-01
    1830      1    214      1    178      1       1     4.1406E-01  9.292E-08  1.000E-30  8.542E-01
    1831      1    214      1    183      1       1     2.4786E-01  4.208E-08  1.000E-30  9.084E-01
    1833      1    214      1    189      1       1     1.4764E-01  1.897E-08  1.761E-11  1.002E+00
    1836      1    214      1    196      1       1     8.2598E-02  8.565E-09  3.344E-12  1.149E+00
    1838      1    214      1    204      1       1     3.8005E-02  3.771E-09  1.080E-12  1.366E+00
