#  File format type:   4
#
#  SPECT3D transition powers file.
#  RUN NAME:  xe_20-200ev_1e18-1e21_4mm
#  Total number of transitions   =     1890
#  Number of written transitions =      873
#  Plasma temperature (eV)       =     2.0000E+02
#  Mass density (g/cm3)          =     4.4865E-06
#  Cell areal density (g/cm2)    =     1.7946E-06
#  Material mass fractions       =     1.0000E+00
#  DCA material number fractions =     1.3000E-02    9.8700E-01
# -----------------------------------------------------
#
#
#   Trans.  Trans  Upper  Upper  Lower  Lower   Ioniz   Energy     Line Power Line Center Line Width
#   Index   Model  Level  Model  Level  Model   Stage   (eV)       (W/cm2)    Opt. Depth      eV
# --------------------------------------------------------------------------------------------------
       1      1      3      1      2      1      52     1.1982E+02  1.736E+06  4.099E-14  1.138E-02
       2      1      4      1      2      1      52     4.9234E+02  4.930E+08  2.612E-03  4.698E-02
       4      1      6      1      5      1      52     1.0651E+02  6.605E+06  4.115E-06  7.871E+01
       6      1      7      1      6      1      52     6.8034E+01  8.659E+05  5.737E-07  9.466E+01
       7      1      9      1      8      1      52     3.8672E+01  3.847E+05  1.373E-05  2.871E+01
       9      1     10      1      9      1      52     3.4641E+01  2.478E+05  3.757E-06  3.134E+01
      11      1     11      1     10      1      52     9.4480E+00  8.616E+02  1.420E-06  8.523E+00
      13      1     12      1      9      1      52     8.3242E+02  1.426E+10  1.000E-30  4.475E+01
      14      1     13      1      8      1      52     8.9349E+02  1.134E+10  3.455E-05  2.726E+01
      16      1     13      1     10      1      52     8.2018E+02  3.772E+09  1.000E-30  1.546E+01
      17      1     13      1     12      1      52     2.2396E+01  1.092E+05  3.482E-05  1.654E+01
      19      1     14      1      9      1      52     8.6975E+02  2.420E+10  1.937E-05  3.751E+01
      21      1     14      1     11      1      52     8.2566E+02  8.999E+08  1.000E-30  2.944E+00
      23      1     14      1     13      1      52     1.4925E+01  2.322E+04  6.831E-06  2.020E+01
      25      1     15      1     10      1      52     8.3968E+02  4.093E+10  6.379E-05  1.284E+01
      28      1     15      1     14      1      52     4.5752E+00  1.699E+02  4.810E-06  4.371E+00
      30      1     16      1     11      1      52     8.3260E+02  6.670E+10  1.657E-04  5.905E+00
      32      1     16      1     15      1      52     2.3647E+00  7.081E+00  2.610E-06  1.738E+00
      34      1     17      1      9      1      52     1.3019E+03  1.196E+10  1.000E-30  4.466E+01
      36      1     17      1     13      1      52     4.4709E+02  3.032E+09  1.000E-30  2.760E+01
      38      1     18      1      8      1      52     1.3534E+03  1.072E+10  1.612E-05  1.590E+01
      40      1     18      1     10      1      52     1.2800E+03  2.922E+09  1.000E-30  8.584E+00
      41      1     18      1     12      1      52     4.8226E+02  1.957E+09  6.561E-05  1.575E+01
      43      1     18      1     14      1      52     4.4493E+02  1.012E+09  1.000E-30  9.474E+00
      45      1     18      1     17      1      52     1.2770E+01  2.439E+04  7.413E-05  9.365E+00
      47      1     19      1      9      1      52     1.3234E+03  2.174E+10  4.582E-06  4.044E+01
      49      1     19      1     11      1      52     1.2793E+03  5.948E+08  1.000E-30  4.050E+00
      51      1     19      1     13      1      52     4.6860E+02  3.785E+09  3.108E-05  2.338E+01
      53      1     19      1     15      1      52     4.4910E+02  3.698E+08  1.000E-30  1.766E+00
      56      1     19      1     18      1      52     8.7378E+00  6.036E+03  1.531E-05  1.167E+01
      58      1     20      1     10      1      52     1.2912E+03  3.137E+10  1.192E-05  1.449E+01
      61      1     20      1     14      1      52     4.5609E+02  6.169E+09  1.217E-04  6.334E+00
      63      1     20      1     16      1      52     4.4915E+02  1.041E+08  1.000E-30  7.023E-01
      65      1     20      1     19      1      52     2.4178E+00  3.235E+01  1.081E-05  2.509E+00
      67      1     21      1     11      1      52     1.2829E+03  3.296E+10  1.908E-05  6.926E+00
      69      1     21      1     15      1      52     4.5271E+02  9.442E+09  2.985E-04  2.887E+00
      72      1     21      1     20      1      52     1.2002E+00  1.565E+00  7.653E-06  1.002E+00
      75      1     22      1     16      1      52     4.5135E+02  1.392E+10  6.081E-04  1.641E+00
      77      1     22      1     21      1      52     1.0028E+00  4.117E-01  5.278E-06  5.096E-01
      79      1     23      1     13      1      52     7.2854E+02  2.907E+09  1.000E-30  2.757E+01
      81      1     23      1     18      1      52     2.6868E+02  8.516E+08  1.000E-30  1.592E+01
      83      1     24      1     12      1      52     7.5883E+02  2.099E+09  2.862E-05  9.946E+00
      85      1     24      1     14      1      52     7.2151E+02  9.023E+08  1.000E-30  5.057E+00
      86      1     24      1     17      1      52     2.8935E+02  4.638E+08  1.146E-04  9.902E+00
      88      1     24      1     19      1      52     2.6784E+02  3.185E+08  1.000E-30  6.192E+00
      90      1     24      1     23      1      52     7.9016E+00  6.691E+03  1.391E-04  5.778E+00
      92      1     25      1     13      1      52     7.4204E+02  3.968E+09  7.712E-06  2.488E+01
      94      1     25      1     15      1      52     7.2254E+02  2.916E+08  1.000E-30  1.737E+00
      96      1     25      1     18      1      52     2.8218E+02  8.520E+08  5.632E-05  1.330E+01
      98      1     25      1     20      1      52     2.7102E+02  1.428E+08  1.000E-30  1.185E+00
     101      1     25      1     24      1      52     5.5989E+00  1.938E+03  2.984E-05  7.310E+00
     103      1     26      1     14      1      52     7.2843E+02  5.938E+09  2.532E-05  7.193E+00
     105      1     26      1     16      1      52     7.2149E+02  6.853E+07  1.000E-30  1.182E+00
     107      1     26      1     19      1      52     2.7476E+02  1.321E+09  2.123E-04  3.554E+00
     109      1     26      1     21      1      52     2.7114E+02  6.081E+07  1.000E-30  4.270E-01
     112      1     26      1     25      1      52     1.3194E+00  6.312E+00  2.050E-05  1.589E+00
     114      1     27      1     15      1      52     7.2446E+02  7.443E+09  4.858E-05  3.412E+00
     117      1     27      1     20      1      52     2.7295E+02  1.911E+09  4.944E-04  1.610E+00
     119      1     27      1     22      1      52     2.7075E+02  1.797E+07  1.000E-30  2.362E-01
     121      1     27      1     26      1      52     6.0740E-01  2.744E-01  1.644E-05  6.309E-01
     123      1     28      1     16      1      52     7.2273E+02  6.883E+09  5.975E-05  2.010E+00
     125      1     28      1     21      1      52     2.7238E+02  2.729E+09  9.740E-04  9.144E-01
     128      1     28      1     27      1      52     6.3240E-01  1.932E-01  1.584E-05  3.179E-01
     129      1     29      1     13      1      52     9.1039E+02  2.312E+09  1.000E-30  2.752E+01
     131      1     29      1     18      1      52     4.5053E+02  8.852E+08  1.000E-30  1.588E+01
     134      1     29      1     24      1      52     1.7396E+02  2.819E+08  1.000E-30  1.002E+01
     136      1     30      1     12      1      52     9.3797E+02  1.766E+09  1.894E-05  6.695E+00
     137      1     30      1     14      1      52     9.0065E+02  6.858E+08  1.000E-30  4.433E+00
     138      1     30      1     17      1      52     4.6848E+02  5.396E+08  4.676E-05  6.650E+00
     140      1     30      1     19      1      52     4.4698E+02  3.135E+08  1.000E-30  3.473E+00
     142      1     30      1     23      1      52     1.8704E+02  1.366E+08  1.869E-04  6.621E+00
     144      1     30      1     25      1      52     1.7354E+02  1.140E+08  1.000E-30  4.256E+00
     146      1     30      1     29      1      52     5.1810E+00  2.128E+03  2.412E-04  3.759E+00
     147      1     31      1     13      1      52     9.1941E+02  3.309E+09  3.269E-06  2.573E+01
     148      1     31      1     15      1      52     8.9991E+02  2.070E+08  1.000E-30  2.458E+00
     150      1     31      1     18      1      52     4.5956E+02  9.878E+08  1.421E-05  1.415E+01
     152      1     31      1     20      1      52     4.4840E+02  1.272E+08  1.000E-30  9.004E-01
     155      1     31      1     24      1      52     1.8298E+02  2.417E+08  9.475E-05  8.223E+00
     157      1     31      1     26      1      52     1.7606E+02  5.828E+07  1.000E-30  8.361E-01
     160      1     31      1     30      1      52     3.8407E+00  7.462E+02  5.296E-05  4.913E+00
     161      1     32      1     14      1      52     9.0519E+02  4.699E+09  9.806E-06  7.658E+00
     162      1     32      1     16      1      52     8.9825E+02  4.422E+07  1.000E-30  1.647E+00
     164      1     32      1     19      1      52     4.5152E+02  1.458E+09  4.664E-05  4.025E+00
     166      1     32      1     21      1      52     4.4790E+02  4.739E+07  1.000E-30  5.880E-01
     169      1     32      1     25      1      52     1.7808E+02  3.600E+08  3.463E-04  2.182E+00
     171      1     32      1     27      1      52     1.7615E+02  2.992E+07  1.000E-30  2.932E-01
     174      1     32      1     31      1      52     7.0280E-01  1.105E+00  3.531E-05  1.069E+00
     175      1     33      1     15      1      52     9.0089E+02  5.290E+09  1.646E-05  3.722E+00
     177      1     33      1     20      1      52     4.4938E+02  1.909E+09  9.339E-05  1.908E+00
     179      1     33      1     22      1      52     4.4717E+02  1.162E+07  1.000E-30  4.441E-01
     181      1     33      1     26      1      52     1.7704E+02  5.068E+08  7.910E-04  9.785E-01
     183      1     33      1     28      1      52     1.7580E+02  1.333E+07  1.000E-30  1.489E-01
     185      1     33      1     32      1      52     2.7490E-01  3.243E-02  3.122E-05  4.235E-01
     186      1     34      1     16      1      52     8.9895E+02  3.908E+09  1.598E-05  2.218E+00
     188      1     34      1     21      1      52     4.4860E+02  2.170E+09  1.412E-04  1.122E+00
     191      1     34      1     27      1      52     1.7685E+02  6.915E+08  1.506E-03  5.476E-01
     194      1     34      1     33      1      52     4.2420E-01  8.310E-02  3.373E-05  2.127E-01
     195      1     35      1     13      1      52     1.0346E+03  1.783E+09  1.000E-30  2.753E+01
     196      1     35      1     18      1      52     5.7478E+02  7.516E+08  1.000E-30  1.589E+01
     198      1     35      1     24      1      52     2.9820E+02  3.158E+08  1.000E-30  9.964E+00
     201      1     35      1     30      1      52     1.1906E+02  1.078E+08  1.000E-30  6.679E+00
     203      1     36      1     12      1      52     1.0606E+03  1.411E+09  1.475E-05  4.752E+00
     204      1     36      1     14      1      52     1.0233E+03  5.148E+08  1.000E-30  5.168E+00
     205      1     36      1     17      1      52     5.9109E+02  4.862E+08  2.964E-05  4.707E+00
     206      1     36      1     19      1      52     5.6958E+02  2.561E+08  1.000E-30  2.561E+00
     207      1     36      1     23      1      52     3.0964E+02  1.701E+08  7.265E-05  4.672E+00
     209      1     36      1     25      1      52     2.9614E+02  1.219E+08  1.000E-30  2.537E+00
     211      1     36      1     29      1      52     1.2779E+02  4.720E+07  2.891E-04  4.635E+00
     213      1     36      1     31      1      52     1.1877E+02  4.582E+07  1.000E-30  3.046E+00
     215      1     36      1     35      1      52     3.5433E+00  7.514E+02  3.890E-04  2.573E+00
     216      1     37      1     13      1      52     1.0410E+03  2.626E+09  1.752E-06  2.625E+01
     217      1     37      1     15      1      52     1.0215E+03  1.487E+08  1.000E-30  2.988E+00
     218      1     37      1     18      1      52     5.8110E+02  8.837E+08  6.063E-06  1.467E+01
     219      1     37      1     20      1      52     5.6995E+02  9.800E+07  1.000E-30  1.238E+00
     221      1     37      1     24      1      52     3.0452E+02  3.006E+08  2.403E-05  8.747E+00
     223      1     37      1     26      1      52     2.9760E+02  5.687E+07  1.000E-30  5.468E-01
     226      1     37      1     30      1      52     1.2539E+02  8.144E+07  1.494E-04  5.462E+00
     228      1     37      1     32      1      52     1.2084E+02  2.556E+07  1.000E-30  6.134E-01
     231      1     37      1     36      1      52     2.7803E+00  3.331E+02  8.872E-05  3.451E+00
     232      1     38      1     14      1      52     1.0264E+03  3.596E+09  4.974E-06  7.925E+00
     233      1     38      1     16      1      52     1.0194E+03  2.975E+07  1.000E-30  1.940E+00
     234      1     38      1     19      1      52     5.7269E+02  1.266E+09  1.850E-05  4.318E+00
     235      1     38      1     21      1      52     5.6908E+02  3.363E+07  1.000E-30  8.501E-01
     237      1     38      1     25      1      52     2.9925E+02  4.372E+08  7.834E-05  2.468E+00
     239      1     38      1     27      1      52     2.9733E+02  2.630E+07  1.000E-30  3.196E-01
     242      1     38      1     31      1      52     1.2188E+02  1.171E+08  5.355E-04  1.432E+00
     244      1     38      1     33      1      52     1.2090E+02  1.466E+07  1.000E-30  2.172E-01
     247      1     38      1     37      1      52     3.3030E-01  1.336E-01  5.827E-05  7.539E-01
     248      1     39      1     15      1      52     1.0219E+03  3.782E+09  7.683E-06  3.906E+00
     249      1     39      1     20      1      52     5.7035E+02  1.549E+09  3.380E-05  2.092E+00
     250      1     39      1     22      1      52     5.6815E+02  7.381E+06  1.000E-30  6.214E-01
     252      1     39      1     26      1      52     2.9801E+02  5.751E+08  1.592E-04  1.156E+00
     254      1     39      1     28      1      52     2.9677E+02  1.017E+07  1.000E-30  2.442E-01
     256      1     39      1     32      1      52     1.2125E+02  1.597E+08  1.192E-03  6.374E-01
     258      1     39      1     34      1      52     1.2055E+02  7.834E+06  1.000E-30  1.047E-01
     260      1     39      1     38      1      52     7.3900E-02  7.552E-04  6.799E-05  2.332E-01
     261      1     40      1     16      1      52     1.0198E+03  2.463E+09  6.510E-06  2.350E+00
     262      1     40      1     21      1      52     5.6945E+02  1.551E+09  4.435E-05  1.248E+00
     264      1     40      1     27      1      52     2.9770E+02  6.941E+08  2.570E-04  6.742E-01
     267      1     40      1     33      1      52     1.2127E+02  2.147E+08  2.238E-03  3.552E-01
     270      1     40      1     39      1      52     2.9800E-01  3.673E-02  6.121E-05  1.494E-01
     271      1     41      1     13      1      52     1.1233E+03  1.376E+09  1.000E-30  2.754E+01
     272      1     41      1     18      1      52     6.6340E+02  6.099E+08  1.000E-30  1.590E+01
     273      1     41      1     24      1      52     3.8682E+02  2.811E+08  1.000E-30  9.972E+00
     275      1     41      1     30      1      52     2.0768E+02  1.263E+08  1.000E-30  6.687E+00
     278      1     41      1     36      1      52     8.5076E+01  4.547E+07  1.000E-30  4.695E+00
     280      1     42      1     12      1      52     1.1482E+03  1.113E+09  1.246E-05  3.498E+00
     281      1     42      1     14      1      52     1.1108E+03  3.901E+08  1.000E-30  5.952E+00
     282      1     42      1     17      1      52     6.7867E+02  4.090E+08  2.245E-05  3.453E+00
     283      1     42      1     19      1      52     6.5716E+02  2.024E+08  1.000E-30  2.691E+00
     284      1     42      1     23      1      52     3.9722E+02  1.610E+08  4.445E-05  3.424E+00
     285      1     42      1     25      1      52     3.8372E+02  1.054E+08  1.000E-30  1.745E+00
     286      1     42      1     29      1      52     2.1536E+02  6.202E+07  1.082E-04  3.400E+00
     288      1     42      1     31      1      52     2.0634E+02  5.195E+07  1.000E-30  1.920E+00
     290      1     42      1     35      1      52     9.1119E+01  1.848E+07  4.288E-04  3.376E+00
     292      1     42      1     37      1      52     8.4795E+01  2.017E+07  1.000E-30  2.254E+00
     294      1     42      1     41      1      52     2.4992E+00  2.877E+02  5.792E-04  1.887E+00
     295      1     43      1     13      1      52     1.1279E+03  2.062E+09  1.065E-06  2.664E+01
     296      1     43      1     15      1      52     1.1084E+03  1.093E+08  1.000E-30  3.349E+00
     297      1     43      1     18      1      52     6.6800E+02  7.396E+08  3.267E-06  1.500E+01
     298      1     43      1     20      1      52     6.5684E+02  7.434E+07  1.000E-30  1.554E+00
     299      1     43      1     24      1      52     3.9142E+02  2.841E+08  1.031E-05  9.076E+00
     300      1     43      1     26      1      52     3.8450E+02  4.668E+07  1.000E-30  6.824E-01
     302      1     43      1     30      1      52     2.1228E+02  1.063E+08  3.798E-05  5.778E+00
     304      1     43      1     32      1      52     2.0774E+02  2.672E+07  1.000E-30  3.798E-01
     307      1     43      1     36      1      52     8.9678E+01  3.123E+07  2.252E-04  3.799E+00
     309      1     43      1     38      1      52     8.6568E+01  1.198E+07  1.000E-30  4.633E-01
     312      1     43      1     42      1      52     2.1031E+00  1.671E+02  1.411E-04  2.515E+00
     313      1     44      1     15      1      52     1.1084E+03  2.783E+09  4.295E-06  4.029E+00
     314      1     44      1     20      1      52     6.5688E+02  1.212E+09  1.640E-05  2.208E+00
     315      1     44      1     22      1      52     6.5468E+02  4.943E+06  1.000E-30  7.387E-01
     316      1     44      1     26      1      52     3.8454E+02  5.100E+08  5.938E-05  1.279E+00
     317      1     44      1     28      1      52     3.8330E+02  7.166E+06  1.000E-30  3.544E-01
     319      1     44      1     32      1      52     2.0778E+02  1.988E+08  2.485E-04  7.553E-01
     321      1     44      1     34      1      52     2.0708E+02  6.751E+06  1.000E-30  1.451E-01
     323      1     44      1     38      1      52     8.6605E+01  5.816E+07  1.736E-03  4.376E-01
     325      1     44      1     40      1      52     8.6233E+01  4.397E+06  1.000E-30  7.890E-02
     327      1     45      1     14      1      52     1.1130E+03  2.763E+09  2.923E-06  8.125E+00
     328      1     45      1     16      1      52     1.1061E+03  2.083E+07  1.000E-30  2.133E+00
     329      1     45      1     19      1      52     6.5935E+02  1.037E+09  9.521E-06  4.505E+00
     330      1     45      1     21      1      52     6.5574E+02  2.432E+07  1.000E-30  1.037E+00
     331      1     45      1     25      1      52     3.8591E+02  4.051E+08  3.146E-05  2.655E+00
     332      1     45      1     27      1      52     3.8399E+02  2.018E+07  1.000E-30  4.729E-01
     334      1     45      1     31      1      52     2.0854E+02  1.515E+08  1.228E-04  1.613E+00
     336      1     45      1     33      1      52     2.0756E+02  1.415E+07  1.000E-30  1.943E-01
     339      1     45      1     37      1      52     8.6990E+01  4.350E+07  7.898E-04  9.925E-01
     341      1     45      1     39      1      52     8.6586E+01  7.422E+06  1.000E-30  1.660E-01
     344      1     45      1     43      1      52     9.2200E-02  3.302E-03  1.401E-04  3.567E-01
     345      1     45      1     44      1      52     5.4600E-02  4.571E-04  1.000E-30  9.195E-02
     346      1     46      1     16      1      52     1.1062E+03  1.658E+09  3.314E-06  2.434E+00
     347      1     46      1     21      1      52     6.5590E+02  1.119E+09  1.960E-05  1.332E+00
     348      1     46      1     27      1      52     3.8415E+02  5.708E+08  8.719E-05  7.606E-01
     350      1     46      1     33      1      52     2.0772E+02  2.455E+08  4.134E-04  4.366E-01
     353      1     46      1     39      1      52     8.6749E+01  7.674E+07  3.198E-03  2.429E-01
     355      1     46      1     44      1      52     2.1720E-01  1.710E-02  1.006E-04  1.093E-01
     357      1     48      1     47      1      52     3.1750E+02  5.086E+07  2.815E-06  1.840E+02
     358      1     49      1     48      1      52     3.6284E+02  2.758E+08  1.548E-07  2.763E+02
     359      1     51      1     50      1      52     7.7750E-01  7.233E-01  1.318E-06  1.384E+02
     360      1     52      1     51      1      52     6.6689E+02  4.282E+09  1.000E-30  4.204E+02
     361      1     54      1     53      1      52     3.0082E+01  2.564E+05  1.000E-30  1.845E+02
     362      1     55      1     53      1      52     1.0120E+02  5.287E+06  3.743E-06  8.075E+01
     363      1     56      1     54      1      52     1.0442E+02  5.933E+06  4.153E-06  7.434E+01
     364      1     56      1     55      1      52     3.3297E+01  3.453E+05  1.000E-30  1.922E+02
     365      1     57      1     55      1      52     9.2670E+01  2.954E+06  6.613E-07  1.109E+02
     367      1     58      1     56      1      52     9.3608E+01  3.061E+06  6.929E-07  1.064E+02
     368      1     58      1     57      1      52     3.4235E+01  3.748E+05  1.000E-30  1.948E+02
     369      1     61      1     60      1      53     7.7081E+01  2.051E+05  1.047E-14  7.316E-03
     370      1     62      1     60      1      53     8.3045E+01  3.086E+05  1.000E-30  7.882E-03
     373      1     63      1     61      1      53     8.0094E+00  5.349E-01  1.000E-30  7.615E-04
     375      1     64      1     60      1      53     4.6515E+02  3.797E+08  1.683E-03  4.435E-02
     378      1     65      1     60      1      53     5.0090E+02  1.449E+08  4.132E-15  4.772E-02
     380      1     65      1     63      1      53     4.1581E+02  1.750E+08  3.651E-03  3.966E-02
     381      1     67      1     66      1      53     9.2071E+01  3.548E+06  4.701E-06  5.729E+01
     383      1     68      1     67      1      53     2.1266E+02  4.649E+07  8.961E-07  3.996E+01
     385      1     69      1     67      1      53     2.3259E+02  3.583E+07  1.000E-30  2.162E+01
     386      1     71      1     70      1      53     1.8245E+01  2.357E+04  1.794E-05  1.282E+01
     388      1     72      1     71      1      53     7.1086E+01  4.206E+06  6.770E-06  3.416E+01
     390      1     73      1     72      1      53     1.1156E+02  1.616E+07  1.370E-05  1.007E+01
     392      1     74      1     71      1      53     8.8734E+02  1.696E+10  1.000E-30  4.808E+01
     393      1     75      1     70      1      53     9.0769E+02  1.213E+10  3.244E-05  2.963E+01
     395      1     75      1     72      1      53     8.1835E+02  3.545E+09  1.000E-30  1.674E+01
     396      1     75      1     74      1      53     2.1014E+00  4.973E+01  6.702E-05  4.739E+00
     398      1     76      1     71      1      53     9.4411E+02  3.269E+10  1.893E-05  4.053E+01
     400      1     76      1     73      1      53     7.6146E+02  6.264E+08  1.000E-30  3.176E+00
     402      1     76      1     75      1      53     5.4666E+01  3.912E+06  2.084E-05  2.270E+01
     404      1     77      1     72      1      53     9.7713E+02  7.219E+10  6.603E-05  1.389E+01
     407      1     77      1     76      1      53     1.0411E+02  4.361E+07  8.816E-05  5.196E+00
     409      1     78      1     73      1      53     1.0763E+03  1.795E+11  1.900E-04  6.419E+00
     411      1     78      1     77      1      53     2.1071E+02  3.179E+08  1.358E-04  2.120E+00
     412      1     79      1     70      1      53     1.3871E+03  1.174E+10  1.452E-05  1.795E+01
     414      1     79      1     72      1      53     1.2978E+03  2.933E+09  1.000E-30  9.355E+00
     415      1     79      1     74      1      53     4.8154E+02  1.960E+09  6.106E-05  1.704E+01
     417      1     79      1     76      1      53     4.2478E+02  7.974E+08  1.000E-30  1.024E+01
     420      1     80      1     71      1      53     1.3753E+03  1.384E+10  1.000E-30  4.807E+01
     422      1     80      1     75      1      53     4.8588E+02  3.930E+09  1.000E-30  2.966E+01
     424      1     80      1     79      1      53     6.4349E+00  5.070E+03  1.000E-30  1.648E+01
     426      1     81      1     71      1      53     1.4208E+03  2.786E+10  4.388E-06  4.372E+01
     428      1     81      1     73      1      53     1.2382E+03  5.038E+08  1.000E-30  4.355E+00
     430      1     81      1     75      1      53     5.3137E+02  6.088E+09  3.175E-05  2.525E+01
     432      1     81      1     77      1      53     3.7259E+02  1.694E+08  1.000E-30  1.915E+00
     434      1     81      1     79      1      53     5.1923E+01  6.984E+06  7.566E-05  1.303E+01
     438      1     82      1     76      1      53     5.7966E+02  1.542E+10  1.368E-04  6.864E+00
     440      1     82      1     78      1      53     2.6484E+02  1.215E+07  1.000E-30  7.548E-01
     442      1     82      1     81      1      53     1.0296E+02  1.011E+08  3.655E-04  3.005E+00
     443      1     83      1     74      1      53     7.7070E+02  2.216E+09  2.599E-05  1.104E+01
     445      1     83      1     76      1      53     7.1393E+02  8.204E+08  1.000E-30  5.480E+00
     447      1     83      1     80      1      53     2.8272E+02  4.251E+08  1.045E-04  1.067E+01
     448      1     83      1     81      1      53     2.3723E+02  1.858E+08  1.000E-30  6.697E+00
     451      1     84      1     75      1      53     7.7945E+02  3.560E+09  1.000E-30  2.962E+01
     452      1     84      1     79      1      53     3.0001E+02  1.221E+09  1.000E-30  1.708E+01
     455      1     84      1     83      1      53     1.0851E+01  3.561E+04  1.000E-30  1.122E+01
     457      1     85      1     75      1      53     8.2063E+02  5.772E+09  7.695E-06  2.681E+01
     459      1     85      1     77      1      53     6.6185E+02  1.985E+08  1.000E-30  1.867E+00
     460      1     85      1     79      1      53     3.4119E+02  1.770E+09  6.144E-05  1.433E+01
     463      1     85      1     82      1      53     1.8630E+02  3.082E+07  1.000E-30  1.271E+00
     464      1     85      1     83      1      53     5.2031E+01  1.349E+07  2.322E-04  8.148E+00
     467      1     86      1     77      1      53     6.7729E+02  4.528E+10  3.916E-04  3.152E+00
     470      1     86      1     82      1      53     2.0174E+02  8.279E+08  6.986E-04  1.224E+00
     473      1     87      1     78      1      53     5.1236E+02  2.232E+10  6.074E-04  1.801E+00
     475      1     87      1     86      1      53     4.5782E+01  1.724E+06  1.910E-04  6.196E-01
     477      1     88      1     76      1      53     8.6948E+02  1.161E+10  2.687E-05  7.789E+00
     479      1     88      1     78      1      53     5.5466E+02  2.321E+07  1.000E-30  1.283E+00
     481      1     88      1     81      1      53     3.9278E+02  5.279E+09  2.671E-04  3.866E+00
     484      1     88      1     85      1      53     1.0351E+02  2.088E+08  1.177E-03  1.898E+00
     485      1     88      1     86      1      53     8.8076E+01  9.652E+05  1.000E-30  4.513E-01
     487      1     89      1     74      1      53     9.5869E+02  1.905E+09  1.645E-05  7.787E+00
     488      1     89      1     76      1      53     9.0192E+02  6.562E+08  1.000E-30  4.819E+00
     490      1     89      1     80      1      53     4.7071E+02  5.473E+08  4.265E-05  7.292E+00
     491      1     89      1     81      1      53     4.2522E+02  2.444E+08  1.000E-30  3.754E+00
     494      1     89      1     84      1      53     1.7714E+02  1.107E+08  1.655E-04  7.133E+00
     495      1     89      1     85      1      53     1.3596E+02  4.087E+07  1.000E-30  4.580E+00
     497      1     90      1     75      1      53     9.7022E+02  2.792E+09  1.000E-30  2.964E+01
     498      1     90      1     79      1      53     4.9078E+02  1.164E+09  1.000E-30  1.710E+01
     501      1     90      1     83      1      53     2.0163E+02  4.717E+08  1.000E-30  1.072E+01
     504      1     90      1     89      1      53     1.3639E+01  6.084E+04  1.000E-30  3.850E+00
     505      1     91      1     75      1      53     1.0099E+03  4.659E+09  3.223E-06  2.772E+01
     506      1     91      1     77      1      53     8.5110E+02  1.598E+08  1.000E-30  2.647E+00
     507      1     91      1     79      1      53     5.3043E+02  1.698E+09  1.474E-05  1.524E+01
     510      1     91      1     82      1      53     3.7555E+02  6.035E+07  1.000E-30  9.558E-01
     511      1     91      1     83      1      53     2.4127E+02  7.111E+08  1.127E-04  8.871E+00
     515      1     91      1     88      1      53     8.5729E+01  3.159E+06  1.000E-30  9.030E-01
     516      1     91      1     89      1      53     5.3287E+01  2.605E+07  6.296E-04  5.405E+00
     518      1     92      1     74      1      53     1.0879E+03  1.542E+09  1.177E-05  6.030E+00
     519      1     92      1     76      1      53     1.0312E+03  5.045E+08  1.000E-30  5.606E+00
     520      1     92      1     80      1      53     5.9995E+02  5.108E+08  2.642E-05  5.305E+00
     521      1     92      1     81      1      53     5.5446E+02  2.189E+08  1.000E-30  2.786E+00
     523      1     92      1     84      1      53     3.0638E+02  1.616E+08  6.550E-05  5.082E+00
     524      1     92      1     85      1      53     2.6520E+02  7.444E+07  1.000E-30  2.740E+00
     527      1     92      1     90      1      53     1.1560E+02  3.186E+07  2.450E-04  4.987E+00
     528      1     92      1     91      1      53     7.5952E+01  7.287E+06  1.000E-30  3.273E+00
     529      1     93      1     75      1      53     1.1014E+03  2.146E+09  1.000E-30  2.965E+01
     530      1     93      1     79      1      53     6.2192E+02  9.681E+08  1.000E-30  1.711E+01
     531      1     93      1     83      1      53     3.3276E+02  4.572E+08  1.000E-30  1.074E+01
     534      1     93      1     89      1      53     1.4478E+02  2.170E+08  1.000E-30  7.194E+00
     537      1     93      1     92      1      53     1.5538E+01  2.546E+05  1.000E-30  5.221E+00
     538      1     94      1     76      1      53     1.0597E+03  8.492E+09  1.017E-05  8.319E+00
     539      1     94      1     78      1      53     7.4491E+02  2.021E+07  1.000E-30  1.781E+00
     541      1     94      1     81      1      53     5.8303E+02  3.893E+09  5.327E-05  4.370E+00
     544      1     94      1     85      1      53     2.9377E+02  2.570E+09  5.055E-04  2.377E+00
     545      1     94      1     86      1      53     2.7833E+02  6.824E+06  1.000E-30  6.221E-01
     549      1     94      1     91      1      53     1.0453E+02  3.886E+08  3.171E-03  1.276E+00
     552      1     95      1     77      1      53     9.6122E+02  2.221E+10  5.689E-05  3.723E+00
     555      1     95      1     82      1      53     4.8567E+02  1.846E+10  7.749E-04  1.763E+00
     558      1     95      1     87      1      53     2.3815E+02  1.038E+07  1.000E-30  2.645E-01
     559      1     95      1     88      1      53     1.9586E+02  1.616E+09  2.320E-03  7.873E-01
     561      1     95      1     94      1      53     5.5996E+00  2.453E+02  3.722E-05  3.171E-01
     562      1     96      1     75      1      53     1.1409E+03  3.655E+09  1.717E-06  2.831E+01
     563      1     96      1     77      1      53     9.8211E+02  1.226E+08  1.000E-30  3.223E+00
     564      1     96      1     79      1      53     6.6145E+02  1.434E+09  6.208E-06  1.577E+01
     565      1     96      1     82      1      53     5.0657E+02  5.912E+07  1.000E-30  1.320E+00
     566      1     96      1     83      1      53     3.7229E+02  6.488E+08  2.643E-05  9.395E+00
     569      1     96      1     88      1      53     2.1675E+02  1.543E+07  1.000E-30  5.865E-01
     570      1     96      1     89      1      53     1.8430E+02  3.702E+08  1.985E-04  5.885E+00
     573      1     96      1     92      1      53     5.5065E+01  4.880E+07  1.531E-03  3.777E+00
     575      1     96      1     94      1      53     2.6491E+01  5.541E+04  1.000E-30  6.661E-01
     578      1     97      1     78      1      53     7.9354E+02  9.610E+09  5.771E-05  2.196E+00
     580      1     97      1     86      1      53     3.2696E+02  5.448E+09  1.036E-03  9.923E-01
     584      1     97      1     95      1      53     4.3029E+01  3.979E+06  8.267E-04  3.979E-01
     585      1     98      1     74      1      53     1.1808E+03  1.229E+09  8.723E-06  5.071E+00
     586      1     98      1     76      1      53     1.1240E+03  3.884E+08  1.000E-30  6.454E+00
     587      1     98      1     80      1      53     6.9278E+02  4.387E+08  1.903E-05  4.109E+00
     588      1     98      1     81      1      53     6.4729E+02  1.814E+08  1.000E-30  2.922E+00
     589      1     98      1     84      1      53     3.9921E+02  1.625E+08  3.986E-05  3.796E+00
     590      1     98      1     85      1      53     3.5803E+02  7.599E+07  1.000E-30  1.890E+00
     592      1     98      1     90      1      53     2.0843E+02  5.388E+07  9.560E-05  3.688E+00
     593      1     98      1     91      1      53     1.6878E+02  2.212E+07  1.000E-30  2.071E+00
     595      1     98      1     93      1      53     7.7294E+01  9.643E+06  3.414E-04  3.624E+00
     597      1     98      1     96      1      53     3.7767E+01  7.516E+05  1.000E-30  2.417E+00
     598      1     99      1     75      1      53     1.1956E+03  1.660E+09  1.000E-30  2.966E+01
     599      1     99      1     79      1      53     7.1611E+02  7.769E+08  1.000E-30  1.712E+01
     600      1     99      1     83      1      53     4.2696E+02  3.909E+08  1.000E-30  1.074E+01
     601      1     99      1     89      1      53     2.3897E+02  2.070E+08  1.000E-30  7.203E+00
     604      1     99      1     92      1      53     1.0973E+02  1.160E+08  1.000E-30  5.037E+00
     607      1     99      1     98      1      53     1.6897E+01  6.740E+05  1.000E-30  3.856E+00
     608      1    100      1     75      1      53     1.2357E+03  2.862E+09  1.044E-06  2.870E+01
     609      1    100      1     77      1      53     1.0769E+03  9.403E+07  1.000E-30  3.610E+00
     610      1    100      1     79      1      53     7.5626E+02  1.174E+09  3.317E-06  1.616E+01
     611      1    100      1     82      1      53     6.0138E+02  5.064E+07  1.000E-30  1.663E+00
     612      1    100      1     83      1      53     4.6710E+02  5.580E+08  1.105E-05  9.789E+00
     613      1    100      1     88      1      53     3.1156E+02  1.939E+07  1.000E-30  7.318E-01
     614      1    100      1     89      1      53     2.7912E+02  3.081E+08  4.494E-05  6.227E+00
     617      1    100      1     92      1      53     1.4988E+02  2.374E+08  3.402E-04  4.094E+00
     619      1    100      1     94      1      53     1.2130E+02  2.992E+06  1.000E-30  4.071E-01
     621      1    100      1     98      1      53     5.7044E+01  8.702E+07  3.384E-03  2.745E+00
     623      1    101      1     76      1      53     1.1918E+03  6.288E+09  5.126E-06  8.588E+00
     624      1    101      1     78      1      53     8.7698E+02  1.577E+07  1.000E-30  2.101E+00
     625      1    101      1     81      1      53     7.1510E+02  2.954E+09  2.044E-05  4.684E+00
     627      1    101      1     85      1      53     4.2583E+02  1.718E+09  9.826E-05  2.684E+00
     628      1    101      1     86      1      53     4.1039E+02  8.799E+06  1.000E-30  9.037E-01
     631      1    101      1     91      1      53     2.3659E+02  1.593E+09  9.124E-04  1.564E+00
     634      1    101      1     95      1      53     1.2646E+02  1.044E+06  1.000E-30  3.426E-01
     635      1    101      1     96      1      53     1.0557E+02  6.655E+08  7.498E-03  9.042E-01
     638      1    101      1    100      1      53     1.0760E+01  2.289E+03  4.395E-05  4.959E-01
     639      1    102      1     77      1      53     1.1469E+03  1.340E+10  1.856E-05  4.054E+00
     641      1    102      1     82      1      53     6.7131E+02  9.131E+09  1.225E-04  2.087E+00
     644      1    102      1     87      1      53     4.2378E+02  9.045E+06  1.000E-30  4.864E-01
     645      1    102      1     88      1      53     3.8149E+02  1.014E+10  1.418E-03  1.093E+00
     647      1    102      1     94      1      53     1.9123E+02  2.713E+09  6.153E-03  5.390E-01
     650      1    102      1     97      1      53     1.4260E+02  5.541E+06  1.000E-30  1.714E-01
     652      1    102      1    101      1      53     5.9168E+01  3.519E+05  5.795E-05  2.470E-01
     653      1    103      1     76      1      53     1.2875E+03  4.767E+09  2.990E-06  8.854E+00
     654      1    103      1     78      1      53     9.7272E+02  1.210E+07  1.000E-30  2.309E+00
     655      1    103      1     81      1      53     8.1083E+02  2.284E+09  1.038E-05  4.892E+00
     656      1    103      1     85      1      53     5.2157E+02  1.303E+09  3.773E-05  2.886E+00
     657      1    103      1     86      1      53     5.0613E+02  8.317E+06  1.000E-30  1.105E+00
     659      1    103      1     91      1      53     3.3233E+02  9.418E+08  1.723E-04  1.766E+00
     662      1    103      1     95      1      53     2.2220E+02  2.268E+06  1.000E-30  5.092E-01
     663      1    103      1     96      1      53     2.0131E+02  1.200E+09  1.607E-03  1.087E+00
     665      1    103      1    100      1      53     1.0650E+02  1.065E+09  1.619E-02  6.611E-01
     667      1    103      1    102      1      53     3.6571E+01  3.277E+04  1.000E-30  2.101E-01
     668      1    104      1     78      1      53     9.7661E+02  5.239E+09  1.530E-05  2.423E+00
     670      1    104      1     86      1      53     5.1003E+02  3.490E+09  1.430E-04  1.213E+00
     674      1    104      1     95      1      53     2.2610E+02  1.780E+09  1.668E-03  6.092E-01
     677      1    104      1    102      1      53     4.0464E+01  6.596E+06  2.401E-03  2.730E-01
     679      1    105      1     77      1      53     1.2750E+03  8.829E+09  8.484E-06  4.252E+00
     680      1    105      1     82      1      53     7.9944E+02  5.772E+09  4.186E-05  2.286E+00
     682      1    105      1     87      1      53     5.5191E+02  6.356E+06  1.000E-30  6.783E-01
     683      1    105      1     88      1      53     5.0962E+02  4.725E+09  2.355E-04  1.284E+00
     685      1    105      1     94      1      53     3.1936E+02  6.753E+09  2.441E-03  7.213E-01
     688      1    105      1     97      1      53     2.7073E+02  6.803E+06  1.000E-30  2.737E-01
     690      1    105      1    101      1      53     1.8730E+02  4.159E+09  1.399E-02  3.909E-01
     692      1    105      1    103      1      53     9.1560E+01  5.673E+05  3.200E-05  1.958E-01
     693      1    105      1    104      1      53     8.7667E+01  2.109E+06  1.000E-30  1.253E-01
     694      1    106      1     78      1      53     1.1024E+03  3.233E+09  6.208E-06  2.561E+00
     695      1    106      1     86      1      53     6.3583E+02  2.320E+09  4.401E-05  1.351E+00
     698      1    106      1     95      1      53     3.5190E+02  1.304E+09  2.640E-04  7.474E-01
     701      1    106      1    102      1      53     1.6626E+02  7.278E+08  2.604E-03  4.015E-01
     704      1    106      1    105      1      53     3.8133E+01  9.378E+06  5.686E-03  1.981E-01
     705      1    107      1     77      1      53     1.3672E+03  6.171E+09  4.664E-06  4.384E+00
     706      1    107      1     82      1      53     8.9170E+02  3.962E+09  1.958E-05  2.418E+00
     707      1    107      1     87      1      53     6.4417E+02  4.492E+06  1.000E-30  8.092E-01
     708      1    107      1     88      1      53     6.0188E+02  2.952E+09  8.097E-05  1.417E+00
     710      1    107      1     94      1      53     4.1162E+02  2.923E+09  4.161E-04  8.535E-01
     712      1    107      1     97      1      53     3.6299E+02  5.555E+06  1.000E-30  3.949E-01
     714      1    107      1    101      1      53     2.7956E+02  5.255E+09  3.998E-03  5.115E-01
     716      1    107      1    103      1      53     1.8382E+02  5.919E+09  2.804E-02  2.985E-01
     717      1    107      1    104      1      53     1.7993E+02  3.710E+06  1.000E-30  1.703E-01
     719      1    107      1    106      1      53     5.4126E+01  6.597E+05  1.000E-30  1.000E-01
     720      1    108      1     78      1      53     1.1926E+03  2.154E+09  3.163E-06  2.646E+00
     721      1    108      1     86      1      53     7.2599E+02  1.618E+09  1.931E-05  1.442E+00
     723      1    108      1     95      1      53     4.4206E+02  9.560E+08  8.766E-05  8.320E-01
     725      1    108      1    102      1      53     2.5642E+02  5.491E+08  4.391E-04  4.887E-01
     728      1    108      1    105      1      53     1.2829E+02  3.511E+08  3.900E-03  2.815E-01
     730      1    108      1    107      1      53     3.6034E+01  1.227E+07  1.158E-02  1.520E-01
     731      1    110      1    109      1      53     1.0325E+02  9.636E+06  1.000E-30  3.596E+02
     732      1    111      1    109      1      53     6.2828E+02  2.442E+09  1.811E-07  4.026E+02
     733      1    114      1    113      1      54     7.1415E+00  2.940E+01  1.000E-30  6.784E-04
     735      1    115      1    114      1      54     4.2027E+02  2.451E+08  2.450E-03  4.003E-02
     736      1    117      1    116      1      54     8.2284E+01  2.083E+06  2.955E-02  7.819E-03
     737      1    118      1    117      1      54     6.5579E+01  6.897E+05  4.879E-07  9.900E+01
     739      1    120      1    119      1      54     2.7707E+01  8.287E+04  9.960E-02  2.644E-03
     740      1    121      1    120      1      54     3.4184E+01  2.174E+05  3.047E-06  3.528E+01
     743      1    122      1    121      1      54     1.1729E+01  1.900E+03  1.389E-06  1.004E+01
     745      1    124      1    119      1      54     9.4819E+02  1.449E+10  3.213E-05  3.135E+01
     746      1    124      1    121      1      54     8.8629E+02  4.617E+09  1.000E-30  1.769E+01
     747      1    123      1    120      1      54     9.0352E+02  1.685E+10  1.000E-30  5.149E+01
     749      1    124      1    123      1      54     1.6956E+01  3.280E+04  2.761E-02  1.172E-02
     750      1    125      1    120      1      54     9.3511E+02  3.061E+10  1.719E-05  4.301E+01
     753      1    125      1    122      1      54     8.8920E+02  1.125E+09  1.000E-30  3.428E+00
     754      1    125      1    124      1      54     1.4632E+01  1.998E+04  5.641E-06  2.233E+01
     757      1    126      1    121      1      54     9.0719E+02  5.167E+10  5.468E-05  1.500E+01
     759      1    126      1    125      1      54     6.2624E+00  5.500E+02  5.132E-06  5.173E+00
     761      1    127      1    122      1      54     9.0472E+02  8.611E+10  1.432E-04  6.874E+00
     763      1    127      1    126      1      54     9.2648E+00  6.590E+02  3.448E-06  2.036E+00
     765      1    129      1    121      1      54     1.3816E+03  3.581E+09  1.000E-30  9.987E+00
     767      1    129      1    123      1      54     5.1224E+02  2.524E+09  6.143E-05  1.811E+01
     768      1    129      1    125      1      54     4.8065E+02  1.241E+09  1.000E-30  1.082E+01
     770      1    128      1    120      1      54     1.4063E+03  1.412E+10  1.000E-30  5.138E+01
     772      1    128      1    124      1      54     4.8585E+02  3.622E+09  1.000E-30  3.178E+01
     775      1    129      1    128      1      54     9.4325E+00  6.614E+03  4.598E-02  8.068E-03
     777      1    130      1    120      1      54     1.4246E+03  1.808E+10  3.381E-05  3.653E+00
     779      1    130      1    122      1      54     1.3787E+03  7.489E+08  1.000E-30  4.689E+00
     780      1    130      1    124      1      54     5.0408E+02  4.800E+09  2.755E-05  2.686E+01
     783      1    130      1    126      1      54     4.8319E+02  4.621E+08  1.000E-30  2.064E+00
     785      1    130      1    129      1      54     8.7978E+00  5.727E+03  1.282E-05  1.296E+01
     788      1    131      1    121      1      54     1.3942E+03  3.954E+10  1.022E-05  1.692E+01
     790      1    131      1    125      1      54     4.9329E+02  7.813E+09  1.042E-04  7.405E+00
     791      1    131      1    127      1      54     4.7777E+02  1.243E+08  1.000E-30  8.133E-01
     793      1    131      1    130      1      54     3.8408E+00  1.886E+02  1.314E-05  3.002E+00
     795      1    132      1    122      1      54     1.3904E+03  4.206E+10  1.641E-05  8.073E+00
     797      1    132      1    126      1      54     4.9497E+02  1.240E+10  2.573E-04  3.366E+00
     799      1    132      1    131      1      54     7.9348E+00  7.664E+02  1.100E-05  1.182E+00
     800      1    133      1    127      1      54     4.8686E+02  1.748E+10  5.219E-04  1.913E+00
     801      1    133      1    132      1      54     1.1594E+00  6.813E-01  4.847E-06  5.943E-01
     802      1    134      1    124      1      54     7.8763E+02  3.456E+09  1.000E-30  3.170E+01
     804      1    134      1    129      1      54     2.9235E+02  1.017E+09  1.000E-30  1.834E+01
     808      1    135      1    123      1      54     8.1021E+02  2.693E+09  2.611E-05  1.149E+01
     809      1    135      1    125      1      54     7.7862E+02  1.108E+09  1.000E-30  1.003E+01
     811      1    135      1    128      1      54     3.0740E+02  5.980E+08  1.072E-04  1.138E+01
     812      1    135      1    130      1      54     2.8917E+02  3.892E+08  1.000E-30  5.782E+00
     814      1    135      1    134      1      54     5.6221E+00  1.760E+03  1.933E-04  3.036E+00
     815      1    136      1    124      1      54     7.9909E+02  5.013E+09  6.123E-06  3.169E+01
     818      1    136      1    126      1      54     7.7820E+02  3.661E+08  1.000E-30  4.992E+00
     819      1    136      1    129      1      54     3.0380E+02  1.085E+09  4.174E-05  1.831E+01
     822      1    136      1    131      1      54     2.9116E+02  1.772E+08  1.000E-30  2.879E+00
     825      1    136      1    135      1      54     5.8334E+00  2.100E+03  2.545E-05  8.208E+00
     827      1    137      1    125      1      54     7.8707E+02  7.506E+09  1.818E-05  1.004E+01
     828      1    137      1    127      1      54     7.7154E+02  8.380E+07  1.000E-30  3.022E+00
     830      1    137      1    130      1      54     2.9761E+02  1.683E+09  1.305E-04  5.799E+00
     831      1    137      1    132      1      54     2.8584E+02  6.991E+07  1.000E-30  1.737E+00
     833      1    137      1    136      1      54     2.6080E+00  7.825E+01  2.784E-05  1.878E+00
     835      1    138      1    126      1      54     7.8806E+02  9.683E+09  3.353E-05  4.996E+00
     837      1    138      1    131      1      54     3.0103E+02  2.635E+09  2.837E-04  2.883E+00
     838      1    138      1    133      1      54     2.9194E+02  2.262E+07  1.000E-30  1.167E+00
     840      1    138      1    137      1      54     7.2571E+00  8.273E+02  2.475E-05  7.407E-01
     841      1    139      1    127      1      54     7.7953E+02  8.613E+09  3.959E-05  3.025E+00
     842      1    139      1    132      1      54     2.9383E+02  3.416E+09  5.097E-04  1.741E+00
     843      1    139      1    138      1      54     7.3047E-01  3.186E-01  1.452E-05  3.709E-01
     844      1    140      1    133      1      54     2.9317E+02  4.724E+09  8.678E-04  1.165E+00
     845      1    140      1    139      1      54     5.0455E-01  3.989E-02  7.803E-06  2.145E-01
     846      1    141      1    124      1      54     9.8280E+02  2.752E+09  1.000E-30  3.168E+01
     847      1    141      1    129      1      54     4.8751E+02  1.060E+09  1.000E-30  1.829E+01
     851      1    141      1    135      1      54     1.8954E+02  3.398E+08  1.000E-30  1.149E+01
     853      1    142      1    123      1      54     1.0032E+03  2.258E+09  1.715E-05  7.727E+00
     854      1    142      1    125      1      54     9.7165E+02  8.415E+08  1.000E-30  1.005E+01
     856      1    142      1    128      1      54     5.0043E+02  6.948E+08  4.278E-05  7.679E+00
     857      1    142      1    130      1      54     4.8220E+02  3.833E+08  1.000E-30  5.807E+00
     859      1    142      1    134      1      54     1.9865E+02  1.761E+08  1.756E-04  7.584E+00
     861      1    142      1    136      1      54     1.8719E+02  1.394E+08  1.000E-30  4.860E+00
     863      1    142      1    141      1      54     3.4847E+00  4.614E+02  3.411E-04  1.894E+00
     864      1    143      1    124      1      54     9.9046E+02  4.169E+09  2.676E-06  3.168E+01
     865      1    143      1    126      1      54     9.6956E+02  2.603E+08  1.000E-30  5.009E+00
     866      1    143      1    129      1      54     4.9517E+02  1.249E+09  1.111E-05  1.829E+01
     869      1    143      1    131      1      54     4.8253E+02  1.589E+08  1.000E-30  2.897E+00
     872      1    143      1    135      1      54     1.9720E+02  3.097E+08  8.446E-05  9.443E+00
     874      1    143      1    137      1      54     1.8876E+02  7.172E+07  1.000E-30  9.792E-01
     877      1    143      1    142      1      54     4.1712E+00  9.125E+02  4.556E-05  5.451E+00
     878      1    144      1    125      1      54     9.7774E+02  5.925E+09  7.470E-06  1.006E+01
     879      1    144      1    127      1      54     9.6221E+02  5.428E+07  1.000E-30  3.040E+00
     881      1    144      1    130      1      54     4.8829E+02  1.848E+09  3.236E-05  5.812E+00
     882      1    144      1    132      1      54     4.7651E+02  5.661E+07  1.000E-30  1.755E+00
     884      1    144      1    136      1      54     1.9328E+02  4.626E+08  2.979E-04  2.549E+00
     885      1    144      1    138      1      54     1.8342E+02  3.272E+07  1.000E-30  3.402E-01
     887      1    144      1    143      1      54     1.9160E+00  3.883E+01  5.211E-05  1.256E+00
     888      1    145      1    126      1      54     9.7835E+02  6.818E+09  1.230E-05  5.012E+00
     890      1    145      1    131      1      54     4.9132E+02  2.526E+09  6.220E-05  2.899E+00
     891      1    145      1    133      1      54     4.8223E+02  1.464E+07  1.000E-30  1.183E+00
     893      1    145      1    137      1      54     1.9755E+02  7.242E+08  7.010E-04  1.136E+00
     894      1    145      1    139      1      54     1.8956E+02  1.671E+07  1.000E-30  1.716E-01
     896      1    145      1    144      1      54     6.8766E+00  8.974E+02  4.721E-05  4.952E-01
     897      1    146      1    127      1      54     9.6958E+02  4.899E+09  1.164E-05  3.041E+00
     898      1    146      1    132      1      54     4.8388E+02  2.724E+09  9.018E-05  1.756E+00
     899      1    146      1    138      1      54     1.9078E+02  8.682E+08  1.297E-03  6.357E-01
     900      1    146      1    140      1      54     1.8955E+02  5.122E+06  1.000E-30  1.133E-01
     901      1    146      1    145      1      54     4.8959E-01  1.363E-01  3.071E-05  2.492E-01
     902      1    147      1    133      1      54     4.8306E+02  2.284E+09  9.240E-05  1.182E+00
     903      1    147      1    139      1      54     1.9039E+02  1.163E+09  2.245E-03  4.055E-01
     904      1    147      1    146      1      54     3.3818E-01  2.268E-02  2.194E-05  1.440E-01
     905      1    148      1    140      1      54     1.9013E+02  1.540E+09  3.654E-03  2.807E-01
     906      1    148      1    147      1      54     2.4746E-01  3.524E-03  1.175E-05  9.026E-02
     907      1    149      1    124      1      54     1.1162E+03  2.123E+09  1.000E-30  3.168E+01
     908      1    149      1    129      1      54     6.2092E+02  8.998E+08  1.000E-30  1.829E+01
     910      1    149      1    135      1      54     3.2295E+02  3.787E+08  1.000E-30  1.150E+01
     913      1    149      1    142      1      54     1.2992E+02  1.298E+08  1.000E-30  7.705E+00
     915      1    150      1    123      1      54     1.1354E+03  1.801E+09  1.336E-05  5.458E+00
     916      1    150      1    125      1      54     1.1038E+03  6.322E+08  1.000E-30  1.006E+01
     917      1    150      1    128      1      54     6.3256E+02  6.239E+08  2.700E-05  5.410E+00
     918      1    150      1    130      1      54     6.1433E+02  3.142E+08  1.000E-30  5.820E+00
     919      1    150      1    134      1      54     3.3078E+02  2.180E+08  6.644E-05  5.373E+00
     921      1    150      1    136      1      54     3.1933E+02  1.492E+08  1.000E-30  2.899E+00
     923      1    150      1    141      1      54     1.3562E+02  6.075E+07  2.705E-04  5.335E+00
     925      1    150      1    143      1      54     1.2796E+02  5.575E+07  1.000E-30  3.483E+00
     927      1    150      1    149      1      54     2.2069E+00  1.247E+02  5.912E-04  1.163E+00
     928      1    151      1    124      1      54     1.1216E+03  3.301E+09  1.459E-06  3.166E+01
     929      1    151      1    126      1      54     1.1007E+03  1.871E+08  1.000E-30  5.022E+00
     930      1    151      1    129      1      54     6.2630E+02  1.117E+09  4.912E-06  1.828E+01
     931      1    151      1    131      1      54     6.1366E+02  1.227E+08  1.000E-30  2.909E+00
     933      1    151      1    135      1      54     3.2833E+02  3.814E+08  2.122E-05  1.003E+01
     935      1    151      1    137      1      54     3.1989E+02  7.062E+07  1.000E-30  6.337E-01
     937      1    151      1    142      1      54     1.3530E+02  1.048E+08  1.334E-04  6.264E+00
     939      1    151      1    144      1      54     1.2921E+02  3.111E+07  1.000E-30  7.162E-01
     941      1    151      1    150      1      54     3.1681E+00  4.696E+02  7.682E-05  3.797E+00
     942      1    152      1    125      1      54     1.1084E+03  4.532E+09  3.917E-06  1.007E+01
     943      1    152      1    127      1      54     1.0929E+03  3.666E+07  1.000E-30  3.051E+00
     944      1    152      1    130      1      54     6.1900E+02  1.601E+09  1.374E-05  5.825E+00
     945      1    152      1    132      1      54     6.0722E+02  4.085E+07  1.000E-30  1.766E+00
     947      1    152      1    136      1      54     3.2399E+02  5.548E+08  6.710E-05  2.881E+00
     948      1    152      1    138      1      54     3.1413E+02  3.049E+07  1.000E-30  3.667E-01
     950      1    152      1    143      1      54     1.3263E+02  1.519E+08  4.600E-04  1.677E+00
     951      1    152      1    145      1      54     1.2383E+02  1.502E+07  1.000E-30  2.519E-01
     953      1    152      1    151      1      54     1.4980E+00  2.162E+01  8.635E-05  8.828E-01
     954      1    153      1    126      1      54     1.1088E+03  4.861E+09  6.009E-06  5.024E+00
     955      1    153      1    131      1      54     6.2180E+02  2.028E+09  2.453E-05  2.911E+00
     956      1    153      1    133      1      54     6.1271E+02  9.303E+06  1.000E-30  1.195E+00
     958      1    153      1    137      1      54     3.2803E+02  7.823E+08  1.395E-04  1.346E+00
     959      1    153      1    139      1      54     3.2004E+02  1.284E+07  1.000E-30  2.785E-01
     961      1    153      1    144      1      54     1.3736E+02  2.433E+08  1.070E-03  7.437E-01
     962      1    153      1    146      1      54     1.2999E+02  9.852E+06  1.000E-30  1.215E-01
     963      1    153      1    152      1      54     6.6466E+00  9.749E+02  8.065E-05  3.487E-01
     964      1    154      1    127      1      54     1.0999E+03  3.084E+09  5.000E-06  3.053E+00
     965      1    154      1    132      1      54     6.1421E+02  1.944E+09  3.127E-05  1.768E+00
     966      1    154      1    138      1      54     3.2112E+02  8.711E+08  2.215E-04  7.822E-01
     967      1    154      1    140      1      54     3.1988E+02  3.208E+06  1.000E-30  2.220E-01
     968      1    154      1    145      1      54     1.3082E+02  2.696E+08  1.925E-03  4.130E-01
     969      1    154      1    147      1      54     1.3000E+02  4.548E+06  1.000E-30  7.457E-02
     970      1    154      1    153      1      54     3.4390E-01  6.051E-02  5.591E-05  1.753E-01
     971      1    155      1    133      1      54     6.1329E+02  1.282E+09  2.509E-05  1.194E+00
     972      1    155      1    139      1      54     3.2062E+02  9.184E+08  2.923E-04  5.139E-01
     973      1    155      1    146      1      54     1.3057E+02  3.497E+08  3.243E-03  2.620E-01
     974      1    155      1    148      1      54     1.2999E+02  1.410E+06  1.000E-30  5.509E-02
     975      1    155      1    154      1      54     2.3759E-01  1.122E-02  4.459E-05  1.012E-01
     976      1    156      1    124      1      54     1.2114E+03  1.638E+09  1.000E-30  3.166E+01
     977      1    156      1    129      1      54     7.1613E+02  7.285E+08  1.000E-30  1.828E+01
     978      1    156      1    135      1      54     4.1816E+02  3.381E+08  1.000E-30  1.151E+01
     980      1    156      1    142      1      54     2.2513E+02  1.526E+08  1.000E-30  7.714E+00
     983      1    156      1    150      1      54     9.3002E+01  5.539E+07  1.000E-30  5.407E+00
     985      1    157      1    123      1      54     1.2298E+03  1.423E+09  1.130E-05  4.013E+00
     986      1    157      1    125      1      54     1.1982E+03  4.781E+08  1.000E-30  1.007E+01
     987      1    157      1    128      1      54     7.2695E+02  5.239E+08  2.038E-05  3.965E+00
     988      1    157      1    130      1      54     7.0872E+02  2.487E+08  1.000E-30  5.828E+00
     989      1    157      1    134      1      54     4.2517E+02  2.068E+08  4.053E-05  3.933E+00
     990      1    157      1    136      1      54     4.1371E+02  1.291E+08  1.000E-30  2.011E+00
     991      1    157      1    141      1      54     2.3000E+02  7.959E+07  9.918E-05  3.908E+00
     993      1    157      1    143      1      54     2.2235E+02  6.338E+07  1.000E-30  2.191E+00
     995      1    157      1    149      1      54     9.6594E+01  2.368E+07  4.010E-04  3.883E+00
     997      1    157      1    151      1      54     9.1219E+01  2.427E+07  1.000E-30  2.575E+00
     999      1    157      1    156      1      54     1.3856E+00  3.172E+01  1.027E-03  6.886E-01
    1000      1    158      1    124      1      54     1.2153E+03  2.587E+09  8.989E-07  3.167E+01
    1001      1    158      1    126      1      54     1.1944E+03  1.374E+08  1.000E-30  5.030E+00
    1002      1    158      1    129      1      54     7.2004E+02  9.330E+08  2.700E-06  1.828E+01
    1003      1    158      1    131      1      54     7.0740E+02  9.341E+07  1.000E-30  2.918E+00
    1004      1    158      1    135      1      54     4.2207E+02  3.601E+08  9.075E-06  1.042E+01
    1005      1    158      1    137      1      54     4.1363E+02  5.822E+07  1.000E-30  7.884E-01
    1007      1    158      1    142      1      54     2.2904E+02  1.359E+08  3.371E-05  6.626E+00
    1009      1    158      1    144      1      54     2.2296E+02  3.303E+07  1.000E-30  4.415E-01
    1011      1    158      1    150      1      54     9.6914E+01  4.051E+07  2.017E-04  4.357E+00
    1012      1    158      1    152      1      54     9.2248E+01  1.438E+07  1.000E-30  5.419E-01
    1014      1    158      1    157      1      54     2.5273E+00  2.771E+02  1.235E-04  2.746E+00
    1015      1    159      1    125      1      54     1.2019E+03  3.476E+09  2.355E-06  1.008E+01
    1016      1    159      1    127      1      54     1.1864E+03  2.582E+07  1.000E-30  3.061E+00
    1017      1    159      1    130      1      54     7.1248E+02  1.310E+09  7.357E-06  5.833E+00
    1018      1    159      1    132      1      54     7.0070E+02  2.955E+07  1.000E-30  1.775E+00
    1019      1    159      1    136      1      54     4.1747E+02  5.140E+08  2.705E-05  3.095E+00
    1020      1    159      1    138      1      54     4.0761E+02  2.394E+07  1.000E-30  5.437E-01
    1022      1    159      1    143      1      54     2.2610E+02  1.941E+08  1.056E-04  1.884E+00
    1023      1    159      1    145      1      54     2.1731E+02  1.580E+07  1.000E-30  2.225E-01
    1025      1    159      1    151      1      54     9.4977E+01  5.716E+07  6.820E-04  1.160E+00
    1026      1    159      1    153      1      54     8.6832E+01  6.981E+06  1.000E-30  1.925E-01
    1028      1    159      1    158      1      54     1.2307E+00  1.364E+01  1.353E-04  6.411E-01
    1029      1    160      1    126      1      54     1.2022E+03  3.557E+09  3.445E-06  5.032E+00
    1030      1    160      1    131      1      54     7.1513E+02  1.578E+09  1.252E-05  2.919E+00
    1031      1    160      1    133      1      54     7.0604E+02  6.248E+06  1.000E-30  1.203E+00
    1032      1    160      1    137      1      54     4.2136E+02  6.838E+08  5.222E-05  1.482E+00
    1033      1    160      1    139      1      54     4.1337E+02  9.017E+06  1.000E-30  4.053E-01
    1035      1    160      1    144      1      54     2.3069E+02  2.805E+08  2.215E-04  8.737E-01
    1036      1    160      1    146      1      54     2.2332E+02  8.497E+06  1.000E-30  1.656E-01
    1037      1    160      1    152      1      54     9.9979E+01  9.551E+07  1.589E-03  5.101E-01
    1038      1    160      1    154      1      54     9.2988E+01  5.535E+06  1.000E-30  9.187E-02
    1039      1    160      1    159      1      54     6.4994E+00  1.061E+03  1.285E-04  2.547E-01
    1040      1    161      1    127      1      54     1.1932E+03  2.080E+09  2.636E-06  3.060E+00
    1041      1    161      1    132      1      54     7.0745E+02  1.402E+09  1.469E-05  1.776E+00
    1042      1    161      1    138      1      54     4.1436E+02  7.163E+08  7.591E-05  8.737E-01
    1043      1    161      1    140      1      54     4.1312E+02  1.996E+06  1.000E-30  3.141E-01
    1044      1    161      1    145      1      54     2.2406E+02  3.082E+08  3.564E-04  5.064E-01
    1045      1    161      1    147      1      54     2.2323E+02  3.367E+06  1.000E-30  1.333E-01
    1046      1    161      1    153      1      54     9.3583E+01  9.565E+07  2.732E-03  2.822E-01
    1047      1    161      1    155      1      54     9.3001E+01  3.067E+06  1.000E-30  5.375E-02
    1048      1    161      1    160      1      54     2.5061E-01  2.813E-02  9.206E-05  1.279E-01
    1049      1    162      1    133      1      54     7.0646E+02  8.038E+08  1.022E-05  1.202E+00
    1050      1    162      1    139      1      54     4.1380E+02  6.528E+08  8.488E-05  5.851E-01
    1051      1    162      1    146      1      54     2.2375E+02  3.489E+08  5.059E-04  3.319E-01
    1052      1    162      1    148      1      54     2.2316E+02  8.516E+05  1.000E-30  1.108E-01
    1053      1    162      1    154      1      54     9.3412E+01  1.218E+08  4.527E-03  1.788E-01
    1054      1    162      1    161      1      54     1.7317E-01  5.554E-03  7.811E-05  7.378E-02
    1381      1    165      1    164      1       1     1.0199E+01  4.019E+01  1.801E-05  1.435E-02
    1384      1    167      1    164      1       1     1.0199E+01  8.038E+01  3.601E-05  1.435E-02
    1387      1    169      1    164      1       1     1.2088E+01  3.699E+01  7.396E-06  2.050E-02
    1389      1    169      1    166      1       1     1.8887E+00  7.760E-01  1.592E-06  1.913E-02
    1392      1    168      1    165      1       1     1.8887E+00  2.426E-02  1.060E-07  9.732E-03
    1394      1    168      1    167      1       1     1.8886E+00  4.852E-02  2.120E-07  9.732E-03
    1396      1    170      1    165      1       1     1.8887E+00  1.242E+00  7.912E-06  7.062E-03
    1398      1    170      1    167      1       1     1.8887E+00  2.482E+00  1.581E-05  7.065E-03
    1399      1    172      1    164      1       1     1.2749E+01  1.335E+01  2.076E-06  2.646E-02
    1401      1    172      1    166      1       1     2.5497E+00  3.789E-01  5.857E-08  1.448E-01
    1404      1    172      1    168      1       1     6.6104E-01  3.115E-02  3.449E-07  2.710E-02
    1405      1    172      1    170      1       1     6.6103E-01  3.531E-03  4.244E-08  2.443E-02
    1407      1    171      1    165      1       1     2.5497E+00  1.124E-02  1.102E-08  2.505E-02
    1409      1    171      1    167      1       1     2.5497E+00  2.248E-02  2.203E-08  2.505E-02
    1410      1    171      1    169      1       1     6.6103E-01  6.223E-03  6.493E-08  2.789E-02
    1414      1    173      1    165      1       1     2.5497E+00  4.496E-01  5.715E-07  2.004E-02
    1416      1    173      1    167      1       1     2.5497E+00  9.007E-01  1.145E-06  2.004E-02
    1417      1    173      1    169      1       1     6.6104E-01  1.192E-01  1.534E-06  2.288E-02
    1425      1    174      1    170      1       1     6.6103E-01  3.272E-01  5.765E-06  1.682E-02
    1426      1    176      1    164      1       1     1.3054E+01  2.014E+00  7.274E-07  3.514E-02
    1428      1    176      1    166      1       1     2.8557E+00  6.352E-02  7.368E-08  5.384E-02
    1430      1    176      1    168      1       1     9.6701E-01  7.117E-03  5.857E-08  5.721E-02
    1431      1    176      1    170      1       1     9.6699E-01  6.488E-04  5.511E-09  5.454E-02
    1433      1    176      1    171      1       1     3.0597E-01  1.012E-03  5.512E-08  7.110E-02
    1434      1    176      1    173      1       1     3.0596E-01  2.587E-04  1.499E-08  6.609E-02
    1437      1    175      1    165      1       1     2.8557E+00  1.830E-03  2.029E-09  5.617E-02
    1439      1    175      1    167      1       1     2.8556E+00  3.660E-03  4.059E-09  5.617E-02
    1440      1    175      1    169      1       1     9.6700E-01  1.309E-03  1.028E-08  5.901E-02
    1443      1    175      1    172      1       1     3.0596E-01  2.952E-04  1.564E-08  7.211E-02
    1447      1    177      1    165      1       1     2.8557E+00  6.715E-02  8.762E-08  4.816E-02
    1449      1    177      1    167      1       1     2.8557E+00  1.341E-01  1.750E-07  4.816E-02
    1450      1    177      1    169      1       1     9.6700E-01  2.448E-02  2.223E-07  5.100E-02
    1453      1    177      1    172      1       1     3.0597E-01  3.404E-03  2.011E-07  6.409E-02
    1456      1    177      1    174      1       1     3.0596E-01  1.156E-04  7.828E-09  5.649E-02
    1461      1    178      1    170      1       1     9.6699E-01  4.600E-02  5.096E-07  4.194E-02
    1463      1    178      1    173      1       1     3.0596E-01  8.284E-03  5.878E-07  5.348E-02
    1469      1    179      1    174      1       1     3.0596E-01  1.758E-02  1.624E-06  4.039E-02
    1470      1    181      1    164      1       1     1.3221E+01  1.354E-01  3.156E-07  4.380E-02
    1472      1    181      1    166      1       1     3.0219E+00  4.475E-03  1.919E-08  1.088E-01
    1473      1    181      1    168      1       1     1.1332E+00  5.610E-04  1.468E-08  1.122E-01
    1474      1    181      1    170      1       1     1.1332E+00  4.598E-05  1.215E-09  1.095E-01
    1476      1    181      1    171      1       1     4.7217E-01  1.091E-04  1.211E-08  1.260E-01
    1477      1    181      1    173      1       1     4.7216E-01  2.306E-05  2.646E-09  1.210E-01
    1480      1    181      1    175      1       1     1.6620E-01  2.097E-05  4.356E-09  1.565E-01
    1481      1    181      1    177      1       1     1.6620E-01  8.264E-06  1.842E-09  1.485E-01
    1484      1    180      1    165      1       1     3.0219E+00  1.281E-04  5.318E-10  1.123E-01
    1486      1    180      1    167      1       1     3.0218E+00  2.558E-04  1.062E-09  1.123E-01
    1487      1    180      1    169      1       1     1.1332E+00  9.921E-05  2.499E-09  1.152E-01
    1488      1    180      1    172      1       1     4.7217E-01  2.913E-05  3.163E-09  1.283E-01
    1491      1    180      1    176      1       1     1.6620E-01  7.706E-06  1.615E-09  1.577E-01
    1495      1    182      1    165      1       1     3.0219E+00  4.470E-03  2.077E-08  1.007E-01
    1497      1    182      1    167      1       1     3.0219E+00  8.965E-03  4.165E-08  1.007E-01
    1498      1    182      1    169      1       1     1.1332E+00  1.837E-03  5.144E-08  1.035E-01
    1499      1    182      1    172      1       1     4.7217E-01  3.520E-04  4.181E-08  1.166E-01
    1502      1    182      1    174      1       1     4.7216E-01  8.746E-06  1.119E-09  1.090E-01
    1503      1    182      1    176      1       1     1.6620E-01  6.453E-05  1.437E-08  1.460E-01
    1506      1    182      1    178      1       1     1.6620E-01  5.611E-06  1.393E-09  1.334E-01
    1509      1    183      1    170      1       1     1.1332E+00  2.940E-03  9.391E-08  9.076E-02
    1511      1    183      1    173      1       1     4.7216E-01  7.339E-04  9.954E-08  1.023E-01
    1513      1    183      1    177      1       1     1.6620E-01  1.454E-04  3.690E-08  1.298E-01
    1514      1    183      1    179      1       1     1.6620E-01  2.287E-06  6.949E-10  1.137E-01
    1517      1    184      1    174      1       1     4.7216E-01  1.006E-03  1.649E-07  8.432E-02
    1519      1    184      1    178      1       1     1.6620E-01  2.867E-04  8.484E-08  1.088E-01
    1521      1    185      1    179      1       1     1.6620E-01  5.207E-04  2.018E-07  8.463E-02
    1523      1    186      1    165      1       1     3.1221E+00  9.962E-06  1.349E-10  2.046E-01
    1524      1    186      1    167      1       1     3.1221E+00  1.992E-05  2.697E-10  2.046E-01
    1525      1    186      1    169      1       1     1.2334E+00  8.065E-06  3.020E-10  2.075E-01
    1526      1    186      1    172      1       1     5.7238E-01  2.597E-06  1.000E-30  2.206E-01
    1527      1    186      1    176      1       1     2.6642E-01  9.002E-07  1.000E-30  2.500E-01
    1530      1    186      1    181      1       1     1.0021E-01  2.645E-07  1.000E-30  3.046E-01
    1533      1    187      1    164      1       1     1.3321E+01  1.031E-02  1.475E-07  5.471E-02
    1534      1    187      1    166      1       1     3.1221E+00  3.505E-04  4.866E-09  1.996E-01
    1535      1    187      1    168      1       1     1.2334E+00  4.662E-05  1.843E-09  2.030E-01
    1536      1    187      1    170      1       1     1.2334E+00  3.582E-06  1.387E-10  2.004E-01
    1537      1    187      1    171      1       1     5.7238E-01  1.013E-05  1.000E-30  2.169E-01
    1538      1    187      1    173      1       1     5.7238E-01  1.930E-06  1.000E-30  2.119E-01
    1540      1    187      1    175      1       1     2.6642E-01  2.658E-06  1.000E-30  2.474E-01
    1541      1    187      1    177      1       1     2.6642E-01  8.830E-07  1.000E-30  2.394E-01
    1544      1    187      1    180      1       1     1.0022E-01  6.142E-07  1.000E-30  3.032E-01
    1545      1    187      1    182      1       1     1.0021E-01  3.203E-07  1.000E-30  2.915E-01
    1548      1    188      1    165      1       1     3.1221E+00  3.394E-04  4.993E-09  1.886E-01
    1549      1    188      1    167      1       1     3.1221E+00  6.788E-04  9.986E-09  1.886E-01
    1550      1    188      1    169      1       1     1.2334E+00  1.480E-04  6.009E-09  1.915E-01
    1551      1    188      1    172      1       1     5.7238E-01  3.188E-05  1.000E-30  2.046E-01
    1552      1    188      1    174      1       1     5.7238E-01  6.713E-07  1.000E-30  1.970E-01
    1553      1    188      1    176      1       1     2.6642E-01  8.076E-06  1.000E-30  2.340E-01
    1556      1    188      1    178      1       1     2.6642E-01  5.317E-07  1.000E-30  2.214E-01
    1558      1    188      1    181      1       1     1.0022E-01  1.782E-06  1.000E-30  2.886E-01
    1561      1    188      1    183      1       1     1.0021E-01  2.638E-07  1.000E-30  2.699E-01
    1564      1    189      1    170      1       1     1.2334E+00  2.174E-04  9.682E-09  1.744E-01
    1565      1    189      1    173      1       1     5.7238E-01  6.138E-05  1.000E-30  1.859E-01
    1567      1    189      1    177      1       1     2.6642E-01  1.689E-05  1.000E-30  2.134E-01
    1568      1    189      1    179      1       1     2.6642E-01  1.806E-07  1.000E-30  1.973E-01
    1570      1    189      1    182      1       1     1.0021E-01  3.798E-06  1.000E-30  2.655E-01
    1571      1    189      1    184      1       1     1.0021E-01  1.626E-07  1.000E-30  2.409E-01
    1573      1    190      1    174      1       1     5.7238E-01  6.939E-05  1.000E-30  1.622E-01
    1575      1    190      1    178      1       1     2.6642E-01  2.749E-05  1.000E-30  1.866E-01
    1577      1    190      1    183      1       1     1.0021E-01  7.091E-06  1.000E-30  2.351E-01
    1578      1    190      1    185      1       1     1.0021E-01  6.314E-08  1.000E-30  2.060E-01
    1580      1    191      1    179      1       1     2.6642E-01  3.117E-05  1.000E-30  1.552E-01
    1581      1    191      1    184      1       1     1.0021E-01  1.224E-05  1.000E-30  1.988E-01
    1583      1    192      1    185      1       1     1.0021E-01  2.018E-05  1.000E-30  1.587E-01
    1585      1    193      1    165      1       1     3.1872E+00  1.024E-06  5.185E-11  3.461E-01
    1586      1    193      1    167      1       1     3.1871E+00  2.048E-06  1.037E-10  3.461E-01
    1587      1    193      1    169      1       1     1.2985E+00  8.461E-07  1.204E-10  3.490E-01
    1588      1    193      1    172      1       1     6.3742E-01  2.851E-07  1.000E-30  3.621E-01
    1589      1    193      1    176      1       1     3.3146E-01  1.086E-07  1.000E-30  3.915E-01
    1590      1    193      1    181      1       1     1.6526E-01  4.226E-08  1.000E-30  4.461E-01
    1594      1    193      1    187      1       1     6.5043E-02  1.345E-08  3.877E-12  5.368E-01
    1596      1    194      1    164      1       1     1.3386E+01  1.044E-03  1.254E-08  3.493E-01
    1597      1    194      1    166      1       1     3.1871E+00  3.621E-05  1.870E-09  3.395E-01
    1598      1    194      1    168      1       1     1.2985E+00  4.945E-06  7.376E-10  3.429E-01
    1599      1    194      1    170      1       1     1.2985E+00  3.671E-07  5.354E-11  3.402E-01
    1600      1    194      1    171      1       1     6.3743E-01  1.145E-06  1.000E-30  3.567E-01
    1601      1    194      1    173      1       1     6.3742E-01  2.039E-07  1.000E-30  3.517E-01
    1602      1    194      1    175      1       1     3.3146E-01  3.355E-07  1.000E-30  3.872E-01
    1603      1    194      1    177      1       1     3.3146E-01  1.017E-07  1.000E-30  3.792E-01
    1605      1    194      1    180      1       1     1.6526E-01  1.057E-07  1.000E-30  4.430E-01
    1606      1    194      1    182      1       1     1.6526E-01  4.758E-08  1.000E-30  4.313E-01
    1608      1    194      1    186      1       1     6.5044E-02  2.788E-08  8.061E-12  5.351E-01
    1610      1    194      1    188      1       1     6.5043E-02  1.767E-08  5.267E-12  5.191E-01
    1613      1    195      1    165      1       1     3.1872E+00  3.435E-05  1.853E-09  3.251E-01
    1614      1    195      1    167      1       1     3.1871E+00  6.870E-05  3.707E-09  3.251E-01
    1615      1    195      1    169      1       1     1.2985E+00  1.546E-05  2.343E-09  3.280E-01
    1616      1    195      1    172      1       1     6.3742E-01  3.542E-06  1.000E-30  3.411E-01
    1617      1    195      1    174      1       1     6.3742E-01  6.726E-08  1.000E-30  3.334E-01
    1618      1    195      1    176      1       1     3.3146E-01  1.010E-06  1.000E-30  3.705E-01
    1619      1    195      1    178      1       1     3.3146E-01  5.688E-08  1.000E-30  3.579E-01
    1620      1    195      1    181      1       1     1.6526E-01  3.077E-07  1.000E-30  4.251E-01
    1623      1    195      1    183      1       1     1.6526E-01  3.547E-08  1.000E-30  4.064E-01
    1626      1    195      1    187      1       1     6.5044E-02  7.730E-08  2.319E-11  5.157E-01
    1628      1    195      1    189      1       1     6.5043E-02  1.632E-08  5.157E-12  4.898E-01
    1631      1    196      1    170      1       1     1.2985E+00  2.158E-05  3.502E-09  3.059E-01
    1632      1    196      1    173      1       1     6.3742E-01  6.488E-06  1.000E-30  3.174E-01
    1633      1    196      1    177      1       1     3.3146E-01  2.014E-06  1.000E-30  3.449E-01
    1634      1    196      1    179      1       1     3.3146E-01  1.745E-08  1.000E-30  3.288E-01
    1636      1    196      1    182      1       1     1.6526E-01  6.284E-07  1.000E-30  3.970E-01
    1637      1    196      1    184      1       1     1.6526E-01  1.907E-08  1.000E-30  3.724E-01
    1639      1    196      1    188      1       1     6.5043E-02  1.580E-07  5.044E-11  4.848E-01
    1640      1    196      1    190      1       1     6.5043E-02  1.214E-08  4.174E-12  4.500E-01
    1642      1    197      1    174      1       1     6.3742E-01  6.577E-06  1.000E-30  2.870E-01
    1643      1    197      1    178      1       1     3.3146E-01  2.945E-06  1.000E-30  3.114E-01
    1645      1    197      1    183      1       1     1.6526E-01  1.060E-06  1.000E-30  3.599E-01
    1646      1    197      1    185      1       1     1.6526E-01  6.117E-09  1.000E-30  3.309E-01
    1648      1    197      1    189      1       1     6.5043E-02  2.822E-07  9.849E-11  4.433E-01
    1649      1    197      1    191      1       1     6.5043E-02  7.127E-09  2.749E-12  4.013E-01
    1651      1    198      1    179      1       1     3.3146E-01  2.688E-06  1.000E-30  2.717E-01
    1652      1    198      1    184      1       1     1.6526E-01  1.479E-06  1.000E-30  3.153E-01
    1653      1    198      1    190      1       1     6.5043E-02  4.713E-07  1.856E-10  3.929E-01
    1654      1    198      1    192      1       1     6.5043E-02  2.684E-09  1.202E-12  3.456E-01
    1656      1    199      1    185      1       1     1.6526E-01  1.475E-06  1.000E-30  2.652E-01
    1657      1    199      1    191      1       1     6.5043E-02  7.459E-07  3.440E-10  3.356E-01
    1659      1    200      1    192      1       1     6.5043E-02  1.146E-06  6.478E-10  2.738E-01
    1661      1    201      1    165      1       1     3.2317E+00  1.340E-07  2.236E-11  5.519E-01
    1662      1    201      1    167      1       1     3.2317E+00  2.681E-07  4.472E-11  5.519E-01
    1663      1    201      1    169      1       1     1.3431E+00  1.123E-07  5.299E-11  5.547E-01
    1664      1    201      1    172      1       1     6.8202E-01  3.900E-08  1.000E-30  5.678E-01
    1665      1    201      1    176      1       1     3.7605E-01  1.554E-08  1.000E-30  5.973E-01
    1666      1    201      1    181      1       1     2.0985E-01  6.655E-09  1.000E-30  6.518E-01
    1668      1    201      1    187      1       1     1.0964E-01  2.810E-09  1.115E-12  7.425E-01
    1673      1    202      1    164      1       1     1.3431E+01  1.354E-04  5.421E-09  5.531E-01
    1674      1    202      1    166      1       1     3.2317E+00  4.764E-06  8.074E-10  5.433E-01
    1675      1    202      1    168      1       1     1.3431E+00  6.679E-07  3.284E-10  5.467E-01
    1676      1    202      1    170      1       1     1.3430E+00  4.779E-08  2.296E-11  5.440E-01
    1677      1    202      1    171      1       1     6.8202E-01  1.589E-07  1.000E-30  5.606E-01
    1678      1    202      1    173      1       1     6.8201E-01  2.724E-08  1.000E-30  5.556E-01
    1679      1    202      1    175      1       1     3.7606E-01  4.937E-08  1.000E-30  5.910E-01
    1680      1    202      1    177      1       1     3.7605E-01  1.406E-08  1.000E-30  5.830E-01
    1681      1    202      1    180      1       1     2.0985E-01  1.748E-08  1.000E-30  6.468E-01
    1682      1    202      1    182      1       1     2.0985E-01  7.164E-09  1.000E-30  6.352E-01
    1683      1    202      1    186      1       1     1.0964E-01  6.267E-09  2.500E-12  7.389E-01
    1685      1    202      1    188      1       1     1.0964E-01  3.467E-09  1.413E-12  7.229E-01
    1687      1    202      1    193      1       1     4.4594E-02  1.812E-09  5.538E-13  8.803E-01
    1692      1    203      1    165      1       1     3.2317E+00  4.456E-06  7.816E-10  5.252E-01
    1693      1    203      1    167      1       1     3.2317E+00  8.913E-06  1.563E-09  5.252E-01
    1694      1    203      1    169      1       1     1.3431E+00  2.047E-06  1.014E-09  5.280E-01
    1695      1    203      1    172      1       1     6.8202E-01  4.863E-07  1.000E-30  5.411E-01
    1696      1    203      1    174      1       1     6.8201E-01  8.650E-09  1.000E-30  5.335E-01
    1697      1    203      1    176      1       1     3.7605E-01  1.473E-07  1.000E-30  5.706E-01
    1698      1    203      1    178      1       1     3.7605E-01  7.514E-09  1.000E-30  5.580E-01
    1699      1    203      1    181      1       1     2.0985E-01  5.056E-08  1.000E-30  6.251E-01
    1700      1    203      1    183      1       1     2.0985E-01  5.040E-09  1.000E-30  6.064E-01
    1702      1    203      1    187      1       1     1.0964E-01  1.750E-08  7.206E-12  7.158E-01
    1704      1    203      1    189      1       1     1.0964E-01  2.940E-09  1.256E-12  6.898E-01
    1706      1    203      1    194      1       1     4.4594E-02  4.845E-09  1.523E-12  8.555E-01
    1710      1    204      1    170      1       1     1.3430E+00  2.767E-06  1.446E-09  5.003E-01
    1711      1    204      1    173      1       1     6.8202E-01  8.626E-07  1.000E-30  5.118E-01
    1712      1    204      1    177      1       1     3.7605E-01  2.852E-07  1.000E-30  5.393E-01
    1713      1    204      1    179      1       1     3.7605E-01  2.167E-09  1.000E-30  5.232E-01
    1714      1    204      1    182      1       1     2.0985E-01  1.007E-07  1.000E-30  5.914E-01
    1715      1    204      1    184      1       1     2.0985E-01  2.503E-09  1.000E-30  5.667E-01
    1717      1    204      1    188      1       1     1.0964E-01  3.500E-08  1.519E-11  6.792E-01
    1718      1    204      1    190      1       1     1.0964E-01  1.971E-09  9.016E-13  6.444E-01
    1720      1    204      1    195      1       1     4.4593E-02  9.589E-09  3.163E-12  8.155E-01
    1723      1    205      1    174      1       1     6.8201E-01  8.201E-07  1.000E-30  4.738E-01
    1724      1    205      1    178      1       1     3.7605E-01  3.908E-07  1.000E-30  4.982E-01
    1725      1    205      1    183      1       1     2.0985E-01  1.592E-07  1.000E-30  5.467E-01
    1728      1    205      1    189      1       1     1.0964E-01  5.927E-08  2.772E-11  6.301E-01
    1731      1    205      1    196      1       1     4.4593E-02  1.664E-08  5.879E-12  7.615E-01
    1734      1    206      1    179      1       1     3.7605E-01  3.135E-07  1.000E-30  4.491E-01
    1735      1    206      1    184      1       1     2.0985E-01  1.956E-07  1.000E-30  4.926E-01
    1736      1    206      1    190      1       1     1.0964E-01  8.730E-08  4.512E-11  5.703E-01
    1738      1    206      1    197      1       1     4.4593E-02  2.705E-08  1.047E-11  6.949E-01
    1741      1    207      1    185      1       1     2.0985E-01  1.536E-07  1.000E-30  4.312E-01
    1742      1    207      1    191      1       1     1.0964E-01  1.089E-07  6.400E-11  5.016E-01
    1743      1    207      1    198      1       1     4.4593E-02  4.145E-08  1.804E-11  6.179E-01
    1746      1    208      1    185      1       1     2.4771E-01  2.320E-08  1.000E-30  6.738E-01
    1747      1    208      1    191      1       1     1.4750E-01  2.010E-08  2.012E-11  7.442E-01
    1748      1    208      1    198      1       1     8.2456E-02  1.224E-08  5.120E-12  8.605E-01
    1750      1    208      1    206      1       1     3.7863E-02  6.305E-09  1.916E-12  1.038E+00
    1752      1    209      1    170      1       1     1.3809E+00  4.440E-07  6.691E-10  7.746E-01
    1753      1    209      1    173      1       1     7.1991E-01  1.444E-07  1.000E-30  7.861E-01
    1754      1    209      1    177      1       1     4.1395E-01  5.078E-08  1.000E-30  8.136E-01
    1756      1    209      1    182      1       1     2.4775E-01  1.988E-08  1.000E-30  8.657E-01
    1758      1    209      1    188      1       1     1.4753E-01  8.370E-09  6.537E-12  9.535E-01
    1761      1    209      1    195      1       1     8.2489E-02  3.631E-09  1.198E-12  1.090E+00
    1767      1    210      1    179      1       1     4.1400E-01  4.923E-08  1.000E-30  7.044E-01
    1768      1    210      1    184      1       1     2.4780E-01  3.415E-08  1.000E-30  7.479E-01
    1769      1    210      1    190      1       1     1.4759E-01  1.856E-08  1.672E-11  8.256E-01
    1771      1    210      1    197      1       1     8.2546E-02  9.152E-09  3.459E-12  9.502E-01
    1773      1    210      1    205      1       1     3.7953E-02  4.216E-09  1.164E-12  1.137E+00
    1775      1    211      1    164      1       1     1.3469E+01  2.175E-05  2.585E-09  8.380E-01
    1776      1    211      1    166      1       1     3.2697E+00  7.711E-07  3.828E-10  8.282E-01
    1777      1    211      1    168      1       1     1.3810E+00  1.104E-07  1.591E-10  8.316E-01
    1778      1    211      1    170      1       1     1.3810E+00  7.790E-09  1.097E-11  8.289E-01
    1779      1    211      1    171      1       1     7.2000E-01  2.744E-08  1.000E-30  8.454E-01
    1780      1    211      1    173      1       1     7.1999E-01  4.570E-09  1.000E-30  8.404E-01
    1781      1    211      1    175      1       1     4.1404E-01  9.064E-09  1.000E-30  8.759E-01
    1782      1    211      1    177      1       1     4.1403E-01  2.472E-09  1.000E-30  8.679E-01
    1783      1    211      1    180      1       1     2.4783E-01  3.534E-09  1.000E-30  9.317E-01
    1796      1    212      1    165      1       1     3.2697E+00  7.151E-07  3.649E-10  8.058E-01
    1797      1    212      1    167      1       1     3.2697E+00  1.430E-06  7.297E-10  8.058E-01
    1798      1    212      1    169      1       1     1.3810E+00  3.368E-07  4.867E-10  8.087E-01
    1799      1    212      1    172      1       1     7.2001E-01  8.295E-08  1.000E-30  8.218E-01
    1801      1    212      1    176      1       1     4.1404E-01  2.684E-08  1.000E-30  8.512E-01
    1803      1    212      1    181      1       1     2.4784E-01  1.020E-08  1.000E-30  9.058E-01
    1805      1    212      1    187      1       1     1.4763E-01  4.258E-09  3.178E-12  9.964E-01
    1808      1    212      1    194      1       1     8.2583E-02  1.859E-09  5.871E-13  1.136E+00
    1815      1    213      1    165      1       1     3.2697E+00  2.164E-08  1.061E-11  8.389E-01
    1816      1    213      1    167      1       1     3.2697E+00  4.329E-08  2.122E-11  8.389E-01
    1817      1    213      1    169      1       1     1.3810E+00  1.852E-08  2.571E-11  8.417E-01
    1818      1    213      1    172      1       1     7.2001E-01  6.624E-09  1.000E-30  8.548E-01
    1819      1    213      1    176      1       1     4.1404E-01  2.790E-09  1.000E-30  8.843E-01
    1829      1    214      1    174      1       1     7.2002E-01  1.307E-07  1.000E-30  7.396E-01
    1830      1    214      1    178      1       1     4.1406E-01  6.648E-08  1.000E-30  7.641E-01
    1831      1    214      1    183      1       1     2.4786E-01  3.011E-08  1.000E-30  8.126E-01
    1833      1    214      1    189      1       1     1.4764E-01  1.358E-08  1.127E-11  8.960E-01
    1836      1    214      1    196      1       1     8.2598E-02  6.128E-09  2.140E-12  1.027E+00
    1838      1    214      1    204      1       1     3.8005E-02  2.698E-09  6.914E-13  1.222E+00
