#  File format type:   4
#
#  SPECT3D transition powers file.
#  RUN NAME:  xe_20-200ev_1e18-1e21_4mm
#  Total number of transitions   =     1890
#  Number of written transitions =      875
#  Plasma temperature (eV)       =     6.0000E+01
#  Mass density (g/cm3)          =     2.2432E-05
#  Cell areal density (g/cm2)    =     8.9730E-06
#  Material mass fractions       =     1.0000E+00
#  DCA material number fractions =     1.3000E-02    9.8700E-01
# -----------------------------------------------------
#
#
#   Trans.  Trans  Upper  Upper  Lower  Lower   Ioniz   Energy     Line Power Line Center Line Width
#   Index   Model  Level  Model  Level  Model   Stage   (eV)       (W/cm2)    Opt. Depth      eV
# --------------------------------------------------------------------------------------------------
       1      1      3      1      2      1      52     1.1982E+02  8.678E+06  1.869E-12  6.239E-03
       2      1      4      1      2      1      52     4.9234E+02  2.389E+09  2.374E-02  2.586E-02
       4      1      6      1      5      1      52     1.0651E+02  3.302E+07  2.057E-05  7.871E+01
       6      1      7      1      6      1      52     6.8034E+01  4.330E+06  2.869E-06  9.466E+01
       7      1      9      1      8      1      52     3.8672E+01  1.924E+06  6.865E-05  2.871E+01
       9      1     10      1      9      1      52     3.4641E+01  1.239E+06  1.878E-05  3.134E+01
      11      1     11      1     10      1      52     9.4480E+00  4.308E+03  7.102E-06  8.523E+00
      13      1     12      1      9      1      52     8.3242E+02  7.128E+10  1.000E-30  4.471E+01
      14      1     13      1      8      1      52     8.9349E+02  5.668E+10  1.730E-04  2.722E+01
      16      1     13      1     10      1      52     8.2018E+02  1.886E+10  1.000E-30  1.543E+01
      17      1     13      1     12      1      52     2.2396E+01  5.460E+05  1.741E-04  1.654E+01
      19      1     14      1      9      1      52     8.6975E+02  1.210E+11  9.695E-05  3.747E+01
      21      1     14      1     11      1      52     8.2566E+02  4.500E+09  1.000E-30  2.908E+00
      23      1     14      1     13      1      52     1.4925E+01  1.161E+05  3.415E-05  2.020E+01
      25      1     15      1     10      1      52     8.3968E+02  2.047E+11  3.199E-04  1.281E+01
      28      1     15      1     14      1      52     4.5752E+00  8.495E+02  2.405E-05  4.371E+00
      30      1     16      1     11      1      52     8.3260E+02  3.332E+11  8.334E-04  5.870E+00
      32      1     16      1     15      1      52     2.3647E+00  3.541E+01  1.305E-05  1.738E+00
      34      1     17      1      9      1      52     1.3019E+03  5.982E+10  1.000E-30  4.461E+01
      36      1     17      1     13      1      52     4.4709E+02  1.516E+10  1.000E-30  2.759E+01
      38      1     18      1      8      1      52     1.3534E+03  5.359E+10  8.089E-05  1.584E+01
      40      1     18      1     10      1      52     1.2800E+03  1.461E+10  1.000E-30  8.530E+00
      41      1     18      1     12      1      52     4.8226E+02  9.783E+09  3.285E-04  1.573E+01
      43      1     18      1     14      1      52     4.4493E+02  5.062E+09  1.000E-30  9.455E+00
      45      1     18      1     17      1      52     1.2770E+01  1.220E+05  3.706E-04  9.365E+00
      47      1     19      1      9      1      52     1.3234E+03  1.087E+11  2.294E-05  4.038E+01
      49      1     19      1     11      1      52     1.2793E+03  2.974E+09  1.000E-30  3.995E+00
      51      1     19      1     13      1      52     4.6860E+02  1.893E+10  1.555E-04  2.336E+01
      53      1     19      1     15      1      52     4.4910E+02  1.849E+09  1.000E-30  1.747E+00
      56      1     19      1     18      1      52     8.7378E+00  3.018E+04  7.654E-05  1.167E+01
      58      1     20      1     10      1      52     1.2912E+03  1.568E+11  5.984E-05  1.443E+01
      61      1     20      1     14      1      52     4.5609E+02  3.083E+10  6.102E-04  6.315E+00
      63      1     20      1     16      1      52     4.4915E+02  5.205E+08  1.000E-30  6.834E-01
      65      1     20      1     19      1      52     2.4178E+00  1.617E+02  5.405E-05  2.510E+00
      67      1     21      1     11      1      52     1.2829E+03  1.648E+11  9.615E-05  6.871E+00
      69      1     21      1     15      1      52     4.5271E+02  4.714E+10  1.502E-03  2.868E+00
      72      1     21      1     20      1      52     1.2002E+00  7.827E+00  3.825E-05  1.003E+00
      75      1     22      1     16      1      52     4.5135E+02  6.944E+10  3.077E-03  1.622E+00
      77      1     22      1     21      1      52     1.0028E+00  2.058E+00  2.637E-05  5.100E-01
      79      1     23      1     13      1      52     7.2854E+02  1.453E+10  1.000E-30  2.753E+01
      81      1     23      1     18      1      52     2.6868E+02  4.258E+09  1.000E-30  1.591E+01
      83      1     24      1     12      1      52     7.5883E+02  1.050E+10  1.436E-04  9.914E+00
      85      1     24      1     14      1      52     7.2151E+02  4.512E+09  1.000E-30  5.026E+00
      86      1     24      1     17      1      52     2.8935E+02  2.318E+09  5.735E-04  9.890E+00
      88      1     24      1     19      1      52     2.6784E+02  1.592E+09  1.000E-30  6.181E+00
      90      1     24      1     23      1      52     7.9016E+00  3.343E+04  6.954E-04  5.779E+00
      92      1     25      1     13      1      52     7.4204E+02  1.984E+10  3.861E-05  2.484E+01
      94      1     25      1     15      1      52     7.2254E+02  1.458E+09  1.000E-30  1.706E+00
      96      1     25      1     18      1      52     2.8218E+02  4.260E+09  2.819E-04  1.329E+01
      98      1     25      1     20      1      52     2.7102E+02  7.138E+08  1.000E-30  1.174E+00
     101      1     25      1     24      1      52     5.5989E+00  9.691E+03  1.492E-04  7.311E+00
     103      1     26      1     14      1      52     7.2843E+02  2.969E+10  1.271E-04  7.162E+00
     105      1     26      1     16      1      52     7.2149E+02  3.426E+08  1.000E-30  1.152E+00
     107      1     26      1     19      1      52     2.7476E+02  6.597E+09  1.065E-03  3.543E+00
     109      1     26      1     21      1      52     2.7114E+02  3.040E+08  1.000E-30  4.160E-01
     112      1     26      1     25      1      52     1.3194E+00  3.156E+01  1.024E-04  1.590E+00
     114      1     27      1     15      1      52     7.2446E+02  3.722E+10  2.451E-04  3.381E+00
     117      1     27      1     20      1      52     2.7295E+02  9.534E+09  2.489E-03  1.599E+00
     119      1     27      1     22      1      52     2.7075E+02  8.983E+07  1.000E-30  2.252E-01
     121      1     27      1     26      1      52     6.0740E-01  1.372E+00  8.208E-05  6.318E-01
     123      1     28      1     16      1      52     7.2273E+02  3.442E+10  3.034E-04  1.980E+00
     125      1     28      1     21      1      52     2.7238E+02  1.359E+10  4.930E-03  9.033E-01
     128      1     28      1     27      1      52     6.3240E-01  9.659E-01  7.897E-05  3.187E-01
     129      1     29      1     13      1      52     9.1039E+02  1.156E+10  1.000E-30  2.748E+01
     131      1     29      1     18      1      52     4.5053E+02  4.426E+09  1.000E-30  1.586E+01
     134      1     29      1     24      1      52     1.7396E+02  1.410E+09  1.000E-30  1.001E+01
     136      1     30      1     12      1      52     9.3797E+02  8.829E+09  9.525E-05  6.656E+00
     137      1     30      1     14      1      52     9.0065E+02  3.429E+09  1.000E-30  4.395E+00
     138      1     30      1     17      1      52     4.6848E+02  2.698E+09  2.345E-04  6.632E+00
     140      1     30      1     19      1      52     4.4698E+02  1.568E+09  1.000E-30  3.455E+00
     142      1     30      1     23      1      52     1.8704E+02  6.825E+08  9.353E-04  6.615E+00
     144      1     30      1     25      1      52     1.7354E+02  5.698E+08  1.000E-30  4.250E+00
     146      1     30      1     29      1      52     5.1810E+00  1.063E+04  1.206E-03  3.761E+00
     147      1     31      1     13      1      52     9.1941E+02  1.655E+10  1.637E-05  2.569E+01
     148      1     31      1     15      1      52     8.9991E+02  1.035E+09  1.000E-30  2.421E+00
     150      1     31      1     18      1      52     4.5956E+02  4.939E+09  7.114E-05  1.413E+01
     152      1     31      1     20      1      52     4.4840E+02  6.360E+08  1.000E-30  8.823E-01
     155      1     31      1     24      1      52     1.8298E+02  1.208E+09  4.741E-04  8.217E+00
     157      1     31      1     26      1      52     1.7606E+02  2.914E+08  1.000E-30  8.300E-01
     160      1     31      1     30      1      52     3.8407E+00  3.731E+03  2.647E-04  4.914E+00
     161      1     32      1     14      1      52     9.0519E+02  2.350E+10  4.927E-05  7.620E+00
     162      1     32      1     16      1      52     8.9825E+02  2.211E+08  1.000E-30  1.609E+00
     164      1     32      1     19      1      52     4.5152E+02  7.290E+09  2.343E-04  4.007E+00
     166      1     32      1     21      1      52     4.4790E+02  2.370E+08  1.000E-30  5.698E-01
     169      1     32      1     25      1      52     1.7808E+02  1.797E+09  1.737E-03  2.175E+00
     171      1     32      1     27      1      52     1.7615E+02  1.496E+08  1.000E-30  2.870E-01
     174      1     32      1     31      1      52     7.0280E-01  5.526E+00  1.763E-04  1.071E+00
     175      1     33      1     15      1      52     9.0089E+02  2.645E+10  8.314E-05  3.684E+00
     177      1     33      1     20      1      52     4.4938E+02  9.547E+09  4.715E-04  1.890E+00
     179      1     33      1     22      1      52     4.4717E+02  5.810E+07  1.000E-30  4.259E-01
     181      1     33      1     26      1      52     1.7704E+02  2.526E+09  3.981E-03  9.722E-01
     183      1     33      1     28      1      52     1.7580E+02  6.663E+07  1.000E-30  1.426E-01
     185      1     33      1     32      1      52     2.7490E-01  1.621E-01  1.555E-04  4.252E-01
     186      1     34      1     16      1      52     8.9895E+02  1.954E+10  8.128E-05  2.180E+00
     188      1     34      1     21      1      52     4.4860E+02  1.084E+10  7.177E-04  1.103E+00
     191      1     34      1     27      1      52     1.7685E+02  3.424E+09  7.620E-03  5.412E-01
     194      1     34      1     33      1      52     4.2420E-01  4.155E-01  1.674E-04  2.142E-01
     195      1     35      1     13      1      52     1.0346E+03  8.915E+09  1.000E-30  2.749E+01
     196      1     35      1     18      1      52     5.7478E+02  3.758E+09  1.000E-30  1.586E+01
     198      1     35      1     24      1      52     2.9820E+02  1.579E+09  1.000E-30  9.953E+00
     201      1     35      1     30      1      52     1.1906E+02  5.390E+08  1.000E-30  6.676E+00
     203      1     36      1     12      1      52     1.0606E+03  7.054E+09  7.442E-05  4.708E+00
     204      1     36      1     14      1      52     1.0233E+03  2.574E+09  1.000E-30  5.126E+00
     205      1     36      1     17      1      52     5.9109E+02  2.431E+09  1.489E-04  4.684E+00
     206      1     36      1     19      1      52     5.6958E+02  1.281E+09  1.000E-30  2.539E+00
     207      1     36      1     23      1      52     3.0964E+02  8.504E+08  3.641E-04  4.661E+00
     209      1     36      1     25      1      52     2.9614E+02  6.095E+08  1.000E-30  2.527E+00
     211      1     36      1     29      1      52     1.2779E+02  2.357E+08  1.447E-03  4.632E+00
     213      1     36      1     31      1      52     1.1877E+02  2.291E+08  1.000E-30  3.043E+00
     215      1     36      1     35      1      52     3.5433E+00  3.750E+03  1.943E-03  2.576E+00
     216      1     37      1     13      1      52     1.0410E+03  1.313E+10  8.774E-06  2.621E+01
     217      1     37      1     15      1      52     1.0215E+03  7.436E+08  1.000E-30  2.946E+00
     218      1     37      1     18      1      52     5.8110E+02  4.419E+09  3.036E-05  1.465E+01
     219      1     37      1     20      1      52     5.6995E+02  4.900E+08  1.000E-30  1.216E+00
     221      1     37      1     24      1      52     3.0452E+02  1.503E+09  1.203E-04  8.736E+00
     223      1     37      1     26      1      52     2.9760E+02  2.844E+08  1.000E-30  5.361E-01
     226      1     37      1     30      1      52     1.2539E+02  4.069E+08  7.474E-04  5.459E+00
     228      1     37      1     32      1      52     1.2084E+02  1.278E+08  1.000E-30  6.107E-01
     231      1     37      1     36      1      52     2.7803E+00  1.666E+03  4.432E-04  3.454E+00
     232      1     38      1     14      1      52     1.0264E+03  1.798E+10  2.501E-05  7.882E+00
     233      1     38      1     16      1      52     1.0194E+03  1.488E+08  1.000E-30  1.897E+00
     234      1     38      1     19      1      52     5.7269E+02  6.330E+09  9.298E-05  4.295E+00
     235      1     38      1     21      1      52     5.6908E+02  1.681E+08  1.000E-30  8.274E-01
     237      1     38      1     25      1      52     2.9925E+02  2.186E+09  3.934E-04  2.457E+00
     239      1     38      1     27      1      52     2.9733E+02  1.315E+08  1.000E-30  3.088E-01
     242      1     38      1     31      1      52     1.2188E+02  5.841E+08  2.683E-03  1.429E+00
     244      1     38      1     33      1      52     1.2090E+02  7.330E+07  1.000E-30  2.143E-01
     247      1     38      1     37      1      52     3.3030E-01  6.678E-01  2.903E-04  7.570E-01
     248      1     39      1     15      1      52     1.0219E+03  1.891E+10  3.884E-05  3.863E+00
     249      1     39      1     20      1      52     5.7035E+02  7.744E+09  1.708E-04  2.069E+00
     250      1     39      1     22      1      52     5.6815E+02  3.691E+07  1.000E-30  5.986E-01
     252      1     39      1     26      1      52     2.9801E+02  2.873E+09  8.036E-04  1.145E+00
     254      1     39      1     28      1      52     2.9677E+02  5.083E+07  1.000E-30  2.332E-01
     256      1     39      1     32      1      52     1.2125E+02  7.923E+08  5.986E-03  6.344E-01
     258      1     39      1     34      1      52     1.2055E+02  3.917E+07  1.000E-30  1.017E-01
     260      1     39      1     38      1      52     7.3900E-02  3.776E-03  3.358E-04  2.360E-01
     261      1     40      1     16      1      52     1.0198E+03  1.231E+10  3.315E-05  2.307E+00
     262      1     40      1     21      1      52     5.6945E+02  7.756E+09  2.259E-04  1.225E+00
     264      1     40      1     27      1      52     2.9770E+02  3.466E+09  1.307E-03  6.631E-01
     267      1     40      1     33      1      52     1.2127E+02  1.058E+09  1.129E-02  3.521E-01
     270      1     40      1     39      1      52     2.9800E-01  1.837E-01  3.005E-04  1.521E-01
     271      1     41      1     13      1      52     1.1233E+03  6.882E+09  1.000E-30  2.749E+01
     272      1     41      1     18      1      52     6.6340E+02  3.049E+09  1.000E-30  1.587E+01
     273      1     41      1     24      1      52     3.8682E+02  1.405E+09  1.000E-30  9.958E+00
     275      1     41      1     30      1      52     2.0768E+02  6.317E+08  1.000E-30  6.681E+00
     278      1     41      1     36      1      52     8.5076E+01  2.274E+08  1.000E-30  4.695E+00
     280      1     42      1     12      1      52     1.1482E+03  5.566E+09  6.314E-05  3.451E+00
     281      1     42      1     14      1      52     1.1108E+03  1.950E+09  1.000E-30  5.907E+00
     282      1     42      1     17      1      52     6.7867E+02  2.045E+09  1.131E-04  3.427E+00
     283      1     42      1     19      1      52     6.5716E+02  1.012E+09  1.000E-30  2.666E+00
     284      1     42      1     23      1      52     3.9722E+02  8.049E+08  2.232E-04  3.410E+00
     285      1     42      1     25      1      52     3.8372E+02  5.272E+08  1.000E-30  1.731E+00
     286      1     42      1     29      1      52     2.1536E+02  3.099E+08  5.419E-04  3.395E+00
     288      1     42      1     31      1      52     2.0634E+02  2.598E+08  1.000E-30  1.914E+00
     290      1     42      1     35      1      52     9.1119E+01  9.221E+07  2.144E-03  3.376E+00
     292      1     42      1     37      1      52     8.4795E+01  1.008E+08  1.000E-30  2.254E+00
     294      1     42      1     41      1      52     2.4992E+00  1.435E+03  2.889E-03  1.892E+00
     295      1     43      1     13      1      52     1.1279E+03  1.031E+10  5.336E-06  2.660E+01
     296      1     43      1     15      1      52     1.1084E+03  5.463E+08  1.000E-30  3.304E+00
     297      1     43      1     18      1      52     6.6800E+02  3.698E+09  1.637E-05  1.497E+01
     298      1     43      1     20      1      52     6.5684E+02  3.717E+08  1.000E-30  1.528E+00
     299      1     43      1     24      1      52     3.9142E+02  1.420E+09  5.162E-05  9.062E+00
     300      1     43      1     26      1      52     3.8450E+02  2.334E+08  1.000E-30  6.687E-01
     302      1     43      1     30      1      52     2.1228E+02  5.314E+08  1.901E-04  5.772E+00
     304      1     43      1     32      1      52     2.0774E+02  1.336E+08  1.000E-30  3.742E-01
     307      1     43      1     36      1      52     8.9678E+01  1.560E+08  1.126E-03  3.799E+00
     309      1     43      1     38      1      52     8.6568E+01  5.992E+07  1.000E-30  4.634E-01
     312      1     43      1     42      1      52     2.1031E+00  8.348E+02  7.041E-04  2.520E+00
     313      1     44      1     15      1      52     1.1084E+03  1.392E+10  2.172E-05  3.983E+00
     314      1     44      1     20      1      52     6.5688E+02  6.062E+09  8.298E-05  2.182E+00
     315      1     44      1     22      1      52     6.5468E+02  2.472E+07  1.000E-30  7.129E-01
     316      1     44      1     26      1      52     3.8454E+02  2.550E+09  3.001E-04  1.265E+00
     317      1     44      1     28      1      52     3.8330E+02  3.583E+07  1.000E-30  3.405E-01
     319      1     44      1     32      1      52     2.0778E+02  9.928E+08  1.252E-03  7.494E-01
     321      1     44      1     34      1      52     2.0708E+02  3.375E+07  1.000E-30  1.391E-01
     323      1     44      1     38      1      52     8.6605E+01  2.876E+08  8.681E-03  4.375E-01
     325      1     44      1     40      1      52     8.6233E+01  2.199E+07  1.000E-30  7.863E-02
     327      1     45      1     14      1      52     1.1130E+03  1.381E+10  1.470E-05  8.080E+00
     328      1     45      1     16      1      52     1.1061E+03  1.042E+08  1.000E-30  2.088E+00
     329      1     45      1     19      1      52     6.5935E+02  5.187E+09  4.788E-05  4.480E+00
     330      1     45      1     21      1      52     6.5574E+02  1.216E+08  1.000E-30  1.012E+00
     331      1     45      1     25      1      52     3.8591E+02  2.026E+09  1.581E-04  2.642E+00
     332      1     45      1     27      1      52     3.8399E+02  1.009E+08  1.000E-30  4.592E-01
     334      1     45      1     31      1      52     2.0854E+02  7.572E+08  6.161E-04  1.607E+00
     336      1     45      1     33      1      52     2.0756E+02  7.074E+07  1.000E-30  1.885E-01
     339      1     45      1     37      1      52     8.6990E+01  2.168E+08  3.949E-03  9.926E-01
     341      1     45      1     39      1      52     8.6586E+01  3.711E+07  1.000E-30  1.660E-01
     344      1     45      1     43      1      52     9.2200E-02  1.650E-02  6.913E-04  3.613E-01
     345      1     45      1     44      1      52     5.4600E-02  2.286E-03  1.000E-30  9.642E-02
     346      1     46      1     16      1      52     1.1062E+03  8.290E+09  1.688E-05  2.389E+00
     347      1     46      1     21      1      52     6.5590E+02  5.593E+09  9.996E-05  1.306E+00
     348      1     46      1     27      1      52     3.8415E+02  2.854E+09  4.442E-04  7.466E-01
     350      1     46      1     33      1      52     2.0772E+02  1.225E+09  2.096E-03  4.305E-01
     353      1     46      1     39      1      52     8.6749E+01  3.761E+08  1.601E-02  2.426E-01
     355      1     46      1     44      1      52     2.1720E-01  8.552E-02  4.834E-04  1.135E-01
     357      1     48      1     47      1      52     3.1750E+02  2.543E+08  1.408E-05  1.839E+02
     358      1     49      1     48      1      52     3.6284E+02  1.379E+09  7.741E-07  2.762E+02
     359      1     51      1     50      1      52     7.7750E-01  3.617E+00  6.588E-06  1.384E+02
     360      1     52      1     51      1      52     6.6689E+02  2.141E+10  1.000E-30  4.204E+02
     361      1     54      1     53      1      52     3.0082E+01  1.282E+06  1.000E-30  1.845E+02
     362      1     55      1     53      1      52     1.0120E+02  2.643E+07  1.871E-05  8.074E+01
     363      1     56      1     54      1      52     1.0442E+02  2.967E+07  2.077E-05  7.434E+01
     364      1     56      1     55      1      52     3.3297E+01  1.726E+06  1.000E-30  1.922E+02
     365      1     57      1     55      1      52     9.2670E+01  1.477E+07  3.307E-06  1.109E+02
     367      1     58      1     56      1      52     9.3608E+01  1.531E+07  3.465E-06  1.064E+02
     368      1     58      1     57      1      52     3.4235E+01  1.874E+06  1.000E-30  1.948E+02
     369      1     61      1     60      1      53     7.7081E+01  1.026E+06  4.770E-13  4.014E-03
     370      1     62      1     60      1      53     8.3045E+01  1.543E+06  1.000E-30  4.324E-03
     373      1     63      1     61      1      53     8.0094E+00  2.675E+00  1.000E-30  4.237E-04
     375      1     64      1     60      1      53     4.6515E+02  1.860E+09  1.530E-02  2.439E-02
     378      1     65      1     60      1      53     5.0090E+02  7.246E+08  1.880E-13  2.623E-02
     380      1     65      1     63      1      53     4.1581E+02  8.379E+08  3.319E-02  2.182E-02
     381      1     67      1     66      1      53     9.2071E+01  1.774E+07  2.351E-05  5.729E+01
     383      1     68      1     67      1      53     2.1266E+02  2.325E+08  4.482E-06  3.995E+01
     385      1     69      1     67      1      53     2.3259E+02  1.791E+08  1.000E-30  2.161E+01
     386      1     71      1     70      1      53     1.8245E+01  1.178E+05  8.970E-05  1.282E+01
     388      1     72      1     71      1      53     7.1086E+01  2.103E+07  3.385E-05  3.416E+01
     390      1     73      1     72      1      53     1.1156E+02  8.081E+07  6.853E-05  1.007E+01
     392      1     74      1     71      1      53     8.8734E+02  8.482E+10  1.000E-30  4.805E+01
     393      1     75      1     70      1      53     9.0769E+02  6.067E+10  1.624E-04  2.959E+01
     395      1     75      1     72      1      53     8.1835E+02  1.772E+10  1.000E-30  1.671E+01
     396      1     75      1     74      1      53     2.1014E+00  2.486E+02  3.351E-04  4.739E+00
     398      1     76      1     71      1      53     9.4411E+02  1.635E+11  9.475E-05  4.049E+01
     400      1     76      1     73      1      53     7.6146E+02  3.132E+09  1.000E-30  3.144E+00
     402      1     76      1     75      1      53     5.4666E+01  1.956E+07  1.042E-04  2.270E+01
     404      1     77      1     72      1      53     9.7713E+02  3.609E+11  3.311E-04  1.385E+01
     407      1     77      1     76      1      53     1.0411E+02  2.180E+08  4.412E-04  5.192E+00
     409      1     78      1     73      1      53     1.0763E+03  8.969E+11  9.568E-04  6.373E+00
     411      1     78      1     77      1      53     2.1071E+02  1.588E+09  6.818E-04  2.111E+00
     412      1     79      1     70      1      53     1.3871E+03  5.869E+10  7.283E-05  1.789E+01
     414      1     79      1     72      1      53     1.2978E+03  1.466E+10  1.000E-30  9.299E+00
     415      1     79      1     74      1      53     4.8154E+02  9.801E+09  3.057E-04  1.702E+01
     417      1     79      1     76      1      53     4.2478E+02  3.987E+09  1.000E-30  1.022E+01
     420      1     80      1     71      1      53     1.3753E+03  6.922E+10  1.000E-30  4.801E+01
     422      1     80      1     75      1      53     4.8588E+02  1.965E+10  1.000E-30  2.964E+01
     424      1     80      1     79      1      53     6.4349E+00  2.535E+04  1.000E-30  1.648E+01
     426      1     81      1     71      1      53     1.4208E+03  1.393E+11  2.197E-05  4.366E+01
     428      1     81      1     73      1      53     1.2382E+03  2.519E+09  1.000E-30  4.302E+00
     430      1     81      1     75      1      53     5.3137E+02  3.044E+10  1.589E-04  2.522E+01
     432      1     81      1     77      1      53     3.7259E+02  8.471E+08  1.000E-30  1.899E+00
     434      1     81      1     79      1      53     5.1923E+01  3.492E+07  3.783E-04  1.302E+01
     438      1     82      1     76      1      53     5.7966E+02  7.707E+10  6.862E-04  6.839E+00
     440      1     82      1     78      1      53     2.6484E+02  6.077E+07  1.000E-30  7.438E-01
     442      1     82      1     81      1      53     1.0296E+02  5.047E+08  1.830E-03  3.001E+00
     443      1     83      1     74      1      53     7.7070E+02  1.108E+10  1.303E-04  1.100E+01
     445      1     83      1     76      1      53     7.1393E+02  4.102E+09  1.000E-30  5.450E+00
     447      1     83      1     80      1      53     2.8272E+02  2.124E+09  5.229E-04  1.066E+01
     448      1     83      1     81      1      53     2.3723E+02  9.289E+08  1.000E-30  6.687E+00
     451      1     84      1     75      1      53     7.7945E+02  1.780E+10  1.000E-30  2.959E+01
     452      1     84      1     79      1      53     3.0001E+02  6.107E+09  1.000E-30  1.707E+01
     455      1     84      1     83      1      53     1.0851E+01  1.781E+05  1.000E-30  1.122E+01
     457      1     85      1     75      1      53     8.2063E+02  2.886E+10  3.853E-05  2.677E+01
     459      1     85      1     77      1      53     6.6185E+02  9.923E+08  1.000E-30  1.839E+00
     460      1     85      1     79      1      53     3.4119E+02  8.851E+09  3.075E-04  1.432E+01
     463      1     85      1     82      1      53     1.8630E+02  1.541E+08  1.000E-30  1.264E+00
     464      1     85      1     83      1      53     5.2031E+01  6.739E+07  1.161E-03  8.147E+00
     467      1     86      1     77      1      53     6.7729E+02  2.260E+11  1.976E-03  3.123E+00
     470      1     86      1     82      1      53     2.0174E+02  4.128E+09  3.516E-03  1.215E+00
     473      1     87      1     78      1      53     5.1236E+02  1.113E+11  3.074E-03  1.780E+00
     475      1     87      1     86      1      53     4.5782E+01  8.610E+06  9.574E-04  6.180E-01
     477      1     88      1     76      1      53     8.6948E+02  5.804E+10  1.350E-04  7.752E+00
     479      1     88      1     78      1      53     5.5466E+02  1.160E+08  1.000E-30  1.259E+00
     481      1     88      1     81      1      53     3.9278E+02  2.636E+10  1.341E-03  3.850E+00
     484      1     88      1     85      1      53     1.0351E+02  1.036E+09  5.896E-03  1.895E+00
     485      1     88      1     86      1      53     8.8076E+01  4.826E+06  1.000E-30  4.482E-01
     487      1     89      1     74      1      53     9.5869E+02  9.525E+09  8.269E-05  7.747E+00
     488      1     89      1     76      1      53     9.0192E+02  3.281E+09  1.000E-30  4.781E+00
     490      1     89      1     80      1      53     4.7071E+02  2.737E+09  2.138E-04  7.273E+00
     491      1     89      1     81      1      53     4.2522E+02  1.222E+09  1.000E-30  3.737E+00
     494      1     89      1     84      1      53     1.7714E+02  5.531E+08  8.281E-04  7.127E+00
     495      1     89      1     85      1      53     1.3596E+02  2.043E+08  1.000E-30  4.576E+00
     497      1     90      1     75      1      53     9.7022E+02  1.396E+10  1.000E-30  2.960E+01
     498      1     90      1     79      1      53     4.9078E+02  5.819E+09  1.000E-30  1.708E+01
     501      1     90      1     83      1      53     2.0163E+02  2.358E+09  1.000E-30  1.072E+01
     504      1     90      1     89      1      53     1.3639E+01  3.042E+05  1.000E-30  3.851E+00
     505      1     91      1     75      1      53     1.0099E+03  2.329E+10  1.614E-05  2.768E+01
     506      1     91      1     77      1      53     8.5110E+02  7.991E+08  1.000E-30  2.611E+00
     507      1     91      1     79      1      53     5.3043E+02  8.489E+09  7.380E-05  1.522E+01
     510      1     91      1     82      1      53     3.7555E+02  3.017E+08  1.000E-30  9.408E-01
     511      1     91      1     83      1      53     2.4127E+02  3.553E+09  5.642E-04  8.862E+00
     515      1     91      1     88      1      53     8.5729E+01  1.579E+07  1.000E-30  9.007E-01
     516      1     91      1     89      1      53     5.3287E+01  1.299E+08  3.148E-03  5.405E+00
     518      1     92      1     74      1      53     1.0879E+03  7.709E+09  5.928E-05  5.985E+00
     519      1     92      1     76      1      53     1.0312E+03  2.522E+09  1.000E-30  5.564E+00
     520      1     92      1     80      1      53     5.9995E+02  2.554E+09  1.327E-04  5.281E+00
     521      1     92      1     81      1      53     5.5446E+02  1.095E+09  1.000E-30  2.764E+00
     523      1     92      1     84      1      53     3.0638E+02  8.078E+08  3.282E-04  5.071E+00
     524      1     92      1     85      1      53     2.6520E+02  3.722E+08  1.000E-30  2.731E+00
     527      1     92      1     90      1      53     1.1560E+02  1.591E+08  1.226E-03  4.984E+00
     528      1     92      1     91      1      53     7.5952E+01  3.644E+07  1.000E-30  3.272E+00
     529      1     93      1     75      1      53     1.1014E+03  1.073E+10  1.000E-30  2.961E+01
     530      1     93      1     79      1      53     6.2192E+02  4.841E+09  1.000E-30  1.709E+01
     531      1     93      1     83      1      53     3.3276E+02  2.286E+09  1.000E-30  1.072E+01
     534      1     93      1     89      1      53     1.4478E+02  1.085E+09  1.000E-30  7.190E+00
     537      1     93      1     92      1      53     1.5538E+01  1.273E+06  1.000E-30  5.223E+00
     538      1     94      1     76      1      53     1.0597E+03  4.246E+10  5.110E-05  8.274E+00
     539      1     94      1     78      1      53     7.4491E+02  1.011E+08  1.000E-30  1.750E+00
     541      1     94      1     81      1      53     5.8303E+02  1.946E+10  2.678E-04  4.347E+00
     544      1     94      1     85      1      53     2.9377E+02  1.282E+10  2.539E-03  2.366E+00
     545      1     94      1     86      1      53     2.7833E+02  3.412E+07  1.000E-30  6.112E-01
     549      1     94      1     91      1      53     1.0453E+02  1.905E+09  1.589E-02  1.273E+00
     552      1     95      1     77      1      53     9.6122E+02  1.111E+11  2.876E-04  3.682E+00
     555      1     95      1     82      1      53     4.8567E+02  9.202E+10  3.919E-03  1.743E+00
     558      1     95      1     87      1      53     2.3815E+02  5.189E+07  1.000E-30  2.549E-01
     559      1     95      1     88      1      53     1.9586E+02  7.962E+09  1.171E-02  7.798E-01
     561      1     95      1     94      1      53     5.5996E+00  1.226E+03  1.854E-04  3.182E-01
     562      1     96      1     75      1      53     1.1409E+03  1.828E+10  8.601E-06  2.826E+01
     563      1     96      1     77      1      53     9.8211E+02  6.132E+08  1.000E-30  3.182E+00
     564      1     96      1     79      1      53     6.6145E+02  7.171E+09  3.109E-05  1.574E+01
     565      1     96      1     82      1      53     5.0657E+02  2.956E+08  1.000E-30  1.300E+00
     566      1     96      1     83      1      53     3.7229E+02  3.244E+09  1.324E-04  9.381E+00
     569      1     96      1     88      1      53     2.1675E+02  7.713E+07  1.000E-30  5.791E-01
     570      1     96      1     89      1      53     1.8430E+02  1.849E+09  9.934E-04  5.880E+00
     573      1     96      1     92      1      53     5.5065E+01  2.417E+08  7.652E-03  3.778E+00
     575      1     96      1     94      1      53     2.6491E+01  2.770E+05  1.000E-30  6.673E-01
     578      1     97      1     78      1      53     7.9354E+02  4.805E+10  2.931E-04  2.162E+00
     580      1     97      1     86      1      53     3.2696E+02  2.706E+10  5.252E-03  9.789E-01
     584      1     97      1     95      1      53     4.3029E+01  1.983E+07  4.144E-03  3.969E-01
     585      1     98      1     74      1      53     1.1808E+03  6.145E+09  4.403E-05  5.023E+00
     586      1     98      1     76      1      53     1.1240E+03  1.942E+09  1.000E-30  6.409E+00
     587      1     98      1     80      1      53     6.9278E+02  2.193E+09  9.578E-05  4.081E+00
     588      1     98      1     81      1      53     6.4729E+02  9.071E+08  1.000E-30  2.897E+00
     589      1     98      1     84      1      53     3.9921E+02  8.124E+08  2.001E-04  3.782E+00
     590      1     98      1     85      1      53     3.5803E+02  3.799E+08  1.000E-30  1.878E+00
     592      1     98      1     90      1      53     2.0843E+02  2.694E+08  4.787E-04  3.683E+00
     593      1     98      1     91      1      53     1.6878E+02  1.106E+08  1.000E-30  2.067E+00
     595      1     98      1     93      1      53     7.7294E+01  4.813E+07  1.707E-03  3.625E+00
     597      1     98      1     96      1      53     3.7767E+01  3.758E+06  1.000E-30  2.419E+00
     598      1     99      1     75      1      53     1.1956E+03  8.299E+09  1.000E-30  2.961E+01
     599      1     99      1     79      1      53     7.1611E+02  3.884E+09  1.000E-30  1.709E+01
     600      1     99      1     83      1      53     4.2696E+02  1.955E+09  1.000E-30  1.073E+01
     601      1     99      1     89      1      53     2.3897E+02  1.035E+09  1.000E-30  7.196E+00
     604      1     99      1     92      1      53     1.0973E+02  5.801E+08  1.000E-30  5.036E+00
     607      1     99      1     98      1      53     1.6897E+01  3.370E+06  1.000E-30  3.860E+00
     608      1    100      1     75      1      53     1.2357E+03  1.431E+10  5.228E-06  2.865E+01
     609      1    100      1     77      1      53     1.0769E+03  4.701E+08  1.000E-30  3.566E+00
     610      1    100      1     79      1      53     7.5626E+02  5.870E+09  1.662E-05  1.613E+01
     611      1    100      1     82      1      53     6.0138E+02  2.532E+08  1.000E-30  1.639E+00
     612      1    100      1     83      1      53     4.6710E+02  2.790E+09  5.533E-05  9.771E+00
     613      1    100      1     88      1      53     3.1156E+02  9.694E+07  1.000E-30  7.212E-01
     614      1    100      1     89      1      53     2.7912E+02  1.541E+09  2.250E-04  6.218E+00
     617      1    100      1     92      1      53     1.4988E+02  1.185E+09  1.702E-03  4.091E+00
     619      1    100      1     94      1      53     1.2130E+02  1.496E+07  1.000E-30  4.051E-01
     621      1    100      1     98      1      53     5.7044E+01  4.260E+08  1.691E-02  2.748E+00
     623      1    101      1     76      1      53     1.1918E+03  3.144E+10  2.578E-05  8.538E+00
     624      1    101      1     78      1      53     8.7698E+02  7.884E+07  1.000E-30  2.065E+00
     625      1    101      1     81      1      53     7.1510E+02  1.477E+10  1.028E-04  4.655E+00
     627      1    101      1     85      1      53     4.2583E+02  8.592E+09  4.943E-04  2.668E+00
     628      1    101      1     86      1      53     4.1039E+02  4.400E+07  1.000E-30  8.877E-01
     631      1    101      1     91      1      53     2.3659E+02  7.935E+09  4.585E-03  1.556E+00
     634      1    101      1     95      1      53     1.2646E+02  5.219E+06  1.000E-30  3.390E-01
     635      1    101      1     96      1      53     1.0557E+02  3.191E+09  3.756E-02  9.025E-01
     638      1    101      1    100      1      53     1.0760E+01  1.145E+04  2.183E-04  4.991E-01
     639      1    102      1     77      1      53     1.1469E+03  6.699E+10  9.390E-05  4.006E+00
     641      1    102      1     82      1      53     6.7131E+02  4.563E+10  6.206E-04  2.059E+00
     644      1    102      1     87      1      53     4.2378E+02  4.522E+07  1.000E-30  4.692E-01
     645      1    102      1     88      1      53     3.8149E+02  5.022E+10  7.188E-03  1.077E+00
     647      1    102      1     94      1      53     1.9123E+02  1.310E+10  3.114E-02  5.325E-01
     650      1    102      1     97      1      53     1.4260E+02  2.770E+07  1.000E-30  1.665E-01
     652      1    102      1    101      1      53     5.9168E+01  1.760E+06  2.896E-04  2.467E-01
     653      1    103      1     76      1      53     1.2875E+03  2.383E+10  1.504E-05  8.801E+00
     654      1    103      1     78      1      53     9.7272E+02  6.048E+07  1.000E-30  2.270E+00
     655      1    103      1     81      1      53     8.1083E+02  1.142E+10  5.225E-05  4.860E+00
     656      1    103      1     85      1      53     5.2157E+02  6.517E+09  1.899E-04  2.867E+00
     657      1    103      1     86      1      53     5.0613E+02  4.159E+07  1.000E-30  1.086E+00
     659      1    103      1     91      1      53     3.3233E+02  4.705E+09  8.668E-04  1.755E+00
     662      1    103      1     95      1      53     2.2220E+02  1.134E+07  1.000E-30  5.023E-01
     663      1    103      1     96      1      53     2.0131E+02  5.939E+09  8.073E-03  1.082E+00
     665      1    103      1    100      1      53     1.0650E+02  4.891E+09  8.099E-02  6.611E-01
     667      1    103      1    102      1      53     3.6571E+01  1.639E+05  1.000E-30  2.115E-01
     668      1    104      1     78      1      53     9.7661E+02  2.619E+10  7.781E-05  2.381E+00
     670      1    104      1     86      1      53     5.1003E+02  1.744E+10  7.274E-04  1.192E+00
     674      1    104      1     95      1      53     2.2610E+02  8.803E+09  8.459E-03  6.006E-01
     677      1    104      1    102      1      53     4.0464E+01  3.249E+07  1.201E-02  2.727E-01
     679      1    105      1     77      1      53     1.2750E+03  4.415E+10  4.296E-05  4.199E+00
     680      1    105      1     82      1      53     7.9944E+02  2.886E+10  2.124E-04  2.253E+00
     682      1    105      1     87      1      53     5.5191E+02  3.178E+07  1.000E-30  6.561E-01
     683      1    105      1     88      1      53     5.0962E+02  2.360E+10  1.196E-03  1.264E+00
     685      1    105      1     94      1      53     3.1936E+02  3.324E+10  1.240E-02  7.098E-01
     688      1    105      1     97      1      53     2.7073E+02  3.402E+07  1.000E-30  2.637E-01
     690      1    105      1    101      1      53     1.8730E+02  1.928E+10  7.083E-02  3.856E-01
     692      1    105      1    103      1      53     9.1560E+01  2.836E+06  1.604E-04  1.954E-01
     693      1    105      1    104      1      53     8.7667E+01  1.055E+07  1.000E-30  1.236E-01
     694      1    106      1     78      1      53     1.1024E+03  1.616E+10  3.161E-05  2.515E+00
     695      1    106      1     86      1      53     6.3583E+02  1.160E+10  2.243E-04  1.326E+00
     698      1    106      1     95      1      53     3.5190E+02  6.514E+09  1.344E-03  7.339E-01
     701      1    106      1    102      1      53     1.6626E+02  3.579E+09  1.318E-02  3.964E-01
     704      1    106      1    105      1      53     3.8133E+01  4.542E+07  2.825E-02  1.990E-01
     705      1    107      1     77      1      53     1.3672E+03  3.086E+10  2.362E-05  4.328E+00
     706      1    107      1     82      1      53     8.9170E+02  1.981E+10  9.935E-05  2.382E+00
     707      1    107      1     87      1      53     6.4417E+02  2.246E+07  1.000E-30  7.838E-01
     708      1    107      1     88      1      53     6.0188E+02  1.476E+10  4.116E-04  1.393E+00
     710      1    107      1     94      1      53     4.1162E+02  1.458E+10  2.117E-03  8.388E-01
     712      1    107      1     97      1      53     3.6299E+02  2.777E+07  1.000E-30  3.818E-01
     714      1    107      1    101      1      53     2.7956E+02  2.562E+10  2.032E-02  5.030E-01
     716      1    107      1    103      1      53     1.8382E+02  2.575E+10  1.415E-01  2.949E-01
     717      1    107      1    104      1      53     1.7993E+02  1.855E+07  1.000E-30  1.654E-01
     719      1    107      1    106      1      53     5.4126E+01  3.298E+06  1.000E-30  1.010E-01
     720      1    108      1     78      1      53     1.1926E+03  1.077E+10  1.611E-05  2.597E+00
     721      1    108      1     86      1      53     7.2599E+02  8.088E+09  9.853E-05  1.413E+00
     723      1    108      1     95      1      53     4.4206E+02  4.780E+09  4.472E-04  8.154E-01
     725      1    108      1    102      1      53     2.5642E+02  2.739E+09  2.232E-03  4.805E-01
     728      1    108      1    105      1      53     1.2829E+02  1.713E+09  1.962E-02  2.792E-01
     730      1    108      1    107      1      53     3.6034E+01  5.769E+07  5.694E-02  1.545E-01
     731      1    110      1    109      1      53     1.0325E+02  4.818E+07  1.000E-30  3.596E+02
     732      1    111      1    109      1      53     6.2828E+02  1.221E+10  9.058E-07  4.025E+02
     733      1    114      1    113      1      54     7.1415E+00  1.470E+02  1.000E-30  3.777E-04
     735      1    115      1    114      1      54     4.2027E+02  1.190E+09  2.229E-02  2.200E-02
     736      1    117      1    116      1      54     8.2284E+01  8.012E+06  2.674E-01  4.320E-03
     737      1    118      1    117      1      54     6.5579E+01  3.449E+06  2.440E-06  9.899E+01
     739      1    120      1    119      1      54     2.7707E+01  2.325E+05  8.397E-01  1.563E-03
     740      1    121      1    120      1      54     3.4184E+01  1.087E+06  1.523E-05  3.527E+01
     743      1    122      1    121      1      54     1.1729E+01  9.500E+03  6.948E-06  1.004E+01
     745      1    124      1    119      1      54     9.4819E+02  7.246E+10  1.609E-04  3.131E+01
     746      1    124      1    121      1      54     8.8629E+02  2.309E+10  1.000E-30  1.765E+01
     747      1    123      1    120      1      54     9.0352E+02  8.427E+10  1.000E-30  5.145E+01
     749      1    124      1    123      1      54     1.6956E+01  1.496E+05  1.334E-01  1.126E-02
     750      1    125      1    120      1      54     9.3511E+02  1.530E+11  8.602E-05  4.297E+01
     753      1    125      1    122      1      54     8.8920E+02  5.626E+09  1.000E-30  3.390E+00
     754      1    125      1    124      1      54     1.4632E+01  9.989E+04  2.821E-05  2.233E+01
     757      1    126      1    121      1      54     9.0719E+02  2.584E+11  2.741E-04  1.496E+01
     759      1    126      1    125      1      54     6.2624E+00  2.750E+03  2.566E-05  5.173E+00
     761      1    127      1    122      1      54     9.0472E+02  4.302E+11  7.202E-04  6.835E+00
     763      1    127      1    126      1      54     9.2648E+00  3.295E+03  1.724E-05  2.036E+00
     765      1    129      1    121      1      54     1.3816E+03  1.790E+10  1.000E-30  9.928E+00
     767      1    129      1    123      1      54     5.1224E+02  1.262E+10  3.075E-04  1.809E+01
     768      1    129      1    125      1      54     4.8065E+02  6.203E+09  1.000E-30  1.080E+01
     770      1    128      1    120      1      54     1.4063E+03  7.062E+10  1.000E-30  5.132E+01
     772      1    128      1    124      1      54     4.8585E+02  1.811E+10  1.000E-30  3.176E+01
     775      1    129      1    128      1      54     9.4325E+00  2.886E+04  2.131E-01  8.233E-03
     777      1    130      1    120      1      54     1.4246E+03  9.039E+10  1.719E-04  3.592E+00
     779      1    130      1    122      1      54     1.3787E+03  3.745E+09  1.000E-30  4.630E+00
     780      1    130      1    124      1      54     5.0408E+02  2.400E+10  1.379E-04  2.684E+01
     783      1    130      1    126      1      54     4.8319E+02  2.311E+09  1.000E-30  2.043E+00
     785      1    130      1    129      1      54     8.7978E+00  2.863E+04  6.409E-05  1.296E+01
     788      1    131      1    121      1      54     1.3942E+03  1.977E+11  5.129E-05  1.686E+01
     790      1    131      1    125      1      54     4.9329E+02  3.904E+10  5.223E-04  7.384E+00
     791      1    131      1    127      1      54     4.7777E+02  6.213E+08  1.000E-30  7.932E-01
     793      1    131      1    130      1      54     3.8408E+00  9.428E+02  6.571E-05  3.002E+00
     795      1    132      1    122      1      54     1.3904E+03  2.103E+11  8.264E-05  8.014E+00
     797      1    132      1    126      1      54     4.9497E+02  6.193E+10  1.295E-03  3.345E+00
     799      1    132      1    131      1      54     7.9348E+00  3.832E+03  5.499E-05  1.182E+00
     800      1    133      1    127      1      54     4.8686E+02  8.720E+10  2.638E-03  1.892E+00
     801      1    133      1    132      1      54     1.1594E+00  3.407E+00  2.422E-05  5.946E-01
     802      1    134      1    124      1      54     7.8763E+02  1.728E+10  1.000E-30  3.167E+01
     804      1    134      1    129      1      54     2.9235E+02  5.084E+09  1.000E-30  1.833E+01
     808      1    135      1    123      1      54     8.1021E+02  1.346E+10  1.309E-04  1.146E+01
     809      1    135      1    125      1      54     7.7862E+02  5.539E+09  1.000E-30  9.996E+00
     811      1    135      1    128      1      54     3.0740E+02  2.988E+09  5.366E-04  1.137E+01
     812      1    135      1    130      1      54     2.8917E+02  1.946E+09  1.000E-30  5.771E+00
     814      1    135      1    134      1      54     5.6221E+00  8.792E+03  9.665E-04  3.036E+00
     815      1    136      1    124      1      54     7.9909E+02  2.506E+10  3.065E-05  3.165E+01
     818      1    136      1    126      1      54     7.7820E+02  1.830E+09  1.000E-30  4.959E+00
     819      1    136      1    129      1      54     3.0380E+02  5.425E+09  2.088E-04  1.830E+01
     822      1    136      1    131      1      54     2.9116E+02  8.862E+08  1.000E-30  2.867E+00
     825      1    136      1    135      1      54     5.8334E+00  1.050E+04  1.273E-04  8.208E+00
     827      1    137      1    125      1      54     7.8707E+02  3.753E+10  9.120E-05  1.000E+01
     828      1    137      1    127      1      54     7.7154E+02  4.190E+08  1.000E-30  2.989E+00
     830      1    137      1    130      1      54     2.9761E+02  8.408E+09  6.537E-04  5.787E+00
     831      1    137      1    132      1      54     2.8584E+02  3.496E+08  1.000E-30  1.726E+00
     833      1    137      1    136      1      54     2.6080E+00  3.913E+02  1.391E-04  1.879E+00
     835      1    138      1    126      1      54     7.8806E+02  4.842E+10  1.688E-04  4.963E+00
     837      1    138      1    131      1      54     3.0103E+02  1.316E+10  1.425E-03  2.870E+00
     838      1    138      1    133      1      54     2.9194E+02  1.131E+08  1.000E-30  1.155E+00
     840      1    138      1    137      1      54     7.2571E+00  4.136E+03  1.237E-04  7.413E-01
     841      1    139      1    127      1      54     7.7953E+02  4.307E+10  2.001E-04  2.992E+00
     842      1    139      1    132      1      54     2.9383E+02  1.704E+10  2.566E-03  1.728E+00
     843      1    139      1    138      1      54     7.3047E-01  1.593E+00  7.246E-05  3.717E-01
     844      1    140      1    133      1      54     2.9317E+02  2.354E+10  4.385E-03  1.153E+00
     845      1    140      1    139      1      54     5.0455E-01  1.994E-01  3.890E-05  2.151E-01
     846      1    141      1    124      1      54     9.8280E+02  1.376E+10  1.000E-30  3.164E+01
     847      1    141      1    129      1      54     4.8751E+02  5.299E+09  1.000E-30  1.827E+01
     851      1    141      1    135      1      54     1.8954E+02  1.699E+09  1.000E-30  1.149E+01
     853      1    142      1    123      1      54     1.0032E+03  1.129E+10  8.620E-05  7.685E+00
     854      1    142      1    125      1      54     9.7165E+02  4.207E+09  1.000E-30  1.001E+01
     856      1    142      1    128      1      54     5.0043E+02  3.474E+09  2.145E-04  7.659E+00
     857      1    142      1    130      1      54     4.8220E+02  1.916E+09  1.000E-30  5.788E+00
     859      1    142      1    134      1      54     1.9865E+02  8.800E+08  8.786E-04  7.577E+00
     861      1    142      1    136      1      54     1.8719E+02  6.970E+08  1.000E-30  4.854E+00
     863      1    142      1    141      1      54     3.4847E+00  2.303E+03  1.704E-03  1.896E+00
     864      1    143      1    124      1      54     9.9046E+02  2.085E+10  1.340E-05  3.163E+01
     865      1    143      1    126      1      54     9.6956E+02  1.302E+09  1.000E-30  4.968E+00
     866      1    143      1    129      1      54     4.9517E+02  6.246E+09  5.561E-05  1.827E+01
     869      1    143      1    131      1      54     4.8253E+02  7.944E+08  1.000E-30  2.877E+00
     872      1    143      1    135      1      54     1.9720E+02  1.548E+09  4.226E-04  9.436E+00
     874      1    143      1    137      1      54     1.8876E+02  3.586E+08  1.000E-30  9.725E-01
     877      1    143      1    142      1      54     4.1712E+00  4.562E+03  2.277E-04  5.453E+00
     878      1    144      1    125      1      54     9.7774E+02  2.962E+10  3.750E-05  1.002E+01
     879      1    144      1    127      1      54     9.6221E+02  2.714E+08  1.000E-30  2.999E+00
     881      1    144      1    130      1      54     4.8829E+02  9.238E+09  1.624E-04  5.792E+00
     882      1    144      1    132      1      54     4.7651E+02  2.830E+08  1.000E-30  1.735E+00
     884      1    144      1    136      1      54     1.9328E+02  2.310E+09  1.494E-03  2.542E+00
     885      1    144      1    138      1      54     1.8342E+02  1.636E+08  1.000E-30  3.336E-01
     887      1    144      1    143      1      54     1.9160E+00  1.941E+02  2.602E-04  1.257E+00
     888      1    145      1    126      1      54     9.7835E+02  3.409E+10  6.200E-05  4.971E+00
     890      1    145      1    131      1      54     4.9132E+02  1.263E+10  3.132E-04  2.879E+00
     891      1    145      1    133      1      54     4.8223E+02  7.321E+07  1.000E-30  1.164E+00
     893      1    145      1    137      1      54     1.9755E+02  3.611E+09  3.527E-03  1.128E+00
     894      1    145      1    139      1      54     1.8956E+02  8.354E+07  1.000E-30  1.646E-01
     896      1    145      1    144      1      54     6.8766E+00  4.487E+03  2.354E-04  4.965E-01
     897      1    146      1    127      1      54     9.6958E+02  2.449E+10  5.900E-05  3.000E+00
     898      1    146      1    132      1      54     4.8388E+02  1.362E+10  4.560E-04  1.736E+00
     899      1    146      1    138      1      54     1.9078E+02  4.305E+09  6.560E-03  6.286E-01
     900      1    146      1    140      1      54     1.8955E+02  2.561E+07  1.000E-30  1.062E-01
     901      1    146      1    145      1      54     4.8959E-01  6.814E-01  1.527E-04  2.506E-01
     902      1    147      1    133      1      54     4.8306E+02  1.142E+10  4.699E-04  1.162E+00
     903      1    147      1    139      1      54     1.9039E+02  5.731E+09  1.143E-02  3.983E-01
     904      1    147      1    146      1      54     3.3818E-01  1.134E-01  1.087E-04  1.453E-01
     905      1    148      1    140      1      54     1.9013E+02  7.522E+09  1.877E-02  2.733E-01
     906      1    148      1    147      1      54     2.4746E-01  1.762E-02  5.800E-05  9.131E-02
     907      1    149      1    124      1      54     1.1162E+03  1.062E+10  1.000E-30  3.163E+01
     908      1    149      1    129      1      54     6.2092E+02  4.499E+09  1.000E-30  1.826E+01
     910      1    149      1    135      1      54     3.2295E+02  1.893E+09  1.000E-30  1.149E+01
     913      1    149      1    142      1      54     1.2992E+02  6.492E+08  1.000E-30  7.702E+00
     915      1    150      1    123      1      54     1.1354E+03  9.006E+09  6.739E-05  5.411E+00
     916      1    150      1    125      1      54     1.1038E+03  3.161E+09  1.000E-30  1.002E+01
     917      1    150      1    128      1      54     6.3256E+02  3.120E+09  1.356E-04  5.385E+00
     918      1    150      1    130      1      54     6.1433E+02  1.571E+09  1.000E-30  5.795E+00
     919      1    150      1    134      1      54     3.3078E+02  1.090E+09  3.330E-04  5.361E+00
     921      1    150      1    136      1      54     3.1933E+02  7.461E+08  1.000E-30  2.887E+00
     923      1    150      1    141      1      54     1.3562E+02  3.033E+08  1.353E-03  5.331E+00
     925      1    150      1    143      1      54     1.2796E+02  2.788E+08  1.000E-30  3.480E+00
     927      1    150      1    149      1      54     2.2069E+00  6.219E+02  2.949E-03  1.166E+00
     928      1    151      1    124      1      54     1.1216E+03  1.650E+10  7.308E-06  3.161E+01
     929      1    151      1    126      1      54     1.1007E+03  9.355E+08  1.000E-30  4.976E+00
     930      1    151      1    129      1      54     6.2630E+02  5.584E+09  2.459E-05  1.825E+01
     931      1    151      1    131      1      54     6.1366E+02  6.134E+08  1.000E-30  2.884E+00
     933      1    151      1    135      1      54     3.2833E+02  1.907E+09  1.062E-04  1.002E+01
     935      1    151      1    137      1      54     3.1989E+02  3.531E+08  1.000E-30  6.219E-01
     937      1    151      1    142      1      54     1.3530E+02  5.236E+08  6.674E-04  6.261E+00
     939      1    151      1    144      1      54     1.2921E+02  1.555E+08  1.000E-30  7.129E-01
     941      1    151      1    150      1      54     3.1681E+00  2.348E+03  3.838E-04  3.800E+00
     942      1    152      1    125      1      54     1.1084E+03  2.266E+10  1.968E-05  1.002E+01
     943      1    152      1    127      1      54     1.0929E+03  1.833E+08  1.000E-30  3.006E+00
     944      1    152      1    130      1      54     6.1900E+02  8.005E+09  6.897E-05  5.800E+00
     945      1    152      1    132      1      54     6.0722E+02  2.043E+08  1.000E-30  1.742E+00
     947      1    152      1    136      1      54     3.2399E+02  2.774E+09  3.369E-04  2.869E+00
     948      1    152      1    138      1      54     3.1413E+02  1.524E+08  1.000E-30  3.550E-01
     950      1    152      1    143      1      54     1.3263E+02  7.576E+08  2.305E-03  1.674E+00
     951      1    152      1    145      1      54     1.2383E+02  7.512E+07  1.000E-30  2.487E-01
     953      1    152      1    151      1      54     1.4980E+00  1.081E+02  4.304E-04  8.856E-01
     954      1    153      1    126      1      54     1.1088E+03  2.430E+10  3.032E-05  4.977E+00
     955      1    153      1    131      1      54     6.2180E+02  1.014E+10  1.237E-04  2.886E+00
     956      1    153      1    133      1      54     6.1271E+02  4.651E+07  1.000E-30  1.170E+00
     958      1    153      1    137      1      54     3.2803E+02  3.909E+09  7.038E-04  1.333E+00
     959      1    153      1    139      1      54     3.2004E+02  6.419E+07  1.000E-30  2.664E-01
     961      1    153      1    144      1      54     1.3736E+02  1.208E+09  5.380E-03  7.399E-01
     962      1    153      1    146      1      54     1.2999E+02  4.926E+07  1.000E-30  1.178E-01
     963      1    153      1    152      1      54     6.6466E+00  4.874E+03  4.005E-04  3.511E-01
     964      1    154      1    127      1      54     1.0999E+03  1.542E+10  2.538E-05  3.007E+00
     965      1    154      1    132      1      54     6.1421E+02  9.721E+09  1.586E-04  1.743E+00
     966      1    154      1    138      1      54     3.2112E+02  4.351E+09  1.125E-03  7.700E-01
     967      1    154      1    140      1      54     3.1988E+02  1.604E+07  1.000E-30  2.097E-01
     968      1    154      1    145      1      54     1.3082E+02  1.332E+09  9.712E-03  4.093E-01
     969      1    154      1    147      1      54     1.3000E+02  2.274E+07  1.000E-30  7.074E-02
     970      1    154      1    153      1      54     3.4390E-01  3.025E-01  2.756E-04  1.778E-01
     971      1    155      1    133      1      54     6.1329E+02  6.411E+09  1.282E-04  1.169E+00
     972      1    155      1    139      1      54     3.2062E+02  4.585E+09  1.498E-03  5.015E-01
     973      1    155      1    146      1      54     1.3057E+02  1.713E+09  1.646E-02  2.581E-01
     974      1    155      1    148      1      54     1.2999E+02  7.052E+06  1.000E-30  5.103E-02
     975      1    155      1    154      1      54     2.3759E-01  5.612E-02  2.178E-04  1.034E-01
     976      1    156      1    124      1      54     1.2114E+03  8.190E+09  1.000E-30  3.161E+01
     977      1    156      1    129      1      54     7.1613E+02  3.642E+09  1.000E-30  1.825E+01
     978      1    156      1    135      1      54     4.1816E+02  1.690E+09  1.000E-30  1.150E+01
     980      1    156      1    142      1      54     2.2513E+02  7.629E+08  1.000E-30  7.708E+00
     983      1    156      1    150      1      54     9.3002E+01  2.769E+08  1.000E-30  5.407E+00
     985      1    157      1    123      1      54     1.2298E+03  7.114E+09  5.721E-05  3.962E+00
     986      1    157      1    125      1      54     1.1982E+03  2.390E+09  1.000E-30  1.003E+01
     987      1    157      1    128      1      54     7.2695E+02  2.620E+09  1.027E-04  3.936E+00
     988      1    157      1    130      1      54     7.0872E+02  1.243E+09  1.000E-30  5.800E+00
     989      1    157      1    134      1      54     4.2517E+02  1.034E+09  2.035E-04  3.918E+00
     990      1    157      1    136      1      54     4.1371E+02  6.457E+08  1.000E-30  1.996E+00
     991      1    157      1    141      1      54     2.3000E+02  3.980E+08  4.968E-04  3.902E+00
     993      1    157      1    143      1      54     2.2235E+02  3.169E+08  1.000E-30  2.184E+00
     995      1    157      1    149      1      54     9.6594E+01  1.182E+08  2.006E-03  3.882E+00
     997      1    157      1    151      1      54     9.1219E+01  1.213E+08  1.000E-30  2.575E+00
     999      1    157      1    156      1      54     1.3856E+00  1.576E+02  5.105E-03  6.931E-01
    1000      1    158      1    124      1      54     1.2153E+03  1.294E+10  4.501E-06  3.162E+01
    1001      1    158      1    126      1      54     1.1944E+03  6.870E+08  1.000E-30  4.981E+00
    1002      1    158      1    129      1      54     7.2004E+02  4.665E+09  1.352E-05  1.825E+01
    1003      1    158      1    131      1      54     7.0740E+02  4.671E+08  1.000E-30  2.890E+00
    1004      1    158      1    135      1      54     4.2207E+02  1.801E+09  4.544E-05  1.041E+01
    1005      1    158      1    137      1      54     4.1363E+02  2.911E+08  1.000E-30  7.734E-01
    1007      1    158      1    142      1      54     2.2904E+02  6.795E+08  1.687E-04  6.619E+00
    1009      1    158      1    144      1      54     2.2296E+02  1.652E+08  1.000E-30  4.350E-01
    1011      1    158      1    150      1      54     9.6914E+01  2.024E+08  1.009E-03  4.357E+00
    1012      1    158      1    152      1      54     9.2248E+01  7.189E+07  1.000E-30  5.415E-01
    1014      1    158      1    157      1      54     2.5273E+00  1.384E+03  6.163E-04  2.750E+00
    1015      1    159      1    125      1      54     1.2019E+03  1.738E+10  1.183E-05  1.003E+01
    1016      1    159      1    127      1      54     1.1864E+03  1.291E+08  1.000E-30  3.012E+00
    1017      1    159      1    130      1      54     7.1248E+02  6.548E+09  3.696E-05  5.805E+00
    1018      1    159      1    132      1      54     7.0070E+02  1.477E+08  1.000E-30  1.747E+00
    1019      1    159      1    136      1      54     4.1747E+02  2.570E+09  1.359E-04  3.080E+00
    1020      1    159      1    138      1      54     4.0761E+02  1.197E+08  1.000E-30  5.287E-01
    1022      1    159      1    143      1      54     2.2610E+02  9.699E+08  5.299E-04  1.878E+00
    1023      1    159      1    145      1      54     2.1731E+02  7.900E+07  1.000E-30  2.161E-01
    1025      1    159      1    151      1      54     9.4977E+01  2.850E+08  3.412E-03  1.160E+00
    1026      1    159      1    153      1      54     8.6832E+01  3.491E+07  1.000E-30  1.922E-01
    1028      1    159      1    158      1      54     1.2307E+00  6.816E+01  6.722E-04  6.454E-01
    1029      1    160      1    126      1      54     1.2022E+03  1.779E+10  1.739E-05  4.983E+00
    1030      1    160      1    131      1      54     7.1513E+02  7.892E+09  6.320E-05  2.891E+00
    1031      1    160      1    133      1      54     7.0604E+02  3.124E+07  1.000E-30  1.175E+00
    1032      1    160      1    137      1      54     4.2136E+02  3.419E+09  2.639E-04  1.466E+00
    1033      1    160      1    139      1      54     4.1337E+02  4.509E+07  1.000E-30  3.899E-01
    1035      1    160      1    144      1      54     2.3069E+02  1.401E+09  1.117E-03  8.666E-01
    1036      1    160      1    146      1      54     2.2332E+02  4.249E+07  1.000E-30  1.587E-01
    1037      1    160      1    152      1      54     9.9979E+01  4.728E+08  7.961E-03  5.092E-01
    1038      1    160      1    154      1      54     9.2988E+01  2.768E+07  1.000E-30  9.106E-02
    1039      1    160      1    159      1      54     6.4994E+00  5.300E+03  6.328E-04  2.586E-01
    1040      1    161      1    127      1      54     1.1932E+03  1.040E+10  1.340E-05  3.011E+00
    1041      1    161      1    132      1      54     7.0745E+02  7.009E+09  7.462E-05  1.747E+00
    1042      1    161      1    138      1      54     4.1436E+02  3.582E+09  3.864E-04  8.582E-01
    1043      1    161      1    140      1      54     4.1312E+02  9.978E+06  1.000E-30  2.986E-01
    1044      1    161      1    145      1      54     2.2406E+02  1.538E+09  1.807E-03  4.994E-01
    1045      1    161      1    147      1      54     2.2323E+02  1.684E+07  1.000E-30  1.262E-01
    1046      1    161      1    153      1      54     9.3583E+01  4.701E+08  1.370E-02  2.814E-01
    1047      1    161      1    155      1      54     9.3001E+01  1.534E+07  1.000E-30  5.268E-02
    1048      1    161      1    160      1      54     2.5061E-01  1.406E-01  4.459E-04  1.318E-01
    1049      1    162      1    133      1      54     7.0646E+02  4.019E+09  5.235E-05  1.174E+00
    1050      1    162      1    139      1      54     4.1380E+02  3.264E+09  4.361E-04  5.694E-01
    1051      1    162      1    146      1      54     2.2375E+02  1.740E+09  2.586E-03  3.247E-01
    1052      1    162      1    148      1      54     2.2316E+02  4.258E+06  1.000E-30  1.035E-01
    1053      1    162      1    154      1      54     9.3412E+01  5.921E+08  2.277E-02  1.776E-01
    1054      1    162      1    161      1      54     1.7317E-01  2.777E-02  3.704E-04  7.736E-02
    1381      1    165      1    164      1       1     1.0199E+01  6.286E+03  1.534E-03  2.099E-02
    1384      1    167      1    164      1       1     1.0199E+01  1.255E+04  3.067E-03  2.099E-02
    1387      1    169      1    164      1       1     1.2088E+01  5.166E+03  4.746E-04  4.058E-02
    1389      1    169      1    166      1       1     1.8887E+00  1.084E+02  2.308E-04  5.103E-02
    1392      1    168      1    165      1       1     1.8887E+00  3.389E+00  5.104E-06  7.128E-02
    1394      1    168      1    167      1       1     1.8886E+00  6.777E+00  1.021E-05  7.128E-02
    1396      1    170      1    165      1       1     1.8887E+00  1.734E+02  4.002E-04  4.690E-02
    1398      1    170      1    167      1       1     1.8887E+00  3.464E+02  8.001E-04  4.691E-02
    1399      1    172      1    164      1       1     1.2749E+01  5.487E+02  1.075E-04  6.472E-02
    1401      1    172      1    166      1       1     2.5497E+00  1.558E+01  8.793E-06  4.167E-01
    1404      1    172      1    168      1       1     6.6104E-01  1.281E+00  1.621E-05  2.412E-01
    1405      1    172      1    170      1       1     6.6103E-01  1.452E-01  2.045E-06  2.168E-01
    1407      1    171      1    165      1       1     2.5497E+00  4.621E-01  5.297E-07  2.050E-01
    1409      1    171      1    167      1       1     2.5497E+00  9.242E-01  1.059E-06  2.050E-01
    1410      1    171      1    169      1       1     6.6103E-01  2.558E-01  3.144E-06  2.483E-01
    1414      1    173      1    165      1       1     2.5497E+00  1.849E+01  2.731E-05  1.593E-01
    1416      1    173      1    167      1       1     2.5497E+00  3.703E+01  5.472E-05  1.593E-01
    1417      1    173      1    169      1       1     6.6104E-01  4.903E+00  7.377E-05  2.026E-01
    1425      1    174      1    170      1       1     6.6103E-01  1.345E+01  2.784E-04  1.474E-01
    1426      1    176      1    164      1       1     1.3054E+01  1.913E+01  3.212E-05  1.026E-01
    1428      1    176      1    166      1       1     2.8557E+00  6.033E-01  3.577E-06  4.649E-01
    1430      1    176      1    168      1       1     9.6701E-01  6.760E-02  2.774E-06  5.133E-01
    1431      1    176      1    170      1       1     9.6699E-01  6.161E-03  2.655E-07  4.889E-01
    1433      1    176      1    171      1       1     3.0597E-01  9.611E-03  7.755E-07  6.462E-01
    1434      1    176      1    173      1       1     3.0596E-01  2.457E-03  2.140E-07  6.004E-01
    1437      1    175      1    165      1       1     2.8557E+00  1.738E-02  9.853E-08  4.862E-01
    1439      1    175      1    167      1       1     2.8556E+00  3.476E-02  1.971E-07  4.862E-01
    1440      1    175      1    169      1       1     9.6700E-01  1.243E-02  4.943E-07  5.295E-01
    1443      1    175      1    172      1       1     3.0596E-01  2.803E-03  2.233E-07  6.553E-01
    1447      1    177      1    165      1       1     2.8557E+00  6.378E-01  4.257E-06  4.131E-01
    1449      1    177      1    167      1       1     2.8557E+00  1.274E+00  8.503E-06  4.131E-01
    1450      1    177      1    169      1       1     9.6700E-01  2.325E-01  1.072E-05  4.564E-01
    1453      1    177      1    172      1       1     3.0597E-01  3.233E-02  2.895E-06  5.822E-01
    1456      1    177      1    174      1       1     3.0596E-01  1.098E-03  1.121E-07  5.128E-01
    1461      1    178      1    170      1       1     9.6699E-01  4.369E-01  2.462E-05  3.738E-01
    1463      1    178      1    173      1       1     3.0596E-01  7.868E-02  8.460E-06  4.854E-01
    1469      1    179      1    174      1       1     3.0596E-01  1.670E-01  2.382E-05  3.659E-01
    1470      1    181      1    164      1       1     1.3221E+01  9.050E-01  1.276E-05  1.410E-01
    1472      1    181      1    166      1       1     3.0219E+00  2.992E-02  8.631E-07  9.649E-01
    1473      1    181      1    168      1       1     1.1332E+00  3.751E-03  5.501E-07  1.013E+00
    1474      1    181      1    170      1       1     1.1332E+00  3.074E-04  4.621E-08  9.889E-01
    1476      1    181      1    171      1       1     4.7217E-01  7.295E-04  8.403E-08  1.146E+00
    1477      1    181      1    173      1       1     4.7216E-01  1.542E-04  1.857E-08  1.100E+00
    1480      1    181      1    175      1       1     1.6620E-01  1.402E-04  1.000E-30  1.427E+00
    1481      1    181      1    177      1       1     1.6620E-01  5.525E-05  1.000E-30  1.354E+00
    1484      1    180      1    165      1       1     3.0219E+00  8.566E-04  2.391E-08  9.974E-01
    1486      1    180      1    167      1       1     3.0218E+00  1.710E-03  4.773E-08  9.974E-01
    1487      1    180      1    169      1       1     1.1332E+00  6.633E-04  9.467E-08  1.041E+00
    1488      1    180      1    172      1       1     4.7217E-01  1.948E-04  2.207E-08  1.166E+00
    1491      1    180      1    176      1       1     1.6620E-01  5.152E-05  1.000E-30  1.438E+00
    1495      1    182      1    165      1       1     3.0219E+00  2.989E-02  9.342E-07  8.907E-01
    1497      1    182      1    167      1       1     3.0219E+00  5.995E-02  1.874E-06  8.907E-01
    1498      1    182      1    169      1       1     1.1332E+00  1.229E-02  1.954E-06  9.340E-01
    1499      1    182      1    172      1       1     4.7217E-01  2.354E-03  2.935E-07  1.060E+00
    1502      1    182      1    174      1       1     4.7216E-01  5.848E-05  7.853E-09  9.904E-01
    1503      1    182      1    176      1       1     1.6620E-01  4.315E-04  1.000E-30  1.332E+00
    1506      1    182      1    178      1       1     1.6620E-01  3.752E-05  1.000E-30  1.216E+00
    1509      1    183      1    170      1       1     1.1332E+00  1.966E-02  3.573E-06  8.179E-01
    1511      1    183      1    173      1       1     4.7216E-01  4.908E-03  6.998E-07  9.295E-01
    1513      1    183      1    177      1       1     1.6620E-01  9.724E-04  1.000E-30  1.183E+00
    1514      1    183      1    179      1       1     1.6620E-01  1.529E-05  1.000E-30  1.036E+00
    1517      1    184      1    174      1       1     4.7216E-01  6.730E-03  1.169E-06  7.653E-01
    1519      1    184      1    178      1       1     1.6620E-01  1.918E-03  1.000E-30  9.913E-01
    1521      1    185      1    179      1       1     1.6620E-01  3.483E-03  1.000E-30  7.710E-01
    1523      1    186      1    165      1       1     3.1221E+00  6.191E-05  7.819E-09  1.839E+00
    1524      1    186      1    167      1       1     3.1221E+00  1.238E-04  1.564E-08  1.839E+00
    1525      1    186      1    169      1       1     1.2334E+00  5.012E-05  3.031E-08  1.882E+00
    1526      1    186      1    172      1       1     5.7238E-01  1.614E-05  7.590E-09  2.008E+00
    1527      1    186      1    176      1       1     2.6642E-01  5.595E-06  1.192E-10  2.280E+00
    1530      1    186      1    181      1       1     1.0021E-01  1.644E-06  1.725E-10  2.780E+00
    1533      1    187      1    164      1       1     1.3321E+01  6.408E-02  5.787E-06  1.899E-01
    1534      1    187      1    166      1       1     3.1221E+00  2.178E-03  2.821E-07  1.793E+00
    1535      1    187      1    168      1       1     1.2334E+00  2.898E-04  1.792E-07  1.842E+00
    1536      1    187      1    170      1       1     1.2334E+00  2.226E-05  1.395E-08  1.817E+00
    1537      1    187      1    171      1       1     5.7238E-01  6.299E-05  3.010E-08  1.975E+00
    1538      1    187      1    173      1       1     5.7238E-01  1.200E-05  5.885E-09  1.929E+00
    1540      1    187      1    175      1       1     2.6642E-01  1.652E-05  3.546E-10  2.255E+00
    1541      1    187      1    177      1       1     2.6642E-01  5.488E-06  1.237E-10  2.182E+00
    1544      1    187      1    180      1       1     1.0022E-01  3.818E-06  4.024E-10  2.766E+00
    1545      1    187      1    182      1       1     1.0021E-01  1.991E-06  2.183E-10  2.660E+00
    1548      1    188      1    165      1       1     3.1221E+00  2.110E-03  2.895E-07  1.693E+00
    1549      1    188      1    167      1       1     3.1221E+00  4.220E-03  5.789E-07  1.693E+00
    1550      1    188      1    169      1       1     1.2334E+00  9.202E-04  6.033E-07  1.736E+00
    1551      1    188      1    172      1       1     5.7238E-01  1.982E-04  1.005E-07  1.862E+00
    1552      1    188      1    174      1       1     5.7238E-01  4.173E-06  2.208E-09  1.793E+00
    1553      1    188      1    176      1       1     2.6642E-01  5.020E-05  1.142E-09  2.134E+00
    1556      1    188      1    178      1       1     2.6642E-01  3.305E-06  8.148E-11  2.019E+00
    1558      1    188      1    181      1       1     1.0022E-01  1.108E-05  1.227E-09  2.633E+00
    1561      1    188      1    183      1       1     1.0021E-01  1.640E-06  1.943E-10  2.462E+00
    1564      1    189      1    170      1       1     1.2334E+00  1.352E-03  9.741E-07  1.580E+00
    1565      1    189      1    173      1       1     5.7238E-01  3.817E-04  2.134E-07  1.692E+00
    1567      1    189      1    177      1       1     2.6642E-01  1.050E-04  2.654E-09  1.945E+00
    1568      1    189      1    179      1       1     2.6642E-01  1.123E-06  3.190E-11  1.799E+00
    1570      1    189      1    182      1       1     1.0021E-01  2.362E-05  2.842E-09  2.423E+00
    1571      1    189      1    184      1       1     1.0021E-01  1.011E-06  1.342E-10  2.198E+00
    1573      1    190      1    174      1       1     5.7238E-01  4.316E-04  2.774E-07  1.475E+00
    1575      1    190      1    178      1       1     2.6642E-01  1.710E-04  4.998E-09  1.701E+00
    1577      1    190      1    183      1       1     1.0021E-01  4.410E-05  5.994E-09  2.145E+00
    1578      1    190      1    185      1       1     1.0021E-01  3.927E-07  6.092E-11  1.880E+00
    1580      1    191      1    179      1       1     2.6642E-01  1.939E-04  7.002E-09  1.415E+00
    1581      1    191      1    184      1       1     1.0021E-01  7.614E-05  1.223E-08  1.814E+00
    1583      1    192      1    185      1       1     1.0021E-01  1.256E-04  2.527E-08  1.448E+00
    1585      1    193      1    165      1       1     3.1872E+00  6.248E-06  3.003E-09  3.130E+00
    1586      1    193      1    167      1       1     3.1871E+00  1.250E-05  6.005E-09  3.130E+00
    1587      1    193      1    169      1       1     1.2985E+00  5.163E-06  1.140E-08  3.173E+00
    1588      1    193      1    172      1       1     6.3742E-01  1.740E-06  2.907E-09  3.299E+00
    1589      1    193      1    176      1       1     3.3146E-01  6.626E-07  1.121E-10  3.571E+00
    1590      1    193      1    181      1       1     1.6526E-01  2.579E-07  4.581E-11  4.071E+00
    1594      1    193      1    187      1       1     6.5043E-02  8.207E-08  8.796E-12  4.899E+00
    1596      1    194      1    164      1       1     1.3386E+01  6.373E-03  2.279E-07  3.064E+00
    1597      1    194      1    166      1       1     3.1871E+00  2.210E-04  1.083E-07  3.069E+00
    1598      1    194      1    168      1       1     1.2985E+00  3.018E-05  6.786E-08  3.118E+00
    1599      1    194      1    170      1       1     1.2985E+00  2.241E-06  5.078E-09  3.093E+00
    1600      1    194      1    171      1       1     6.3743E-01  6.990E-06  1.184E-08  3.250E+00
    1601      1    194      1    173      1       1     6.3742E-01  1.244E-06  2.144E-09  3.205E+00
    1602      1    194      1    175      1       1     3.3146E-01  2.048E-06  3.500E-10  3.531E+00
    1603      1    194      1    177      1       1     3.3146E-01  6.207E-07  1.088E-10  3.458E+00
    1605      1    194      1    180      1       1     1.6526E-01  6.449E-07  1.153E-10  4.042E+00
    1606      1    194      1    182      1       1     1.6526E-01  2.904E-07  5.335E-11  3.936E+00
    1608      1    194      1    186      1       1     6.5044E-02  1.701E-07  1.829E-11  4.884E+00
    1610      1    194      1    188      1       1     6.5043E-02  1.078E-07  1.195E-11  4.738E+00
    1613      1    195      1    165      1       1     3.1872E+00  2.097E-04  1.073E-07  2.938E+00
    1614      1    195      1    167      1       1     3.1871E+00  4.194E-04  2.147E-07  2.938E+00
    1615      1    195      1    169      1       1     1.2985E+00  9.441E-05  2.218E-07  2.981E+00
    1616      1    195      1    172      1       1     6.3742E-01  2.163E-05  3.835E-08  3.107E+00
    1617      1    195      1    174      1       1     6.3742E-01  4.106E-07  7.475E-10  3.038E+00
    1618      1    195      1    176      1       1     3.3146E-01  6.164E-06  1.101E-09  3.379E+00
    1619      1    195      1    178      1       1     3.3146E-01  3.473E-07  6.471E-11  3.264E+00
    1620      1    195      1    181      1       1     1.6526E-01  1.879E-06  3.501E-10  3.879E+00
    1623      1    195      1    183      1       1     1.6526E-01  2.165E-07  4.222E-11  3.708E+00
    1626      1    195      1    187      1       1     6.5044E-02  4.720E-07  5.262E-11  4.707E+00
    1628      1    195      1    189      1       1     6.5043E-02  9.965E-08  1.170E-11  4.470E+00
    1631      1    196      1    170      1       1     1.2985E+00  1.318E-04  3.321E-07  2.780E+00
    1632      1    196      1    173      1       1     6.3742E-01  3.963E-05  7.561E-08  2.892E+00
    1633      1    196      1    177      1       1     3.3146E-01  1.230E-05  2.370E-09  3.145E+00
    1634      1    196      1    179      1       1     3.3146E-01  1.066E-07  2.178E-11  2.998E+00
    1636      1    196      1    182      1       1     1.6526E-01  3.838E-06  7.655E-10  3.623E+00
    1637      1    196      1    184      1       1     1.6526E-01  1.165E-07  2.478E-11  3.397E+00
    1639      1    196      1    188      1       1     6.5043E-02  9.652E-07  1.145E-10  4.424E+00
    1640      1    196      1    190      1       1     6.5043E-02  7.413E-08  9.476E-12  4.107E+00
    1642      1    197      1    174      1       1     6.3742E-01  4.019E-05  8.496E-08  2.614E+00
    1643      1    197      1    178      1       1     3.3146E-01  1.800E-05  3.851E-09  2.840E+00
    1645      1    197      1    183      1       1     1.6526E-01  6.475E-06  1.424E-09  3.284E+00
    1646      1    197      1    185      1       1     1.6526E-01  3.738E-08  8.947E-12  3.019E+00
    1648      1    197      1    189      1       1     6.5043E-02  1.724E-06  2.235E-10  4.046E+00
    1649      1    197      1    191      1       1     6.5043E-02  4.355E-08  6.242E-12  3.662E+00
    1651      1    198      1    179      1       1     3.3146E-01  1.643E-05  4.060E-09  2.477E+00
    1652      1    198      1    184      1       1     1.6526E-01  9.044E-06  2.270E-09  2.876E+00
    1653      1    198      1    190      1       1     6.5043E-02  2.882E-06  4.214E-10  3.586E+00
    1654      1    198      1    192      1       1     6.5043E-02  1.641E-08  2.730E-12  3.154E+00
    1656      1    199      1    185      1       1     1.6526E-01  9.024E-06  2.692E-09  2.419E+00
    1657      1    199      1    191      1       1     6.5043E-02  4.564E-06  7.812E-10  3.063E+00
    1659      1    200      1    192      1       1     6.5043E-02  7.016E-06  1.472E-09  2.498E+00
    1661      1    201      1    165      1       1     3.2317E+00  8.102E-07  1.294E-09  5.008E+00
    1662      1    201      1    167      1       1     3.2317E+00  1.620E-06  2.588E-09  5.008E+00
    1663      1    201      1    169      1       1     1.3431E+00  6.789E-07  4.844E-09  5.051E+00
    1664      1    201      1    172      1       1     6.8202E-01  2.357E-07  1.245E-09  5.177E+00
    1665      1    201      1    176      1       1     3.7605E-01  9.391E-08  5.814E-11  5.448E+00
    1666      1    201      1    181      1       1     2.0985E-01  4.023E-08  1.657E-11  5.948E+00
    1668      1    201      1    187      1       1     1.0964E-01  1.699E-08  2.530E-12  6.777E+00
    1673      1    202      1    164      1       1     1.3431E+01  8.188E-04  9.871E-08  4.924E+00
    1674      1    202      1    166      1       1     3.2317E+00  2.880E-05  4.672E-08  4.929E+00
    1675      1    202      1    168      1       1     1.3431E+00  4.038E-06  2.924E-08  4.978E+00
    1676      1    202      1    170      1       1     1.3430E+00  2.890E-07  2.103E-09  4.953E+00
    1677      1    202      1    171      1       1     6.8202E-01  9.606E-07  5.134E-09  5.111E+00
    1678      1    202      1    173      1       1     6.8201E-01  1.647E-07  8.902E-10  5.065E+00
    1679      1    202      1    175      1       1     3.7606E-01  2.985E-07  1.866E-10  5.392E+00
    1680      1    202      1    177      1       1     3.7605E-01  8.499E-08  5.402E-11  5.318E+00
    1681      1    202      1    180      1       1     2.0985E-01  1.057E-07  4.386E-11  5.903E+00
    1682      1    202      1    182      1       1     2.0985E-01  4.332E-08  1.830E-11  5.796E+00
    1683      1    202      1    186      1       1     1.0964E-01  3.789E-08  5.669E-12  6.744E+00
    1685      1    202      1    188      1       1     1.0964E-01  2.096E-08  3.206E-12  6.598E+00
    1687      1    202      1    193      1       1     4.4594E-02  1.096E-08  1.234E-12  8.035E+00
    1692      1    203      1    165      1       1     3.2317E+00  2.696E-05  4.523E-08  4.764E+00
    1693      1    203      1    167      1       1     3.2317E+00  5.391E-05  9.046E-08  4.764E+00
    1694      1    203      1    169      1       1     1.3431E+00  1.238E-05  9.274E-08  4.807E+00
    1695      1    203      1    172      1       1     6.8202E-01  2.941E-06  1.629E-08  4.933E+00
    1696      1    203      1    174      1       1     6.8201E-01  5.232E-08  2.949E-10  4.864E+00
    1697      1    203      1    176      1       1     3.7605E-01  8.910E-07  5.770E-10  5.205E+00
    1698      1    203      1    178      1       1     3.7605E-01  4.545E-08  3.024E-11  5.090E+00
    1699      1    203      1    181      1       1     2.0985E-01  3.058E-07  1.312E-10  5.704E+00
    1700      1    203      1    183      1       1     2.0985E-01  3.048E-08  1.349E-11  5.534E+00
    1702      1    203      1    187      1       1     1.0964E-01  1.059E-07  1.634E-11  6.533E+00
    1704      1    203      1    189      1       1     1.0964E-01  1.778E-08  2.850E-12  6.296E+00
    1706      1    203      1    194      1       1     4.4594E-02  2.931E-08  3.394E-12  7.809E+00
    1710      1    204      1    170      1       1     1.3430E+00  1.675E-05  1.324E-07  4.554E+00
    1711      1    204      1    173      1       1     6.8202E-01  5.222E-06  3.060E-08  4.666E+00
    1712      1    204      1    177      1       1     3.7605E-01  1.726E-06  1.185E-09  4.919E+00
    1713      1    204      1    179      1       1     3.7605E-01  1.312E-08  9.351E-12  4.772E+00
    1714      1    204      1    182      1       1     2.0985E-01  6.098E-07  2.764E-10  5.396E+00
    1715      1    204      1    184      1       1     2.0985E-01  1.515E-08  7.171E-12  5.171E+00
    1717      1    204      1    188      1       1     1.0964E-01  2.119E-07  3.446E-11  6.198E+00
    1718      1    204      1    190      1       1     1.0964E-01  1.193E-08  2.046E-12  5.881E+00
    1720      1    204      1    195      1       1     4.4593E-02  5.804E-08  7.050E-12  7.444E+00
    1723      1    205      1    174      1       1     6.8201E-01  4.968E-06  3.148E-08  4.319E+00
    1724      1    205      1    178      1       1     3.7605E-01  2.367E-06  1.761E-09  4.545E+00
    1725      1    205      1    183      1       1     2.0985E-01  9.645E-07  4.726E-10  4.989E+00
    1728      1    205      1    189      1       1     1.0964E-01  3.591E-07  6.291E-11  5.751E+00
    1731      1    205      1    196      1       1     4.4593E-02  1.008E-07  1.311E-11  6.950E+00
    1734      1    206      1    179      1       1     3.7605E-01  1.902E-06  1.577E-09  4.096E+00
    1735      1    206      1    184      1       1     2.0985E-01  1.187E-06  6.447E-10  4.495E+00
    1736      1    206      1    190      1       1     1.0964E-01  5.294E-07  1.024E-10  5.205E+00
    1738      1    206      1    197      1       1     4.4593E-02  1.640E-07  2.336E-11  6.343E+00
    1741      1    207      1    185      1       1     2.0985E-01  9.328E-07  5.786E-10  3.934E+00
    1742      1    207      1    191      1       1     1.0964E-01  6.611E-07  1.453E-10  4.578E+00
    1743      1    207      1    198      1       1     4.4593E-02  2.516E-07  4.028E-11  5.640E+00
    1746      1    208      1    185      1       1     2.4771E-01  1.398E-07  1.835E-10  6.148E+00
    1747      1    208      1    191      1       1     1.4750E-01  1.211E-07  4.568E-11  6.792E+00
    1748      1    208      1    198      1       1     8.2456E-02  7.372E-08  1.143E-11  7.854E+00
    1750      1    208      1    206      1       1     3.7863E-02  3.798E-08  4.243E-12  9.473E+00
    1752      1    209      1    170      1       1     1.3809E+00  2.662E-06  5.967E-08  7.058E+00
    1753      1    209      1    173      1       1     7.1991E-01  8.657E-07  1.407E-08  7.169E+00
    1754      1    209      1    177      1       1     4.1395E-01  3.045E-07  6.137E-10  7.423E+00
    1756      1    209      1    182      1       1     2.4775E-01  1.192E-07  1.223E-10  7.900E+00
    1758      1    209      1    188      1       1     1.4753E-01  5.018E-08  1.483E-11  8.702E+00
    1761      1    209      1    195      1       1     8.2489E-02  2.177E-08  2.670E-12  9.947E+00
    1764      1    209      1    203      1       1     3.7896E-02  9.380E-09  8.435E-13  1.177E+01
    1767      1    210      1    179      1       1     4.1400E-01  2.960E-07  6.913E-10  6.426E+00
    1768      1    210      1    184      1       1     2.4780E-01  2.053E-07  2.431E-10  6.825E+00
    1769      1    210      1    190      1       1     1.4759E-01  1.116E-07  3.795E-11  7.534E+00
    1771      1    210      1    197      1       1     8.2546E-02  5.503E-08  7.715E-12  8.673E+00
    1773      1    210      1    205      1       1     3.7953E-02  2.535E-08  2.575E-12  1.038E+01
    1775      1    211      1    164      1       1     1.3469E+01  1.301E-04  4.715E-08  7.524E+00
    1776      1    211      1    166      1       1     3.2697E+00  4.615E-06  2.214E-08  7.529E+00
    1777      1    211      1    168      1       1     1.3810E+00  6.606E-07  1.381E-08  7.578E+00
    1778      1    211      1    170      1       1     1.3810E+00  4.662E-08  9.780E-10  7.553E+00
    1779      1    211      1    171      1       1     7.2000E-01  1.642E-07  2.482E-09  7.711E+00
    1780      1    211      1    173      1       1     7.1999E-01  2.735E-08  4.166E-10  7.665E+00
    1781      1    211      1    175      1       1     4.1404E-01  5.425E-08  1.015E-10  7.992E+00
    1782      1    211      1    177      1       1     4.1403E-01  1.479E-08  2.800E-11  7.918E+00
    1783      1    211      1    180      1       1     2.4783E-01  2.115E-08  2.018E-11  8.503E+00
    1785      1    211      1    186      1       1     1.4762E-01  9.110E-09  2.508E-12  9.344E+00
    1796      1    212      1    165      1       1     3.2697E+00  4.282E-06  2.110E-08  7.325E+00
    1797      1    212      1    167      1       1     3.2697E+00  8.565E-06  4.220E-08  7.325E+00
    1798      1    212      1    169      1       1     1.3810E+00  2.017E-06  4.332E-08  7.369E+00
    1799      1    212      1    172      1       1     7.2001E-01  4.968E-07  7.722E-09  7.494E+00
    1801      1    212      1    176      1       1     4.1404E-01  1.607E-07  3.094E-10  7.766E+00
    1803      1    212      1    181      1       1     2.4784E-01  6.109E-08  5.991E-11  8.266E+00
    1805      1    212      1    187      1       1     1.4763E-01  2.550E-08  7.207E-12  9.094E+00
    1808      1    212      1    194      1       1     8.2583E-02  1.113E-08  1.308E-12  1.037E+01
    1815      1    213      1    165      1       1     3.2697E+00  1.295E-07  6.135E-10  7.627E+00
    1816      1    213      1    167      1       1     3.2697E+00  2.590E-07  1.227E-09  7.627E+00
    1817      1    213      1    169      1       1     1.3810E+00  1.108E-07  2.289E-09  7.670E+00
    1818      1    213      1    172      1       1     7.2001E-01  3.963E-08  5.928E-10  7.796E+00
    1819      1    213      1    176      1       1     4.1404E-01  1.669E-08  3.095E-11  8.068E+00
    1829      1    214      1    174      1       1     7.2002E-01  7.848E-07  1.356E-08  6.745E+00
    1830      1    214      1    178      1       1     4.1406E-01  3.991E-07  8.568E-10  6.971E+00
    1831      1    214      1    183      1       1     2.4786E-01  1.808E-07  1.972E-10  7.415E+00
    1833      1    214      1    189      1       1     1.4764E-01  8.150E-08  2.556E-11  8.177E+00
    1836      1    214      1    196      1       1     8.2598E-02  3.679E-08  4.770E-12  9.377E+00
    1838      1    214      1    204      1       1     3.8005E-02  1.620E-08  1.528E-12  1.115E+01
