#  File format type:   4
#
#  SPECT3D transition powers file.
#  RUN NAME:  xe_20-200ev_1e18-1e21_4mm
#  Total number of transitions   =     1890
#  Number of written transitions =      888
#  Plasma temperature (eV)       =     2.0000E+01
#  Mass density (g/cm3)          =     4.4865E-05
#  Cell areal density (g/cm2)    =     1.7946E-05
#  Material mass fractions       =     1.0000E+00
#  DCA material number fractions =     1.3000E-02    9.8700E-01
# -----------------------------------------------------
#
#
#   Trans.  Trans  Upper  Upper  Lower  Lower   Ioniz   Energy     Line Power Line Center Line Width
#   Index   Model  Level  Model  Level  Model   Stage   (eV)       (W/cm2)    Opt. Depth      eV
# --------------------------------------------------------------------------------------------------
       1      1      3      1      2      1      52     1.1982E+02  1.736E+07  1.287E-11  3.623E-03
       2      1      4      1      2      1      52     4.9234E+02  4.430E+09  8.155E-02  1.506E-02
       4      1      6      1      5      1      52     1.0651E+02  6.605E+07  4.115E-05  7.871E+01
       6      1      7      1      6      1      52     6.8034E+01  8.659E+06  5.737E-06  9.466E+01
       7      1      9      1      8      1      52     3.8672E+01  3.847E+06  1.373E-04  2.871E+01
       9      1     10      1      9      1      52     3.4641E+01  2.478E+06  3.757E-05  3.134E+01
      11      1     11      1     10      1      52     9.4480E+00  8.616E+03  1.420E-05  8.523E+00
      13      1     12      1      9      1      52     8.3242E+02  1.426E+11  1.000E-30  4.469E+01
      14      1     13      1      8      1      52     8.9349E+02  1.134E+11  3.462E-04  2.720E+01
      16      1     13      1     10      1      52     8.2018E+02  3.772E+10  1.000E-30  1.541E+01
      17      1     13      1     12      1      52     2.2396E+01  1.092E+06  3.482E-04  1.654E+01
      19      1     14      1      9      1      52     8.6975E+02  2.420E+11  1.940E-04  3.746E+01
      21      1     14      1     11      1      52     8.2566E+02  8.999E+09  1.000E-30  2.891E+00
      23      1     14      1     13      1      52     1.4925E+01  2.322E+05  6.831E-05  2.020E+01
      25      1     15      1     10      1      52     8.3968E+02  4.091E+11  6.406E-04  1.279E+01
      28      1     15      1     14      1      52     4.5752E+00  1.699E+03  4.810E-05  4.372E+00
      30      1     16      1     11      1      52     8.3260E+02  6.659E+11  1.672E-03  5.852E+00
      32      1     16      1     15      1      52     2.3647E+00  7.081E+01  2.610E-05  1.738E+00
      34      1     17      1      9      1      52     1.3019E+03  1.196E+11  1.000E-30  4.458E+01
      36      1     17      1     13      1      52     4.4709E+02  3.032E+10  1.000E-30  2.758E+01
      38      1     18      1      8      1      52     1.3534E+03  1.072E+11  1.621E-04  1.581E+01
      40      1     18      1     10      1      52     1.2800E+03  2.922E+10  1.000E-30  8.502E+00
      41      1     18      1     12      1      52     4.8226E+02  1.955E+10  6.574E-04  1.572E+01
      43      1     18      1     14      1      52     4.4493E+02  1.012E+10  1.000E-30  9.446E+00
      45      1     18      1     17      1      52     1.2770E+01  2.438E+05  7.412E-04  9.367E+00
      47      1     19      1      9      1      52     1.3234E+03  2.174E+11  4.591E-05  4.035E+01
      49      1     19      1     11      1      52     1.2793E+03  5.948E+09  1.000E-30  3.968E+00
      51      1     19      1     13      1      52     4.6860E+02  3.785E+10  3.112E-04  2.335E+01
      53      1     19      1     15      1      52     4.4910E+02  3.698E+09  1.000E-30  1.739E+00
      56      1     19      1     18      1      52     8.7378E+00  6.036E+04  1.531E-04  1.168E+01
      58      1     20      1     10      1      52     1.2912E+03  3.137E+11  1.199E-04  1.440E+01
      61      1     20      1     14      1      52     4.5609E+02  6.161E+10  1.222E-03  6.306E+00
      63      1     20      1     16      1      52     4.4915E+02  1.041E+09  1.000E-30  6.745E-01
      65      1     20      1     19      1      52     2.4178E+00  3.235E+02  1.080E-04  2.511E+00
      67      1     21      1     11      1      52     1.2829E+03  3.296E+11  1.931E-04  6.844E+00
      69      1     21      1     15      1      52     4.5271E+02  9.414E+10  3.014E-03  2.859E+00
      72      1     21      1     20      1      52     1.2002E+00  1.565E+01  7.641E-05  1.004E+00
      75      1     22      1     16      1      52     4.5135E+02  1.380E+11  6.188E-03  1.613E+00
      77      1     22      1     21      1      52     1.0028E+00  4.117E+00  5.264E-05  5.110E-01
      79      1     23      1     13      1      52     7.2854E+02  2.907E+10  1.000E-30  2.752E+01
      81      1     23      1     18      1      52     2.6868E+02  8.516E+09  1.000E-30  1.591E+01
      83      1     24      1     12      1      52     7.5883E+02  2.099E+10  2.876E-04  9.900E+00
      85      1     24      1     14      1      52     7.2151E+02  9.023E+09  1.000E-30  5.012E+00
      86      1     24      1     17      1      52     2.8935E+02  4.632E+09  1.147E-03  9.886E+00
      88      1     24      1     19      1      52     2.6784E+02  3.185E+09  1.000E-30  6.178E+00
      90      1     24      1     23      1      52     7.9016E+00  6.682E+04  1.390E-03  5.782E+00
      92      1     25      1     13      1      52     7.4204E+02  3.968E+10  7.726E-05  2.483E+01
      94      1     25      1     15      1      52     7.2254E+02  2.916E+09  1.000E-30  1.692E+00
      96      1     25      1     18      1      52     2.8218E+02  8.515E+09  5.639E-04  1.328E+01
      98      1     25      1     20      1      52     2.7102E+02  1.428E+09  1.000E-30  1.170E+00
     101      1     25      1     24      1      52     5.5989E+00  1.938E+04  2.982E-04  7.314E+00
     103      1     26      1     14      1      52     7.2843E+02  5.938E+10  2.547E-04  7.148E+00
     105      1     26      1     16      1      52     7.2149E+02  6.853E+08  1.000E-30  1.137E+00
     107      1     26      1     19      1      52     2.7476E+02  1.318E+10  2.132E-03  3.539E+00
     109      1     26      1     21      1      52     2.7114E+02  6.081E+08  1.000E-30  4.121E-01
     112      1     26      1     25      1      52     1.3194E+00  6.312E+01  2.045E-04  1.593E+00
     114      1     27      1     15      1      52     7.2446E+02  7.443E+10  4.923E-04  3.367E+00
     117      1     27      1     20      1      52     2.7295E+02  1.902E+10  4.991E-03  1.595E+00
     119      1     27      1     22      1      52     2.7075E+02  1.797E+08  1.000E-30  2.209E-01
     121      1     27      1     26      1      52     6.0740E-01  2.744E+00  1.635E-04  6.344E-01
     123      1     28      1     16      1      52     7.2273E+02  6.879E+10  6.113E-04  1.965E+00
     125      1     28      1     21      1      52     2.7238E+02  2.692E+10  9.907E-03  8.990E-01
     128      1     28      1     27      1      52     6.3240E-01  1.932E+00  1.568E-04  3.209E-01
     129      1     29      1     13      1      52     9.1039E+02  2.312E+10  1.000E-30  2.746E+01
     131      1     29      1     18      1      52     4.5053E+02  8.852E+09  1.000E-30  1.585E+01
     134      1     29      1     24      1      52     1.7396E+02  2.819E+09  1.000E-30  1.001E+01
     136      1     30      1     12      1      52     9.3797E+02  1.766E+10  1.910E-04  6.639E+00
     137      1     30      1     14      1      52     9.0065E+02  6.858E+09  1.000E-30  4.378E+00
     138      1     30      1     17      1      52     4.6848E+02  5.396E+09  4.694E-04  6.625E+00
     140      1     30      1     19      1      52     4.4698E+02  3.135E+09  1.000E-30  3.448E+00
     142      1     30      1     23      1      52     1.8704E+02  1.364E+09  1.871E-03  6.615E+00
     144      1     30      1     25      1      52     1.7354E+02  1.140E+09  1.000E-30  4.251E+00
     146      1     30      1     29      1      52     5.1810E+00  2.123E+04  2.408E-03  3.766E+00
     147      1     31      1     13      1      52     9.1941E+02  3.309E+10  3.276E-05  2.567E+01
     148      1     31      1     15      1      52     8.9991E+02  2.070E+09  1.000E-30  2.404E+00
     150      1     31      1     18      1      52     4.5956E+02  9.878E+09  1.424E-04  1.412E+01
     152      1     31      1     20      1      52     4.4840E+02  1.272E+09  1.000E-30  8.758E-01
     155      1     31      1     24      1      52     1.8298E+02  2.415E+09  9.483E-04  8.217E+00
     157      1     31      1     26      1      52     1.7606E+02  5.828E+08  1.000E-30  8.302E-01
     160      1     31      1     30      1      52     3.8407E+00  7.459E+03  5.289E-04  4.920E+00
     161      1     32      1     14      1      52     9.0519E+02  4.699E+10  9.877E-05  7.603E+00
     162      1     32      1     16      1      52     8.9825E+02  4.422E+08  1.000E-30  1.592E+00
     164      1     32      1     19      1      52     4.5152E+02  1.458E+10  4.693E-04  4.000E+00
     166      1     32      1     21      1      52     4.4790E+02  4.739E+08  1.000E-30  5.631E-01
     169      1     32      1     25      1      52     1.7808E+02  3.588E+09  3.474E-03  2.176E+00
     171      1     32      1     27      1      52     1.7615E+02  2.992E+08  1.000E-30  2.869E-01
     174      1     32      1     31      1      52     7.0280E-01  1.105E+01  3.509E-04  1.076E+00
     175      1     33      1     15      1      52     9.0089E+02  5.290E+10  1.671E-04  3.667E+00
     177      1     33      1     20      1      52     4.4938E+02  1.908E+10  9.465E-04  1.883E+00
     179      1     33      1     22      1      52     4.4717E+02  1.162E+08  1.000E-30  4.188E-01
     181      1     33      1     26      1      52     1.7704E+02  5.014E+09  7.964E-03  9.720E-01
     183      1     33      1     28      1      52     1.7580E+02  1.333E+08  1.000E-30  1.420E-01
     185      1     33      1     32      1      52     2.7490E-01  3.243E-01  3.075E-04  4.300E-01
     186      1     34      1     16      1      52     8.9895E+02  3.908E+10  1.639E-04  2.162E+00
     188      1     34      1     21      1      52     4.4860E+02  2.167E+10  1.445E-03  1.096E+00
     191      1     34      1     27      1      52     1.7685E+02  6.774E+09  1.526E-02  5.406E-01
     194      1     34      1     33      1      52     4.2420E-01  8.310E-01  3.279E-04  2.185E-01
     195      1     35      1     13      1      52     1.0346E+03  1.783E+10  1.000E-30  2.747E+01
     196      1     35      1     18      1      52     5.7478E+02  7.516E+09  1.000E-30  1.586E+01
     198      1     35      1     24      1      52     2.9820E+02  3.158E+09  1.000E-30  9.953E+00
     201      1     35      1     30      1      52     1.1906E+02  1.078E+09  1.000E-30  6.681E+00
     203      1     36      1     12      1      52     1.0606E+03  1.411E+10  1.494E-04  4.690E+00
     204      1     36      1     14      1      52     1.0233E+03  5.148E+09  1.000E-30  5.108E+00
     205      1     36      1     17      1      52     5.9109E+02  4.862E+09  2.984E-04  4.676E+00
     206      1     36      1     19      1      52     5.6958E+02  2.561E+09  1.000E-30  2.531E+00
     207      1     36      1     23      1      52     3.0964E+02  1.700E+09  7.285E-04  4.660E+00
     209      1     36      1     25      1      52     2.9614E+02  1.219E+09  1.000E-30  2.526E+00
     211      1     36      1     29      1      52     1.2779E+02  4.706E+08  2.891E-03  4.637E+00
     213      1     36      1     31      1      52     1.1877E+02  4.582E+08  1.000E-30  3.048E+00
     215      1     36      1     35      1      52     3.5433E+00  7.485E+03  3.873E-03  2.584E+00
     216      1     37      1     13      1      52     1.0410E+03  2.626E+10  1.756E-05  2.619E+01
     217      1     37      1     15      1      52     1.0215E+03  1.487E+09  1.000E-30  2.928E+00
     218      1     37      1     18      1      52     5.8110E+02  8.837E+09  6.076E-05  1.464E+01
     219      1     37      1     20      1      52     5.6995E+02  9.800E+08  1.000E-30  1.208E+00
     221      1     37      1     24      1      52     3.0452E+02  3.006E+09  2.407E-04  8.735E+00
     223      1     37      1     26      1      52     2.9760E+02  5.687E+08  1.000E-30  5.352E-01
     226      1     37      1     30      1      52     1.2539E+02  8.132E+08  1.494E-03  5.463E+00
     228      1     37      1     32      1      52     1.2084E+02  2.556E+08  1.000E-30  6.148E-01
     231      1     37      1     36      1      52     2.7803E+00  3.328E+03  8.843E-04  3.463E+00
     232      1     38      1     14      1      52     1.0264E+03  3.596E+10  5.013E-05  7.864E+00
     233      1     38      1     16      1      52     1.0194E+03  2.975E+08  1.000E-30  1.879E+00
     234      1     38      1     19      1      52     5.7269E+02  1.266E+10  1.863E-04  4.288E+00
     235      1     38      1     21      1      52     5.6908E+02  3.363E+08  1.000E-30  8.196E-01
     237      1     38      1     25      1      52     2.9925E+02  4.369E+09  7.872E-04  2.456E+00
     239      1     38      1     27      1      52     2.9733E+02  2.630E+08  1.000E-30  3.075E-01
     242      1     38      1     31      1      52     1.2188E+02  1.162E+09  5.351E-03  1.433E+00
     244      1     38      1     33      1      52     1.2090E+02  1.466E+08  1.000E-30  2.180E-01
     247      1     38      1     37      1      52     3.3030E-01  1.335E+00  5.743E-04  7.653E-01
     248      1     39      1     15      1      52     1.0219E+03  3.782E+10  7.805E-05  3.845E+00
     249      1     39      1     20      1      52     5.7035E+02  1.549E+10  3.430E-04  2.061E+00
     250      1     39      1     22      1      52     5.6815E+02  7.381E+07  1.000E-30  5.904E-01
     252      1     39      1     26      1      52     2.9801E+02  5.742E+09  1.609E-03  1.144E+00
     254      1     39      1     28      1      52     2.9677E+02  1.017E+08  1.000E-30  2.316E-01
     256      1     39      1     32      1      52     1.2125E+02  1.571E+09  1.191E-02  6.381E-01
     258      1     39      1     34      1      52     1.2055E+02  7.834E+07  1.000E-30  1.048E-01
     260      1     39      1     38      1      52     7.3900E-02  7.548E-03  6.487E-04  2.439E-01
     261      1     40      1     16      1      52     1.0198E+03  2.463E+10  6.684E-05  2.289E+00
     262      1     40      1     21      1      52     5.6945E+02  1.551E+10  4.550E-04  1.216E+00
     264      1     40      1     27      1      52     2.9770E+02  6.923E+09  2.621E-03  6.613E-01
     267      1     40      1     33      1      52     1.2127E+02  2.084E+09  2.238E-02  3.552E-01
     270      1     40      1     39      1      52     2.9800E-01  3.671E-01  5.705E-04  1.593E-01
     271      1     41      1     13      1      52     1.1233E+03  1.376E+10  1.000E-30  2.747E+01
     272      1     41      1     18      1      52     6.6340E+02  6.099E+09  1.000E-30  1.586E+01
     273      1     41      1     24      1      52     3.8682E+02  2.811E+09  1.000E-30  9.958E+00
     275      1     41      1     30      1      52     2.0768E+02  1.263E+09  1.000E-30  6.686E+00
     278      1     41      1     36      1      52     8.5076E+01  4.547E+08  1.000E-30  4.705E+00
     280      1     42      1     12      1      52     1.1482E+03  1.113E+10  1.270E-04  3.433E+00
     281      1     42      1     14      1      52     1.1108E+03  3.901E+09  1.000E-30  5.889E+00
     282      1     42      1     17      1      52     6.7867E+02  4.090E+09  2.268E-04  3.419E+00
     283      1     42      1     19      1      52     6.5716E+02  2.024E+09  1.000E-30  2.659E+00
     284      1     42      1     23      1      52     3.9722E+02  1.610E+09  4.464E-04  3.410E+00
     285      1     42      1     25      1      52     3.8372E+02  1.054E+09  1.000E-30  1.731E+00
     286      1     42      1     29      1      52     2.1536E+02  6.195E+08  1.083E-03  3.399E+00
     288      1     42      1     31      1      52     2.0634E+02  5.195E+08  1.000E-30  1.919E+00
     290      1     42      1     35      1      52     9.1119E+01  1.840E+08  4.278E-03  3.385E+00
     292      1     42      1     37      1      52     8.4795E+01  2.017E+08  1.000E-30  2.263E+00
     294      1     42      1     41      1      52     2.4992E+00  2.855E+03  5.739E-03  1.905E+00
     295      1     43      1     13      1      52     1.1279E+03  2.062E+10  1.068E-05  2.658E+01
     296      1     43      1     15      1      52     1.1084E+03  1.093E+09  1.000E-30  3.286E+00
     297      1     43      1     18      1      52     6.6800E+02  7.396E+09  3.275E-05  1.497E+01
     298      1     43      1     20      1      52     6.5684E+02  7.434E+08  1.000E-30  1.521E+00
     299      1     43      1     24      1      52     3.9142E+02  2.841E+09  1.032E-04  9.061E+00
     300      1     43      1     26      1      52     3.8450E+02  4.668E+08  1.000E-30  6.683E-01
     302      1     43      1     30      1      52     2.1228E+02  1.063E+09  3.799E-04  5.777E+00
     304      1     43      1     32      1      52     2.0774E+02  2.672E+08  1.000E-30  3.787E-01
     307      1     43      1     36      1      52     8.9678E+01  3.117E+08  2.247E-03  3.808E+00
     309      1     43      1     38      1      52     8.6568E+01  1.198E+08  1.000E-30  4.722E-01
     312      1     43      1     42      1      52     2.1031E+00  1.669E+03  1.401E-03  2.533E+00
     313      1     44      1     15      1      52     1.1084E+03  2.783E+10  4.364E-05  3.965E+00
     314      1     44      1     20      1      52     6.5688E+02  1.212E+10  1.666E-04  2.175E+00
     315      1     44      1     22      1      52     6.5468E+02  4.943E+07  1.000E-30  7.050E-01
     316      1     44      1     26      1      52     3.8454E+02  5.097E+09  6.009E-04  1.264E+00
     317      1     44      1     28      1      52     3.8330E+02  7.166E+07  1.000E-30  3.392E-01
     319      1     44      1     32      1      52     2.0778E+02  1.983E+09  2.492E-03  7.534E-01
     321      1     44      1     34      1      52     2.0708E+02  6.751E+07  1.000E-30  1.426E-01
     323      1     44      1     38      1      52     8.6605E+01  5.685E+08  1.704E-02  4.457E-01
     325      1     44      1     40      1      52     8.6233E+01  4.397E+07  1.000E-30  8.624E-02
     327      1     45      1     14      1      52     1.1130E+03  2.763E+10  2.946E-05  8.062E+00
     328      1     45      1     16      1      52     1.1061E+03  2.083E+08  1.000E-30  2.070E+00
     329      1     45      1     19      1      52     6.5935E+02  1.037E+10  9.592E-05  4.472E+00
     330      1     45      1     21      1      52     6.5574E+02  2.432E+08  1.000E-30  1.004E+00
     331      1     45      1     25      1      52     3.8591E+02  4.051E+09  3.163E-04  2.641E+00
     332      1     45      1     27      1      52     3.8399E+02  2.018E+08  1.000E-30  4.583E-01
     334      1     45      1     31      1      52     2.0854E+02  1.514E+09  1.229E-03  1.612E+00
     336      1     45      1     33      1      52     2.0756E+02  1.415E+08  1.000E-30  1.926E-01
     339      1     45      1     37      1      52     8.6990E+01  4.304E+08  7.831E-03  1.001E+00
     341      1     45      1     39      1      52     8.6586E+01  7.422E+07  1.000E-30  1.743E-01
     344      1     45      1     43      1      52     9.2200E-02  3.298E-02  1.333E-03  3.743E-01
     345      1     45      1     44      1      52     5.4600E-02  4.571E-03  1.000E-30  1.088E-01
     346      1     46      1     16      1      52     1.1062E+03  1.658E+10  3.403E-05  2.371E+00
     347      1     46      1     21      1      52     6.5590E+02  1.119E+10  2.012E-04  1.298E+00
     348      1     46      1     27      1      52     3.8415E+02  5.703E+09  8.904E-04  7.450E-01
     350      1     46      1     33      1      52     2.0772E+02  2.445E+09  4.160E-03  4.338E-01
     353      1     46      1     39      1      52     8.6749E+01  7.368E+08  3.099E-02  2.501E-01
     355      1     46      1     44      1      52     2.1720E-01  1.709E-01  8.806E-04  1.251E-01
     357      1     48      1     47      1      52     3.1750E+02  5.086E+08  2.816E-05  1.839E+02
     358      1     49      1     48      1      52     3.6284E+02  2.758E+09  1.548E-06  2.762E+02
     359      1     51      1     50      1      52     7.7750E-01  7.233E+00  1.318E-05  1.384E+02
     360      1     52      1     51      1      52     6.6689E+02  4.282E+10  1.000E-30  4.204E+02
     361      1     54      1     53      1      52     3.0082E+01  2.564E+06  1.000E-30  1.845E+02
     362      1     55      1     53      1      52     1.0120E+02  5.287E+07  3.743E-05  8.074E+01
     363      1     56      1     54      1      52     1.0442E+02  5.933E+07  4.154E-05  7.433E+01
     364      1     56      1     55      1      52     3.3297E+01  3.453E+06  1.000E-30  1.922E+02
     365      1     57      1     55      1      52     9.2670E+01  2.954E+07  6.614E-06  1.109E+02
     367      1     58      1     56      1      52     9.3608E+01  3.061E+07  6.929E-06  1.064E+02
     368      1     58      1     57      1      52     3.4235E+01  3.748E+06  1.000E-30  1.948E+02
     369      1     61      1     60      1      53     7.7081E+01  2.051E+06  3.278E-12  2.337E-03
     370      1     62      1     60      1      53     8.3045E+01  3.086E+06  1.000E-30  2.516E-03
     373      1     63      1     61      1      53     8.0094E+00  5.349E+00  1.000E-30  2.642E-04
     375      1     64      1     60      1      53     4.6515E+02  3.536E+09  5.262E-02  1.419E-02
     378      1     65      1     60      1      53     5.0090E+02  1.449E+09  1.294E-12  1.524E-02
     380      1     65      1     63      1      53     4.1581E+02  1.514E+09  1.141E-01  1.270E-02
     381      1     67      1     66      1      53     9.2071E+01  3.548E+07  4.702E-05  5.729E+01
     383      1     68      1     67      1      53     2.1266E+02  4.649E+08  8.964E-06  3.994E+01
     385      1     69      1     67      1      53     2.3259E+02  3.583E+08  1.000E-30  2.160E+01
     386      1     71      1     70      1      53     1.8245E+01  2.357E+05  1.794E-04  1.282E+01
     388      1     72      1     71      1      53     7.1086E+01  4.206E+07  6.770E-05  3.416E+01
     390      1     73      1     72      1      53     1.1156E+02  1.616E+08  1.371E-04  1.006E+01
     392      1     74      1     71      1      53     8.8734E+02  1.696E+11  1.000E-30  4.803E+01
     393      1     75      1     70      1      53     9.0769E+02  1.213E+11  3.251E-04  2.957E+01
     395      1     75      1     72      1      53     8.1835E+02  3.545E+10  1.000E-30  1.669E+01
     396      1     75      1     74      1      53     2.1014E+00  4.970E+02  6.700E-04  4.740E+00
     398      1     76      1     71      1      53     9.4411E+02  3.269E+11  1.896E-04  4.047E+01
     400      1     76      1     73      1      53     7.6146E+02  6.264E+09  1.000E-30  3.128E+00
     402      1     76      1     75      1      53     5.4666E+01  3.912E+07  2.084E-04  2.270E+01
     404      1     77      1     72      1      53     9.7713E+02  7.214E+11  6.633E-04  1.383E+01
     407      1     77      1     76      1      53     1.0411E+02  4.357E+08  8.826E-04  5.191E+00
     409      1     78      1     73      1      53     1.0763E+03  1.792E+12  1.921E-03  6.349E+00
     411      1     78      1     77      1      53     2.1071E+02  3.174E+09  1.366E-03  2.107E+00
     412      1     79      1     70      1      53     1.3871E+03  1.174E+11  1.459E-04  1.786E+01
     414      1     79      1     72      1      53     1.2978E+03  2.933E+10  1.000E-30  9.272E+00
     415      1     79      1     74      1      53     4.8154E+02  1.959E+10  6.117E-04  1.701E+01
     417      1     79      1     76      1      53     4.2478E+02  7.974E+09  1.000E-30  1.022E+01
     420      1     80      1     71      1      53     1.3753E+03  1.384E+11  1.000E-30  4.798E+01
     422      1     80      1     75      1      53     4.8588E+02  3.930E+10  1.000E-30  2.963E+01
     424      1     80      1     79      1      53     6.4349E+00  5.070E+04  1.000E-30  1.648E+01
     426      1     81      1     71      1      53     1.4208E+03  2.786E+11  4.397E-05  4.363E+01
     428      1     81      1     73      1      53     1.2382E+03  5.038E+09  1.000E-30  4.276E+00
     430      1     81      1     75      1      53     5.3137E+02  6.088E+10  3.179E-04  2.521E+01
     432      1     81      1     77      1      53     3.7259E+02  1.694E+09  1.000E-30  1.892E+00
     434      1     81      1     79      1      53     5.1923E+01  6.979E+07  7.567E-04  1.302E+01
     438      1     82      1     76      1      53     5.7966E+02  1.540E+11  1.375E-03  6.827E+00
     440      1     82      1     78      1      53     2.6484E+02  1.215E+08  1.000E-30  7.389E-01
     442      1     82      1     81      1      53     1.0296E+02  1.008E+09  3.661E-03  3.000E+00
     443      1     83      1     74      1      53     7.7070E+02  2.216E+10  2.610E-04  1.099E+01
     445      1     83      1     76      1      53     7.1393E+02  8.204E+09  1.000E-30  5.437E+00
     447      1     83      1     80      1      53     2.8272E+02  4.247E+09  1.046E-03  1.066E+01
     448      1     83      1     81      1      53     2.3723E+02  1.858E+09  1.000E-30  6.684E+00
     451      1     84      1     75      1      53     7.7945E+02  3.560E+10  1.000E-30  2.957E+01
     452      1     84      1     79      1      53     3.0001E+02  1.221E+10  1.000E-30  1.706E+01
     455      1     84      1     83      1      53     1.0851E+01  3.561E+05  1.000E-30  1.122E+01
     457      1     85      1     75      1      53     8.2063E+02  5.772E+10  7.710E-05  2.676E+01
     459      1     85      1     77      1      53     6.6185E+02  1.985E+09  1.000E-30  1.826E+00
     460      1     85      1     79      1      53     3.4119E+02  1.769E+10  6.152E-04  1.431E+01
     463      1     85      1     82      1      53     1.8630E+02  3.082E+08  1.000E-30  1.262E+00
     464      1     85      1     83      1      53     5.2031E+01  1.346E+08  2.322E-03  8.149E+00
     467      1     86      1     77      1      53     6.7729E+02  4.510E+11  3.970E-03  3.109E+00
     470      1     86      1     82      1      53     2.0174E+02  8.200E+09  7.051E-03  1.212E+00
     473      1     87      1     78      1      53     5.1236E+02  2.213E+11  6.184E-03  1.769E+00
     475      1     87      1     86      1      53     4.5782E+01  1.720E+07  1.915E-03  6.180E-01
     477      1     88      1     76      1      53     8.6948E+02  1.161E+11  2.706E-04  7.734E+00
     479      1     88      1     78      1      53     5.5466E+02  2.321E+08  1.000E-30  1.249E+00
     481      1     88      1     81      1      53     3.9278E+02  5.265E+10  2.687E-03  3.843E+00
     484      1     88      1     85      1      53     1.0351E+02  2.055E+09  1.179E-02  1.895E+00
     485      1     88      1     86      1      53     8.8076E+01  9.652E+06  1.000E-30  4.482E-01
     487      1     89      1     74      1      53     9.5869E+02  1.905E+10  1.658E-04  7.729E+00
     488      1     89      1     76      1      53     9.0192E+02  6.562E+09  1.000E-30  4.764E+00
     490      1     89      1     80      1      53     4.7071E+02  5.473E+09  4.280E-04  7.266E+00
     491      1     89      1     81      1      53     4.2522E+02  2.444E+09  1.000E-30  3.731E+00
     494      1     89      1     84      1      53     1.7714E+02  1.105E+09  1.656E-03  7.127E+00
     495      1     89      1     85      1      53     1.3596E+02  4.087E+08  1.000E-30  4.577E+00
     497      1     90      1     75      1      53     9.7022E+02  2.792E+10  1.000E-30  2.958E+01
     498      1     90      1     79      1      53     4.9078E+02  1.164E+10  1.000E-30  1.707E+01
     501      1     90      1     83      1      53     2.0163E+02  4.717E+09  1.000E-30  1.072E+01
     504      1     90      1     89      1      53     1.3639E+01  6.084E+05  1.000E-30  3.856E+00
     505      1     91      1     75      1      53     1.0099E+03  4.659E+10  3.230E-05  2.766E+01
     506      1     91      1     77      1      53     8.5110E+02  1.598E+09  1.000E-30  2.596E+00
     507      1     91      1     79      1      53     5.3043E+02  1.698E+10  1.477E-04  1.521E+01
     510      1     91      1     82      1      53     3.7555E+02  6.035E+08  1.000E-30  9.358E-01
     511      1     91      1     83      1      53     2.4127E+02  7.103E+09  1.129E-03  8.860E+00
     515      1     91      1     88      1      53     8.5729E+01  3.159E+07  1.000E-30  9.027E-01
     516      1     91      1     89      1      53     5.3287E+01  2.583E+08  6.293E-03  5.409E+00
     518      1     92      1     74      1      53     1.0879E+03  1.542E+10  1.189E-04  5.966E+00
     519      1     92      1     76      1      53     1.0312E+03  5.045E+09  1.000E-30  5.546E+00
     520      1     92      1     80      1      53     5.9995E+02  5.108E+09  2.658E-04  5.272E+00
     521      1     92      1     81      1      53     5.5446E+02  2.189E+09  1.000E-30  2.756E+00
     523      1     92      1     84      1      53     3.0638E+02  1.615E+09  6.566E-04  5.070E+00
     524      1     92      1     85      1      53     2.6520E+02  7.444E+08  1.000E-30  2.731E+00
     527      1     92      1     90      1      53     1.1560E+02  3.178E+08  2.450E-03  4.989E+00
     528      1     92      1     91      1      53     7.5952E+01  7.287E+07  1.000E-30  3.277E+00
     529      1     93      1     75      1      53     1.1014E+03  2.146E+10  1.000E-30  2.959E+01
     530      1     93      1     79      1      53     6.2192E+02  9.681E+09  1.000E-30  1.708E+01
     531      1     93      1     83      1      53     3.3276E+02  4.572E+09  1.000E-30  1.072E+01
     534      1     93      1     89      1      53     1.4478E+02  2.170E+09  1.000E-30  7.194E+00
     537      1     93      1     92      1      53     1.5538E+01  2.546E+06  1.000E-30  5.231E+00
     538      1     94      1     76      1      53     1.0597E+03  8.492E+10  1.025E-04  8.254E+00
     539      1     94      1     78      1      53     7.4491E+02  2.021E+08  1.000E-30  1.736E+00
     541      1     94      1     81      1      53     5.8303E+02  3.891E+10  5.368E-04  4.337E+00
     544      1     94      1     85      1      53     2.9377E+02  2.557E+10  5.085E-03  2.363E+00
     545      1     94      1     86      1      53     2.7833E+02  6.824E+07  1.000E-30  6.081E-01
     549      1     94      1     91      1      53     1.0453E+02  3.727E+09  3.172E-02  1.276E+00
     552      1     95      1     77      1      53     9.6122E+02  2.220E+11  5.783E-04  3.663E+00
     555      1     95      1     82      1      53     4.8567E+02  1.826E+11  7.878E-03  1.734E+00
     558      1     95      1     87      1      53     2.3815E+02  1.038E+08  1.000E-30  2.513E-01
     559      1     95      1     88      1      53     1.9586E+02  1.566E+10  2.348E-02  7.781E-01
     561      1     95      1     94      1      53     5.5996E+00  2.453E+03  3.662E-04  3.216E-01
     562      1     96      1     75      1      53     1.1409E+03  3.655E+10  1.721E-05  2.824E+01
     563      1     96      1     77      1      53     9.8211E+02  1.226E+09  1.000E-30  3.165E+00
     564      1     96      1     79      1      53     6.6145E+02  1.434E+10  6.222E-05  1.573E+01
     565      1     96      1     82      1      53     5.0657E+02  5.912E+08  1.000E-30  1.294E+00
     566      1     96      1     83      1      53     3.7229E+02  6.488E+09  2.648E-04  9.379E+00
     569      1     96      1     88      1      53     2.1675E+02  1.543E+08  1.000E-30  5.798E-01
     570      1     96      1     89      1      53     1.8430E+02  3.695E+09  1.986E-03  5.882E+00
     573      1     96      1     92      1      53     5.5065E+01  4.781E+08  1.528E-02  3.785E+00
     575      1     96      1     94      1      53     2.6491E+01  5.541E+05  1.000E-30  6.732E-01
     578      1     97      1     78      1      53     7.9354E+02  9.605E+10  5.905E-04  2.146E+00
     580      1     97      1     86      1      53     3.2696E+02  5.371E+10  1.056E-02  9.733E-01
     584      1     97      1     95      1      53     4.3029E+01  3.935E+07  8.257E-03  3.981E-01
     585      1     98      1     74      1      53     1.1808E+03  1.229E+10  8.841E-05  5.004E+00
     586      1     98      1     76      1      53     1.1240E+03  3.884E+09  1.000E-30  6.391E+00
     587      1     98      1     80      1      53     6.9278E+02  4.387E+09  1.920E-04  4.074E+00
     588      1     98      1     81      1      53     6.4729E+02  1.814E+09  1.000E-30  2.890E+00
     589      1     98      1     84      1      53     3.9921E+02  1.625E+09  4.002E-04  3.781E+00
     590      1     98      1     85      1      53     3.5803E+02  7.599E+08  1.000E-30  1.878E+00
     592      1     98      1     90      1      53     2.0843E+02  5.383E+08  9.564E-04  3.687E+00
     593      1     98      1     91      1      53     1.6878E+02  2.212E+08  1.000E-30  2.072E+00
     595      1     98      1     93      1      53     7.7294E+01  9.610E+07  3.406E-03  3.634E+00
     597      1     98      1     96      1      53     3.7767E+01  7.516E+06  1.000E-30  2.429E+00
     598      1     99      1     75      1      53     1.1956E+03  1.660E+10  1.000E-30  2.959E+01
     599      1     99      1     79      1      53     7.1611E+02  7.769E+09  1.000E-30  1.708E+01
     600      1     99      1     83      1      53     4.2696E+02  3.909E+09  1.000E-30  1.073E+01
     601      1     99      1     89      1      53     2.3897E+02  2.070E+09  1.000E-30  7.199E+00
     604      1     99      1     92      1      53     1.0973E+02  1.160E+09  1.000E-30  5.045E+00
     607      1     99      1     98      1      53     1.6897E+01  6.740E+06  1.000E-30  3.872E+00
     608      1    100      1     75      1      53     1.2357E+03  2.862E+10  1.046E-05  2.863E+01
     609      1    100      1     77      1      53     1.0769E+03  9.403E+08  1.000E-30  3.549E+00
     610      1    100      1     79      1      53     7.5626E+02  1.174E+10  3.325E-05  1.612E+01
     611      1    100      1     82      1      53     6.0138E+02  5.064E+08  1.000E-30  1.633E+00
     612      1    100      1     83      1      53     4.6710E+02  5.580E+09  1.107E-04  9.769E+00
     613      1    100      1     88      1      53     3.1156E+02  1.939E+08  1.000E-30  7.221E-01
     614      1    100      1     89      1      53     2.7912E+02  3.081E+09  4.499E-04  6.221E+00
     617      1    100      1     92      1      53     1.4988E+02  2.366E+09  3.399E-03  4.098E+00
     619      1    100      1     94      1      53     1.2130E+02  2.992E+07  1.000E-30  4.111E-01
     621      1    100      1     98      1      53     5.7044E+01  8.325E+08  3.368E-02  2.759E+00
     623      1    101      1     76      1      53     1.1918E+03  6.288E+10  5.169E-05  8.516E+00
     624      1    101      1     78      1      53     8.7698E+02  1.577E+08  1.000E-30  2.050E+00
     625      1    101      1     81      1      53     7.1510E+02  2.954E+10  2.062E-04  4.644E+00
     627      1    101      1     85      1      53     4.2583E+02  1.717E+10  9.902E-04  2.664E+00
     628      1    101      1     86      1      53     4.1039E+02  8.799E+07  1.000E-30  8.832E-01
     631      1    101      1     91      1      53     2.3659E+02  1.573E+10  9.164E-03  1.558E+00
     634      1    101      1     95      1      53     1.2646E+02  1.044E+07  1.000E-30  3.414E-01
     635      1    101      1     96      1      53     1.0557E+02  6.082E+09  7.466E-02  9.083E-01
     638      1    101      1    100      1      53     1.0760E+01  2.289E+04  4.278E-04  5.092E-01
     639      1    102      1     77      1      53     1.1469E+03  1.340E+11  1.889E-04  3.983E+00
     641      1    102      1     82      1      53     6.7131E+02  9.120E+10  1.249E-03  2.048E+00
     644      1    102      1     87      1      53     4.2378E+02  9.045E+07  1.000E-30  4.625E-01
     645      1    102      1     88      1      53     3.8149E+02  9.940E+10  1.444E-02  1.073E+00
     647      1    102      1     94      1      53     1.9123E+02  2.514E+10  6.220E-02  5.328E-01
     650      1    102      1     97      1      53     1.4260E+02  5.541E+07  1.000E-30  1.665E-01
     652      1    102      1    101      1      53     5.9168E+01  3.517E+06  5.723E-04  2.515E-01
     653      1    103      1     76      1      53     1.2875E+03  4.767E+10  3.015E-05  8.779E+00
     654      1    103      1     78      1      53     9.7272E+02  1.210E+08  1.000E-30  2.255E+00
     655      1    103      1     81      1      53     8.1083E+02  2.284E+10  1.047E-04  4.849E+00
     656      1    103      1     85      1      53     5.2157E+02  1.303E+10  3.804E-04  2.863E+00
     657      1    103      1     86      1      53     5.0613E+02  8.317E+07  1.000E-30  1.082E+00
     659      1    103      1     91      1      53     3.3233E+02  9.402E+09  1.732E-03  1.756E+00
     662      1    103      1     95      1      53     2.2220E+02  2.268E+07  1.000E-30  5.047E-01
     663      1    103      1     96      1      53     2.0131E+02  1.174E+10  1.606E-02  1.088E+00
     665      1    103      1    100      1      53     1.0650E+02  8.943E+09  1.595E-01  6.712E-01
     667      1    103      1    102      1      53     3.6571E+01  3.277E+05  1.000E-30  2.190E-01
     668      1    104      1     78      1      53     9.7661E+02  5.239E+10  1.569E-04  2.362E+00
     670      1    104      1     86      1      53     5.1003E+02  3.485E+10  1.465E-03  1.183E+00
     674      1    104      1     95      1      53     2.2610E+02  1.739E+10  1.697E-02  5.988E-01
     677      1    104      1    102      1      53     4.0464E+01  6.391E+07  2.367E-02  2.760E-01
     679      1    105      1     77      1      53     1.2750E+03  8.829E+10  8.642E-05  4.175E+00
     680      1    105      1     82      1      53     7.9944E+02  5.772E+10  4.272E-04  2.240E+00
     682      1    105      1     87      1      53     5.5191E+02  6.356E+07  1.000E-30  6.481E-01
     683      1    105      1     88      1      53     5.0962E+02  4.714E+10  2.404E-03  1.258E+00
     685      1    105      1     94      1      53     3.1936E+02  6.534E+10  2.483E-02  7.089E-01
     688      1    105      1     97      1      53     2.7073E+02  6.803E+07  1.000E-30  2.625E-01
     690      1    105      1    101      1      53     1.8730E+02  3.554E+10  1.400E-01  3.891E-01
     692      1    105      1    103      1      53     9.1560E+01  5.673E+06  3.076E-04  2.032E-01
     693      1    105      1    104      1      53     8.7667E+01  2.109E+07  1.000E-30  1.273E-01
     694      1    106      1     78      1      53     1.1024E+03  3.233E+10  6.374E-05  2.495E+00
     695      1    106      1     86      1      53     6.3583E+02  2.320E+10  4.521E-04  1.315E+00
     698      1    106      1     95      1      53     3.5190E+02  1.301E+10  2.699E-03  7.307E-01
     701      1    106      1    102      1      53     1.6626E+02  7.029E+09  2.621E-02  3.983E-01
     704      1    106      1    105      1      53     3.8133E+01  8.767E+07  5.485E-02  2.052E-01
     705      1    107      1     77      1      53     1.3672E+03  6.171E+10  4.751E-05  4.304E+00
     706      1    107      1     82      1      53     8.9170E+02  3.962E+10  1.998E-04  2.369E+00
     707      1    107      1     87      1      53     6.4417E+02  4.492E+07  1.000E-30  7.759E-01
     708      1    107      1     88      1      53     6.0188E+02  2.950E+10  8.268E-04  1.387E+00
     710      1    107      1     94      1      53     4.1162E+02  2.911E+10  4.236E-03  8.379E-01
     712      1    107      1     97      1      53     3.6299E+02  5.555E+07  1.000E-30  3.806E-01
     714      1    107      1    101      1      53     2.7956E+02  4.986E+10  4.026E-02  5.066E-01
     716      1    107      1    103      1      53     1.8382E+02  4.503E+10  2.776E-01  3.028E-01
     717      1    107      1    104      1      53     1.7993E+02  3.710E+07  1.000E-30  1.692E-01
     719      1    107      1    106      1      53     5.4126E+01  6.597E+06  1.000E-30  1.090E-01
     720      1    108      1     78      1      53     1.1926E+03  2.154E+10  3.248E-05  2.576E+00
     721      1    108      1     86      1      53     7.2599E+02  1.618E+10  1.985E-04  1.403E+00
     723      1    108      1     95      1      53     4.4206E+02  9.552E+09  8.977E-04  8.123E-01
     725      1    108      1    102      1      53     2.5642E+02  5.467E+09  4.442E-03  4.824E-01
     728      1    108      1    105      1      53     1.2829E+02  3.339E+09  3.855E-02  2.855E-01
     730      1    108      1    107      1      53     3.6034E+01  1.086E+08  1.064E-01  1.649E-01
     731      1    110      1    109      1      53     1.0325E+02  9.636E+07  1.000E-30  3.596E+02
     732      1    111      1    109      1      53     6.2828E+02  2.442E+10  1.812E-06  4.025E+02
     733      1    114      1    113      1      54     7.1415E+00  2.940E+02  1.000E-30  2.368E-04
     735      1    115      1    114      1      54     4.2027E+02  2.215E+09  7.674E-02  1.278E-02
     736      1    117      1    116      1      54     8.2284E+01  1.039E+07  8.871E-01  2.603E-03
     737      1    118      1    117      1      54     6.5579E+01  6.897E+06  4.879E-06  9.899E+01
     739      1    120      1    119      1      54     2.7707E+01  3.178E+05  2.067E+00  1.253E-03
     740      1    121      1    120      1      54     3.4184E+01  2.174E+06  3.047E-05  3.527E+01
     743      1    122      1    121      1      54     1.1729E+01  1.900E+04  1.390E-05  1.004E+01
     745      1    124      1    119      1      54     9.4819E+02  1.449E+11  3.219E-04  3.129E+01
     746      1    124      1    121      1      54     8.8629E+02  4.617E+10  1.000E-30  1.763E+01
     747      1    123      1    120      1      54     9.0352E+02  1.685E+11  1.000E-30  5.144E+01
     749      1    124      1    123      1      54     1.6956E+01  2.743E+05  2.489E-01  1.164E-02
     750      1    125      1    120      1      54     9.3511E+02  3.061E+11  1.721E-04  4.295E+01
     753      1    125      1    122      1      54     8.8920E+02  1.125E+10  1.000E-30  3.371E+00
     754      1    125      1    124      1      54     1.4632E+01  1.998E+05  5.641E-05  2.233E+01
     757      1    126      1    121      1      54     9.0719E+02  5.165E+11  5.490E-04  1.494E+01
     759      1    126      1    125      1      54     6.2624E+00  5.500E+03  5.131E-05  5.173E+00
     761      1    127      1    122      1      54     9.0472E+02  8.599E+11  1.444E-03  6.815E+00
     763      1    127      1    126      1      54     9.2648E+00  6.590E+03  3.448E-05  2.036E+00
     765      1    129      1    121      1      54     1.3816E+03  3.581E+10  1.000E-30  9.899E+00
     767      1    129      1    123      1      54     5.1224E+02  2.522E+10  6.154E-04  1.808E+01
     768      1    129      1    125      1      54     4.8065E+02  1.241E+10  1.000E-30  1.079E+01
     770      1    128      1    120      1      54     1.4063E+03  1.412E+11  1.000E-30  5.129E+01
     772      1    128      1    124      1      54     4.8585E+02  3.622E+10  1.000E-30  3.175E+01
     775      1    129      1    128      1      54     9.4325E+00  5.248E+04  3.534E-01  9.601E-03
     777      1    130      1    120      1      54     1.4246E+03  1.808E+11  3.468E-04  3.562E+00
     779      1    130      1    122      1      54     1.3787E+03  7.489E+09  1.000E-30  4.601E+00
     780      1    130      1    124      1      54     5.0408E+02  4.800E+10  2.758E-04  2.683E+01
     783      1    130      1    126      1      54     4.8319E+02  4.621E+09  1.000E-30  2.034E+00
     785      1    130      1    129      1      54     8.7978E+00  5.727E+04  1.282E-04  1.296E+01
     788      1    131      1    121      1      54     1.3942E+03  3.954E+11  1.028E-04  1.683E+01
     790      1    131      1    125      1      54     4.9329E+02  7.805E+10  1.046E-03  7.374E+00
     791      1    131      1    127      1      54     4.7777E+02  1.243E+09  1.000E-30  7.835E-01
     793      1    131      1    130      1      54     3.8408E+00  1.886E+03  1.314E-04  3.003E+00
     795      1    132      1    122      1      54     1.3904E+03  4.206E+11  1.659E-04  7.984E+00
     797      1    132      1    126      1      54     4.9497E+02  1.237E+11  2.597E-03  3.335E+00
     799      1    132      1    131      1      54     7.9348E+00  7.664E+03  1.099E-04  1.183E+00
     800      1    133      1    127      1      54     4.8686E+02  1.735E+11  5.305E-03  1.882E+00
     801      1    133      1    132      1      54     1.1594E+00  6.813E+00  4.836E-05  5.955E-01
     802      1    134      1    124      1      54     7.8763E+02  3.456E+10  1.000E-30  3.166E+01
     804      1    134      1    129      1      54     2.9235E+02  1.017E+10  1.000E-30  1.833E+01
     808      1    135      1    123      1      54     8.1021E+02  2.693E+10  2.623E-04  1.144E+01
     809      1    135      1    125      1      54     7.7862E+02  1.108E+10  1.000E-30  9.981E+00
     811      1    135      1    128      1      54     3.0740E+02  5.974E+09  1.074E-03  1.136E+01
     812      1    135      1    130      1      54     2.8917E+02  3.892E+09  1.000E-30  5.766E+00
     814      1    135      1    134      1      54     5.6221E+00  1.757E+04  1.931E-03  3.039E+00
     815      1    136      1    124      1      54     7.9909E+02  5.013E+10  6.133E-05  3.164E+01
     818      1    136      1    126      1      54     7.7820E+02  3.661E+09  1.000E-30  4.943E+00
     819      1    136      1    129      1      54     3.0380E+02  1.085E+10  4.178E-04  1.829E+01
     822      1    136      1    131      1      54     2.9116E+02  1.772E+09  1.000E-30  2.863E+00
     825      1    136      1    135      1      54     5.8334E+00  2.100E+04  2.544E-04  8.211E+00
     827      1    137      1    125      1      54     7.8707E+02  7.506E+10  1.827E-04  9.988E+00
     828      1    137      1    127      1      54     7.7154E+02  8.380E+08  1.000E-30  2.974E+00
     830      1    137      1    130      1      54     2.9761E+02  1.681E+10  1.308E-03  5.782E+00
     831      1    137      1    132      1      54     2.8584E+02  6.991E+08  1.000E-30  1.721E+00
     833      1    137      1    136      1      54     2.6080E+00  7.825E+02  2.779E-04  1.882E+00
     835      1    138      1    126      1      54     7.8806E+02  9.683E+10  3.386E-04  4.947E+00
     837      1    138      1    131      1      54     3.0103E+02  2.627E+10  2.854E-03  2.866E+00
     838      1    138      1    133      1      54     2.9194E+02  2.262E+08  1.000E-30  1.150E+00
     840      1    138      1    137      1      54     7.2571E+00  8.273E+03  2.466E-04  7.436E-01
     841      1    139      1    127      1      54     7.7953E+02  8.613E+10  4.024E-04  2.976E+00
     842      1    139      1    132      1      54     2.9383E+02  3.390E+10  5.147E-03  1.724E+00
     843      1    139      1    138      1      54     7.3047E-01  3.186E+00  1.441E-04  3.738E-01
     844      1    140      1    133      1      54     2.9317E+02  4.668E+10  8.810E-03  1.148E+00
     845      1    140      1    139      1      54     5.0455E-01  3.989E-01  7.713E-05  2.169E-01
     846      1    141      1    124      1      54     9.8280E+02  2.752E+10  1.000E-30  3.162E+01
     847      1    141      1    129      1      54     4.8751E+02  1.060E+10  1.000E-30  1.827E+01
     851      1    141      1    135      1      54     1.8954E+02  3.398E+09  1.000E-30  1.149E+01
     853      1    142      1    123      1      54     1.0032E+03  2.258E+10  1.728E-04  7.666E+00
     854      1    142      1    125      1      54     9.7165E+02  8.415E+09  1.000E-30  9.990E+00
     856      1    142      1    128      1      54     5.0043E+02  6.948E+09  4.293E-04  7.651E+00
     857      1    142      1    130      1      54     4.8220E+02  3.833E+09  1.000E-30  5.780E+00
     859      1    142      1    134      1      54     1.9865E+02  1.758E+09  1.757E-03  7.577E+00
     861      1    142      1    136      1      54     1.8719E+02  1.394E+09  1.000E-30  4.854E+00
     863      1    142      1    141      1      54     3.4847E+00  4.598E+03  3.399E-03  1.901E+00
     864      1    143      1    124      1      54     9.9046E+02  4.169E+10  2.681E-05  3.161E+01
     865      1    143      1    126      1      54     9.6956E+02  2.603E+09  1.000E-30  4.950E+00
     866      1    143      1    129      1      54     4.9517E+02  1.249E+10  1.113E-04  1.826E+01
     869      1    143      1    131      1      54     4.8253E+02  1.589E+09  1.000E-30  2.870E+00
     872      1    143      1    135      1      54     1.9720E+02  3.094E+09  8.453E-04  9.435E+00
     874      1    143      1    137      1      54     1.8876E+02  7.172E+08  1.000E-30  9.721E-01
     877      1    143      1    142      1      54     4.1712E+00  9.125E+03  4.550E-04  5.458E+00
     878      1    144      1    125      1      54     9.7774E+02  5.925E+10  7.515E-05  9.997E+00
     879      1    144      1    127      1      54     9.6221E+02  5.428E+08  1.000E-30  2.981E+00
     881      1    144      1    130      1      54     4.8829E+02  1.848E+10  3.252E-04  5.784E+00
     882      1    144      1    132      1      54     4.7651E+02  5.661E+08  1.000E-30  1.728E+00
     884      1    144      1    136      1      54     1.9328E+02  4.613E+09  2.988E-03  2.542E+00
     885      1    144      1    138      1      54     1.8342E+02  3.272E+08  1.000E-30  3.330E-01
     887      1    144      1    143      1      54     1.9160E+00  3.881E+02  5.186E-04  1.262E+00
     888      1    145      1    126      1      54     9.7835E+02  6.818E+10  1.245E-04  4.952E+00
     890      1    145      1    131      1      54     4.9132E+02  2.525E+10  6.282E-04  2.871E+00
     891      1    145      1    133      1      54     4.8223E+02  1.464E+08  1.000E-30  1.155E+00
     893      1    145      1    137      1      54     1.9755E+02  7.173E+09  7.061E-03  1.127E+00
     894      1    145      1    139      1      54     1.8956E+02  1.671E+08  1.000E-30  1.635E-01
     896      1    145      1    144      1      54     6.8766E+00  8.974E+03  4.669E-04  5.007E-01
     897      1    146      1    127      1      54     9.6958E+02  4.899E+10  1.188E-04  2.981E+00
     898      1    146      1    132      1      54     4.8388E+02  2.721E+10  9.165E-04  1.728E+00
     899      1    146      1    138      1      54     1.9078E+02  8.529E+09  1.315E-02  6.274E-01
     900      1    146      1    140      1      54     1.8955E+02  5.122E+07  1.000E-30  1.046E-01
     901      1    146      1    145      1      54     4.8959E-01  1.363E+00  3.003E-04  2.546E-01
     902      1    147      1    133      1      54     4.8306E+02  2.282E+10  9.469E-04  1.153E+00
     903      1    147      1    139      1      54     1.9039E+02  1.128E+10  2.295E-02  3.967E-01
     904      1    147      1    146      1      54     3.3818E-01  2.268E-01  2.119E-04  1.487E-01
     905      1    148      1    140      1      54     1.9013E+02  1.465E+10  3.782E-02  2.712E-01
     906      1    148      1    147      1      54     2.4746E-01  3.524E-02  1.119E-04  9.423E-02
     907      1    149      1    124      1      54     1.1162E+03  2.123E+10  1.000E-30  3.161E+01
     908      1    149      1    129      1      54     6.2092E+02  8.998E+09  1.000E-30  1.825E+01
     910      1    149      1    135      1      54     3.2295E+02  3.787E+09  1.000E-30  1.149E+01
     913      1    149      1    142      1      54     1.2992E+02  1.298E+09  1.000E-30  7.706E+00
     915      1    150      1    123      1      54     1.1354E+03  1.801E+10  1.353E-04  5.391E+00
     916      1    150      1    125      1      54     1.1038E+03  6.322E+09  1.000E-30  9.998E+00
     917      1    150      1    128      1      54     6.3256E+02  6.239E+09  2.717E-04  5.376E+00
     918      1    150      1    130      1      54     6.1433E+02  3.142E+09  1.000E-30  5.787E+00
     919      1    150      1    134      1      54     3.3078E+02  2.179E+09  6.661E-04  5.359E+00
     921      1    150      1    136      1      54     3.1933E+02  1.492E+09  1.000E-30  2.886E+00
     923      1    150      1    141      1      54     1.3562E+02  6.059E+08  2.705E-03  5.335E+00
     925      1    150      1    143      1      54     1.2796E+02  5.575E+08  1.000E-30  3.483E+00
     927      1    150      1    149      1      54     2.2069E+00  1.237E+03  5.859E-03  1.174E+00
     928      1    151      1    124      1      54     1.1216E+03  3.301E+10  1.463E-05  3.159E+01
     929      1    151      1    126      1      54     1.1007E+03  1.871E+09  1.000E-30  4.956E+00
     930      1    151      1    129      1      54     6.2630E+02  1.117E+10  4.921E-05  1.824E+01
     931      1    151      1    131      1      54     6.1366E+02  1.227E+09  1.000E-30  2.875E+00
     933      1    151      1    135      1      54     3.2833E+02  3.814E+09  2.125E-04  1.002E+01
     935      1    151      1    137      1      54     3.1989E+02  7.062E+08  1.000E-30  6.201E-01
     937      1    151      1    142      1      54     1.3530E+02  1.047E+09  1.334E-03  6.265E+00
     939      1    151      1    144      1      54     1.2921E+02  3.111E+08  1.000E-30  7.163E-01
     941      1    151      1    150      1      54     3.1681E+00  4.692E+03  7.661E-04  3.808E+00
     942      1    152      1    125      1      54     1.1084E+03  4.532E+10  3.943E-05  1.000E+01
     943      1    152      1    127      1      54     1.0929E+03  3.666E+08  1.000E-30  2.986E+00
     944      1    152      1    130      1      54     6.1900E+02  1.601E+10  1.382E-04  5.791E+00
     945      1    152      1    132      1      54     6.0722E+02  4.085E+08  1.000E-30  1.733E+00
     947      1    152      1    136      1      54     3.2399E+02  5.545E+09  6.744E-04  2.867E+00
     948      1    152      1    138      1      54     3.1413E+02  3.049E+08  1.000E-30  3.531E-01
     950      1    152      1    143      1      54     1.3263E+02  1.512E+09  4.601E-03  1.677E+00
     951      1    152      1    145      1      54     1.2383E+02  1.502E+08  1.000E-30  2.519E-01
     953      1    152      1    151      1      54     1.4980E+00  2.160E+02  8.536E-04  8.933E-01
     954      1    153      1    126      1      54     1.1088E+03  4.861E+10  6.090E-05  4.957E+00
     955      1    153      1    131      1      54     6.2180E+02  2.028E+10  2.483E-04  2.877E+00
     956      1    153      1    133      1      54     6.1271E+02  9.303E+07  1.000E-30  1.161E+00
     958      1    153      1    137      1      54     3.2803E+02  7.812E+09  1.410E-03  1.331E+00
     959      1    153      1    139      1      54     3.2004E+02  1.284E+08  1.000E-30  2.639E-01
     961      1    153      1    144      1      54     1.3736E+02  2.398E+09  1.072E-02  7.427E-01
     962      1    153      1    146      1      54     1.2999E+02  9.852E+07  1.000E-30  1.204E-01
     963      1    153      1    152      1      54     6.6466E+00  9.741E+03  7.846E-04  3.583E-01
     964      1    154      1    127      1      54     1.0999E+03  3.084E+10  5.112E-05  2.986E+00
     965      1    154      1    132      1      54     6.1421E+02  1.944E+10  3.190E-04  1.733E+00
     966      1    154      1    138      1      54     3.2112E+02  8.692E+09  2.259E-03  7.673E-01
     967      1    154      1    140      1      54     3.1988E+02  3.208E+07  1.000E-30  2.067E-01
     968      1    154      1    145      1      54     1.3082E+02  2.627E+09  1.931E-02  4.117E-01
     969      1    154      1    147      1      54     1.3000E+02  4.548E+07  1.000E-30  7.272E-02
     970      1    154      1    153      1      54     3.4390E-01  6.048E-01  5.291E-04  1.845E-01
     971      1    155      1    133      1      54     6.1329E+02  1.282E+10  2.586E-04  1.158E+00
     972      1    155      1    139      1      54     3.2062E+02  9.157E+09  3.014E-03  4.983E-01
     973      1    155      1    146      1      54     1.3057E+02  3.350E+09  3.266E-02  2.600E-01
     974      1    155      1    148      1      54     1.2999E+02  1.410E+07  1.000E-30  5.237E-02
     975      1    155      1    154      1      54     2.3759E-01  1.122E-01  4.120E-04  1.095E-01
     976      1    156      1    124      1      54     1.2114E+03  1.638E+10  1.000E-30  3.159E+01
     977      1    156      1    129      1      54     7.1613E+02  7.285E+09  1.000E-30  1.825E+01
     978      1    156      1    135      1      54     4.1816E+02  3.381E+09  1.000E-30  1.150E+01
     980      1    156      1    142      1      54     2.2513E+02  1.526E+09  1.000E-30  7.711E+00
     983      1    156      1    150      1      54     9.3002E+01  5.539E+08  1.000E-30  5.415E+00
     985      1    157      1    123      1      54     1.2298E+03  1.423E+10  1.150E-04  3.942E+00
     986      1    157      1    125      1      54     1.1982E+03  4.781E+09  1.000E-30  1.001E+01
     987      1    157      1    128      1      54     7.2695E+02  5.239E+09  2.058E-04  3.927E+00
     988      1    157      1    130      1      54     7.0872E+02  2.487E+09  1.000E-30  5.792E+00
     989      1    157      1    134      1      54     4.2517E+02  2.068E+09  4.071E-04  3.916E+00
     990      1    157      1    136      1      54     4.1371E+02  1.291E+09  1.000E-30  1.994E+00
     991      1    157      1    141      1      54     2.3000E+02  7.952E+08  9.927E-04  3.905E+00
     993      1    157      1    143      1      54     2.2235E+02  6.338E+08  1.000E-30  2.188E+00
     995      1    157      1    149      1      54     9.6594E+01  2.359E+08  4.003E-03  3.890E+00
     997      1    157      1    151      1      54     9.1219E+01  2.427E+08  1.000E-30  2.583E+00
     999      1    157      1    156      1      54     1.3856E+00  3.130E+02  1.003E-02  7.055E-01
    1000      1    158      1    124      1      54     1.2153E+03  2.587E+10  9.009E-06  3.160E+01
    1001      1    158      1    126      1      54     1.1944E+03  1.374E+09  1.000E-30  4.961E+00
    1002      1    158      1    129      1      54     7.2004E+02  9.330E+09  2.706E-05  1.824E+01
    1003      1    158      1    131      1      54     7.0740E+02  9.341E+08  1.000E-30  2.881E+00
    1004      1    158      1    135      1      54     4.2207E+02  3.601E+09  9.090E-05  1.041E+01
    1005      1    158      1    137      1      54     4.1363E+02  5.822E+08  1.000E-30  7.717E-01
    1007      1    158      1    142      1      54     2.2904E+02  1.359E+09  3.373E-04  6.622E+00
    1009      1    158      1    144      1      54     2.2296E+02  3.303E+08  1.000E-30  4.385E-01
    1011      1    158      1    150      1      54     9.6914E+01  4.043E+08  2.014E-03  4.365E+00
    1012      1    158      1    152      1      54     9.2248E+01  1.438E+08  1.000E-30  5.494E-01
    1014      1    158      1    157      1      54     2.5273E+00  2.767E+03  1.227E-03  2.763E+00
    1015      1    159      1    125      1      54     1.2019E+03  3.476E+10  2.371E-05  1.001E+01
    1016      1    159      1    127      1      54     1.1864E+03  2.582E+08  1.000E-30  2.992E+00
    1017      1    159      1    130      1      54     7.1248E+02  1.310E+10  7.405E-05  5.796E+00
    1018      1    159      1    132      1      54     7.0070E+02  2.955E+08  1.000E-30  1.738E+00
    1019      1    159      1    136      1      54     4.1747E+02  5.140E+09  2.721E-04  3.078E+00
    1020      1    159      1    138      1      54     4.0761E+02  2.394E+08  1.000E-30  5.268E-01
    1022      1    159      1    143      1      54     2.2610E+02  1.939E+09  1.058E-03  1.881E+00
    1023      1    159      1    145      1      54     2.1731E+02  1.580E+08  1.000E-30  2.193E-01
    1025      1    159      1    151      1      54     9.4977E+01  5.664E+08  6.779E-03  1.168E+00
    1026      1    159      1    153      1      54     8.6832E+01  6.981E+07  1.000E-30  1.997E-01
    1028      1    159      1    158      1      54     1.2307E+00  1.362E+02  1.320E-03  6.574E-01
    1029      1    160      1    126      1      54     1.2022E+03  3.557E+10  3.493E-05  4.962E+00
    1030      1    160      1    131      1      54     7.1513E+02  1.578E+10  1.268E-04  2.882E+00
    1031      1    160      1    133      1      54     7.0604E+02  6.248E+07  1.000E-30  1.165E+00
    1032      1    160      1    137      1      54     4.2136E+02  6.835E+09  5.288E-04  1.464E+00
    1033      1    160      1    139      1      54     4.1337E+02  9.017E+07  1.000E-30  3.873E-01
    1035      1    160      1    144      1      54     2.3069E+02  2.799E+09  2.226E-03  8.694E-01
    1036      1    160      1    146      1      54     2.2332E+02  8.497E+07  1.000E-30  1.612E-01
    1037      1    160      1    152      1      54     9.9979E+01  9.352E+08  1.570E-02  5.164E-01
    1038      1    160      1    154      1      54     9.2988E+01  5.535E+07  1.000E-30  9.782E-02
    1039      1    160      1    159      1      54     6.4994E+00  1.059E+04  1.209E-03  2.699E-01
    1040      1    161      1    127      1      54     1.1932E+03  2.080E+10  2.698E-05  2.990E+00
    1041      1    161      1    132      1      54     7.0745E+02  1.402E+10  1.501E-04  1.738E+00
    1042      1    161      1    138      1      54     4.1436E+02  7.158E+09  7.755E-04  8.554E-01
    1043      1    161      1    140      1      54     4.1312E+02  1.996E+07  1.000E-30  2.955E-01
    1044      1    161      1    145      1      54     2.2406E+02  3.071E+09  3.597E-03  5.018E-01
    1045      1    161      1    147      1      54     2.2323E+02  3.367E+07  1.000E-30  1.281E-01
    1046      1    161      1    153      1      54     9.3583E+01  9.233E+08  2.673E-02  2.880E-01
    1047      1    161      1    155      1      54     9.3001E+01  3.067E+07  1.000E-30  5.870E-02
    1048      1    161      1    160      1      54     2.5061E-01  2.811E-01  8.255E-04  1.425E-01
    1049      1    162      1    133      1      54     7.0646E+02  8.038E+09  1.056E-04  1.163E+00
    1050      1    162      1    139      1      54     4.1380E+02  6.522E+09  8.774E-04  5.660E-01
    1051      1    162      1    146      1      54     2.2375E+02  3.463E+09  5.142E-03  3.264E-01
    1052      1    162      1    148      1      54     2.2316E+02  8.516E+06  1.000E-30  1.046E-01
    1053      1    162      1    154      1      54     9.3412E+01  1.151E+09  4.390E-02  1.835E-01
    1054      1    162      1    161      1      54     1.7317E-01  5.550E-02  6.580E-04  8.729E-02
    1381      1    165      1    164      1       1     1.0199E+01  1.360E+05  5.659E-02  3.654E-02
    1384      1    167      1    164      1       1     1.0199E+01  2.590E+05  1.132E-01  3.654E-02
    1387      1    169      1    164      1       1     1.2088E+01  9.072E+04  1.606E-02  7.804E-02
    1389      1    169      1    166      1       1     1.8887E+00  1.915E+03  9.571E-03  7.985E-02
    1392      1    168      1    165      1       1     1.8887E+00  6.044E+01  9.704E-05  2.436E-01
    1394      1    168      1    167      1       1     1.8886E+00  1.209E+02  1.941E-04  2.436E-01
    1396      1    170      1    165      1       1     1.8887E+00  3.071E+03  7.610E-03  1.592E-01
    1398      1    170      1    167      1       1     1.8887E+00  6.093E+03  1.521E-02  1.592E-01
    1399      1    172      1    164      1       1     1.2749E+01  3.824E+03  3.570E-03  1.308E-01
    1401      1    172      1    166      1       1     2.5497E+00  1.089E+02  3.611E-04  6.597E-01
    1404      1    172      1    168      1       1     6.6104E-01  8.957E+00  2.467E-04  8.339E-01
    1405      1    172      1    170      1       1     6.6103E-01  1.015E+00  3.112E-05  7.495E-01
    1407      1    171      1    165      1       1     2.5497E+00  3.232E+00  9.968E-06  7.053E-01
    1409      1    171      1    167      1       1     2.5497E+00  6.463E+00  1.994E-05  7.053E-01
    1410      1    171      1    169      1       1     6.6103E-01  1.789E+00  4.787E-05  8.585E-01
    1414      1    173      1    165      1       1     2.5497E+00  1.293E+02  5.142E-04  5.471E-01
    1416      1    173      1    167      1       1     2.5497E+00  2.588E+02  1.030E-03  5.471E-01
    1417      1    173      1    169      1       1     6.6104E-01  3.427E+01  1.125E-03  7.003E-01
    1425      1    174      1    170      1       1     6.6103E-01  9.379E+01  4.245E-03  5.092E-01
    1426      1    176      1    164      1       1     1.3054E+01  1.049E+02  1.048E-03  2.144E-01
    1428      1    176      1    166      1       1     2.8557E+00  3.313E+00  6.526E-05  1.605E+00
    1430      1    176      1    168      1       1     9.6701E-01  3.712E-01  3.862E-05  1.775E+00
    1431      1    176      1    170      1       1     9.6699E-01  3.383E-02  3.697E-06  1.691E+00
    1433      1    176      1    171      1       1     3.0597E-01  5.277E-02  3.449E-06  2.237E+00
    1434      1    176      1    173      1       1     3.0596E-01  1.349E-02  9.498E-07  2.078E+00
    1437      1    175      1    165      1       1     2.8557E+00  9.538E-02  1.797E-06  1.679E+00
    1439      1    175      1    167      1       1     2.8556E+00  1.908E-01  3.595E-06  1.679E+00
    1440      1    175      1    169      1       1     9.6700E-01  6.822E-02  6.884E-06  1.832E+00
    1443      1    175      1    172      1       1     3.0596E-01  1.539E-02  9.924E-07  2.268E+00
    1447      1    177      1    165      1       1     2.8557E+00  3.505E+00  7.768E-05  1.425E+00
    1449      1    177      1    167      1       1     2.8557E+00  7.000E+00  1.551E-04  1.425E+00
    1450      1    177      1    169      1       1     9.6700E-01  1.278E+00  1.494E-04  1.579E+00
    1453      1    177      1    172      1       1     3.0597E-01  1.777E-01  1.288E-05  2.015E+00
    1456      1    177      1    174      1       1     3.0596E-01  6.033E-03  4.974E-07  1.775E+00
    1461      1    178      1    170      1       1     9.6699E-01  2.404E+00  3.430E-04  1.293E+00
    1463      1    178      1    173      1       1     3.0596E-01  4.329E-01  3.763E-05  1.680E+00
    1469      1    179      1    174      1       1     3.0596E-01  9.197E-01  1.060E-04  1.266E+00
    1470      1    181      1    164      1       1     1.3221E+01  4.716E+00  4.219E-04  2.992E-01
    1472      1    181      1    166      1       1     3.0219E+00  1.559E-01  1.705E-05  3.336E+00
    1473      1    181      1    168      1       1     1.1332E+00  1.955E-02  9.807E-06  3.506E+00
    1474      1    181      1    170      1       1     1.1332E+00  1.602E-03  8.237E-07  3.422E+00
    1476      1    181      1    171      1       1     4.7217E-01  3.802E-03  8.541E-07  3.968E+00
    1477      1    181      1    173      1       1     4.7216E-01  8.034E-04  1.881E-07  3.809E+00
    1480      1    181      1    175      1       1     1.6620E-01  7.307E-04  6.826E-08  4.941E+00
    1481      1    181      1    177      1       1     1.6620E-01  2.879E-04  2.839E-08  4.687E+00
    1484      1    180      1    165      1       1     3.0219E+00  4.459E-03  4.724E-07  3.448E+00
    1486      1    180      1    167      1       1     3.0218E+00  8.904E-03  9.432E-07  3.448E+00
    1487      1    180      1    169      1       1     1.1332E+00  3.453E-03  1.688E-06  3.601E+00
    1488      1    180      1    172      1       1     4.7217E-01  1.014E-03  2.241E-07  4.038E+00
    1491      1    180      1    176      1       1     1.6620E-01  2.682E-04  2.490E-08  4.979E+00
    1495      1    182      1    165      1       1     3.0219E+00  1.561E-01  1.846E-05  3.079E+00
    1497      1    182      1    167      1       1     3.0219E+00  3.130E-01  3.702E-05  3.079E+00
    1498      1    182      1    169      1       1     1.1332E+00  6.414E-02  3.484E-05  3.232E+00
    1499      1    182      1    172      1       1     4.7217E-01  1.229E-02  2.980E-06  3.669E+00
    1502      1    182      1    174      1       1     4.7216E-01  3.053E-04  7.935E-08  3.428E+00
    1503      1    182      1    176      1       1     1.6620E-01  2.253E-03  2.252E-07  4.610E+00
    1506      1    182      1    178      1       1     1.6620E-01  1.959E-04  2.148E-08  4.212E+00
    1509      1    183      1    170      1       1     1.1332E+00  1.029E-01  6.369E-05  2.830E+00
    1511      1    183      1    173      1       1     4.7216E-01  2.569E-02  7.090E-06  3.218E+00
    1513      1    183      1    177      1       1     1.6620E-01  5.089E-03  5.717E-07  4.096E+00
    1514      1    183      1    179      1       1     1.6620E-01  8.003E-05  1.029E-08  3.587E+00
    1517      1    184      1    174      1       1     4.7216E-01  3.533E-02  1.181E-05  2.649E+00
    1519      1    184      1    178      1       1     1.6620E-01  1.007E-02  1.347E-06  3.432E+00
    1521      1    185      1    179      1       1     1.6620E-01  1.834E-02  3.150E-06  2.669E+00
    1523      1    186      1    165      1       1     3.1221E+00  3.111E-04  1.540E-07  6.362E+00
    1524      1    186      1    167      1       1     3.1221E+00  6.222E-04  3.080E-07  6.362E+00
    1525      1    186      1    169      1       1     1.2334E+00  2.519E-04  5.316E-07  6.515E+00
    1526      1    186      1    172      1       1     5.7238E-01  8.109E-05  6.748E-08  6.952E+00
    1527      1    186      1    176      1       1     2.6642E-01  2.811E-05  5.892E-09  7.893E+00
    1530      1    186      1    181      1       1     1.0021E-01  8.259E-06  7.775E-10  9.624E+00
    1533      1    187      1    164      1       1     1.3321E+01  3.226E-01  1.912E-04  4.072E-01
    1534      1    187      1    166      1       1     3.1221E+00  1.096E-02  5.555E-06  6.204E+00
    1535      1    187      1    168      1       1     1.2334E+00  1.459E-03  3.141E-06  6.375E+00
    1536      1    187      1    170      1       1     1.2334E+00  1.121E-04  2.446E-07  6.290E+00
    1537      1    187      1    171      1       1     5.7238E-01  3.171E-04  2.678E-07  6.836E+00
    1538      1    187      1    173      1       1     5.7238E-01  6.038E-05  5.224E-08  6.678E+00
    1540      1    187      1    175      1       1     2.6642E-01  8.315E-05  1.757E-08  7.809E+00
    1541      1    187      1    177      1       1     2.6642E-01  2.763E-05  6.043E-09  7.556E+00
    1544      1    187      1    180      1       1     1.0022E-01  1.922E-05  1.812E-09  9.579E+00
    1545      1    187      1    182      1       1     1.0021E-01  1.002E-05  9.860E-10  9.209E+00
    1548      1    188      1    165      1       1     3.1221E+00  1.066E-02  5.700E-06  5.856E+00
    1549      1    188      1    167      1       1     3.1221E+00  2.131E-02  1.140E-05  5.856E+00
    1550      1    188      1    169      1       1     1.2334E+00  4.648E-03  1.058E-05  6.009E+00
    1551      1    188      1    172      1       1     5.7238E-01  1.001E-03  8.936E-07  6.446E+00
    1552      1    188      1    174      1       1     5.7238E-01  2.108E-05  1.957E-08  6.205E+00
    1553      1    188      1    176      1       1     2.6642E-01  2.536E-04  5.648E-08  7.387E+00
    1556      1    188      1    178      1       1     2.6642E-01  1.670E-05  3.939E-09  6.989E+00
    1558      1    188      1    181      1       1     1.0022E-01  5.596E-05  5.530E-09  9.118E+00
    1561      1    188      1    183      1       1     1.0021E-01  8.284E-06  8.795E-10  8.526E+00
    1564      1    189      1    170      1       1     1.2334E+00  6.862E-03  1.708E-05  5.470E+00
    1565      1    189      1    173      1       1     5.7238E-01  1.937E-03  1.894E-06  5.857E+00
    1567      1    189      1    177      1       1     2.6642E-01  5.330E-04  1.297E-07  6.735E+00
    1568      1    189      1    179      1       1     2.6642E-01  5.698E-06  1.503E-09  6.227E+00
    1570      1    189      1    182      1       1     1.0021E-01  1.199E-04  1.283E-08  8.389E+00
    1571      1    189      1    184      1       1     1.0021E-01  5.132E-06  6.092E-10  7.609E+00
    1573      1    190      1    174      1       1     5.7238E-01  2.203E-03  2.458E-06  5.106E+00
    1575      1    190      1    178      1       1     2.6642E-01  8.726E-04  2.416E-07  5.889E+00
    1577      1    190      1    183      1       1     1.0021E-01  2.251E-04  2.714E-08  7.427E+00
    1578      1    190      1    185      1       1     1.0021E-01  2.005E-06  2.774E-10  6.509E+00
    1580      1    191      1    179      1       1     2.6642E-01  9.961E-04  3.300E-07  4.898E+00
    1581      1    191      1    184      1       1     1.0021E-01  3.911E-04  5.555E-08  6.280E+00
    1583      1    192      1    185      1       1     1.0021E-01  6.490E-04  1.151E-07  5.013E+00
    1585      1    193      1    165      1       1     3.1872E+00  2.974E-05  5.796E-08  1.083E+01
    1586      1    193      1    167      1       1     3.1871E+00  5.948E-05  1.159E-07  1.083E+01
    1587      1    193      1    169      1       1     1.2985E+00  2.458E-05  1.885E-07  1.099E+01
    1588      1    193      1    172      1       1     6.3742E-01  8.281E-06  2.183E-08  1.142E+01
    1589      1    193      1    176      1       1     3.3146E-01  3.154E-06  1.589E-09  1.236E+01
    1590      1    193      1    181      1       1     1.6526E-01  1.228E-06  1.314E-10  1.409E+01
    1594      1    193      1    187      1       1     6.5043E-02  3.907E-07  2.861E-12  1.696E+01
    1596      1    194      1    164      1       1     1.3386E+01  3.043E-02  4.792E-06  1.059E+01
    1597      1    194      1    166      1       1     3.1871E+00  1.055E-03  2.090E-06  1.062E+01
    1598      1    194      1    168      1       1     1.2985E+00  1.441E-04  1.122E-06  1.079E+01
    1599      1    194      1    170      1       1     1.2985E+00  1.070E-05  8.395E-08  1.071E+01
    1600      1    194      1    171      1       1     6.3743E-01  3.338E-05  8.901E-08  1.125E+01
    1601      1    194      1    173      1       1     6.3742E-01  5.941E-06  1.608E-08  1.110E+01
    1602      1    194      1    175      1       1     3.3146E-01  9.778E-06  4.962E-09  1.223E+01
    1603      1    194      1    177      1       1     3.3146E-01  2.964E-06  1.538E-09  1.197E+01
    1605      1    194      1    180      1       1     1.6526E-01  3.079E-06  3.304E-10  1.400E+01
    1606      1    194      1    182      1       1     1.6526E-01  1.386E-06  1.532E-10  1.363E+01
    1608      1    194      1    186      1       1     6.5044E-02  8.124E-07  5.939E-12  1.691E+01
    1610      1    194      1    188      1       1     6.5043E-02  5.149E-07  3.900E-12  1.640E+01
    1613      1    195      1    165      1       1     3.1872E+00  1.007E-03  2.072E-06  1.017E+01
    1614      1    195      1    167      1       1     3.1871E+00  2.014E-03  4.143E-06  1.017E+01
    1615      1    195      1    169      1       1     1.2985E+00  4.534E-04  3.668E-06  1.032E+01
    1616      1    195      1    172      1       1     6.3742E-01  1.039E-04  2.881E-07  1.076E+01
    1617      1    195      1    174      1       1     6.3742E-01  1.972E-06  5.601E-09  1.052E+01
    1618      1    195      1    176      1       1     3.3146E-01  2.960E-05  1.561E-08  1.170E+01
    1619      1    195      1    178      1       1     3.3146E-01  1.668E-06  9.125E-10  1.130E+01
    1620      1    195      1    181      1       1     1.6526E-01  9.022E-06  1.004E-09  1.343E+01
    1623      1    195      1    183      1       1     1.6526E-01  1.040E-06  1.216E-10  1.284E+01
    1626      1    195      1    187      1       1     6.5044E-02  2.267E-06  1.712E-11  1.630E+01
    1628      1    195      1    189      1       1     6.5043E-02  4.786E-07  3.838E-12  1.548E+01
    1631      1    196      1    170      1       1     1.2985E+00  6.382E-04  5.490E-06  9.623E+00
    1632      1    196      1    173      1       1     6.3742E-01  1.919E-04  5.673E-07  1.001E+01
    1633      1    196      1    177      1       1     3.3146E-01  5.957E-05  3.349E-08  1.089E+01
    1634      1    196      1    179      1       1     3.3146E-01  5.162E-07  3.052E-10  1.038E+01
    1636      1    196      1    182      1       1     1.6526E-01  1.859E-05  2.199E-09  1.254E+01
    1637      1    196      1    184      1       1     1.6526E-01  5.641E-07  7.157E-11  1.176E+01
    1639      1    196      1    188      1       1     6.5043E-02  4.674E-06  3.736E-11  1.532E+01
    1640      1    196      1    190      1       1     6.5043E-02  3.590E-07  3.125E-12  1.422E+01
    1642      1    197      1    174      1       1     6.3742E-01  1.966E-04  6.366E-07  9.049E+00
    1643      1    197      1    178      1       1     3.3146E-01  8.806E-05  5.431E-08  9.832E+00
    1645      1    197      1    183      1       1     1.6526E-01  3.168E-05  4.101E-09  1.137E+01
    1646      1    197      1    185      1       1     1.6526E-01  1.829E-07  2.591E-11  1.045E+01
    1648      1    197      1    189      1       1     6.5043E-02  8.436E-06  7.330E-11  1.401E+01
    1649      1    197      1    191      1       1     6.5043E-02  2.131E-07  2.071E-12  1.268E+01
    1651      1    198      1    179      1       1     3.3146E-01  8.133E-05  5.688E-08  8.576E+00
    1652      1    198      1    184      1       1     1.6526E-01  4.476E-05  6.555E-09  9.959E+00
    1653      1    198      1    190      1       1     6.5043E-02  1.426E-05  1.390E-10  1.242E+01
    1654      1    198      1    192      1       1     6.5043E-02  8.121E-08  9.116E-13  1.092E+01
    1656      1    199      1    185      1       1     1.6526E-01  4.520E-05  7.796E-09  8.376E+00
    1657      1    199      1    191      1       1     6.5043E-02  2.286E-05  2.592E-10  1.060E+01
    1659      1    200      1    192      1       1     6.5043E-02  3.557E-05  4.914E-10  8.650E+00
    1661      1    201      1    165      1       1     3.2317E+00  3.494E-06  2.462E-08  1.733E+01
    1662      1    201      1    167      1       1     3.2317E+00  6.987E-06  4.923E-08  1.733E+01
    1663      1    201      1    169      1       1     1.3431E+00  2.928E-06  7.690E-08  1.749E+01
    1664      1    201      1    172      1       1     6.8202E-01  1.016E-06  8.411E-09  1.792E+01
    1665      1    201      1    176      1       1     3.7605E-01  4.049E-07  5.522E-10  1.886E+01
    1666      1    201      1    181      1       1     2.0985E-01  1.735E-07  3.742E-11  2.059E+01
    1668      1    201      1    187      1       1     1.0964E-01  7.324E-08  4.884E-13  2.346E+01
    1671      1    201      1    194      1       1     4.4593E-02  2.490E-08  1.428E-25  2.788E+01
    1673      1    202      1    164      1       1     1.3431E+01  3.548E-03  2.070E-06  1.703E+01
    1674      1    202      1    166      1       1     3.2317E+00  1.248E-04  8.888E-07  1.706E+01
    1675      1    202      1    168      1       1     1.3431E+00  1.750E-05  4.641E-07  1.723E+01
    1676      1    202      1    170      1       1     1.3430E+00  1.252E-06  3.338E-08  1.715E+01
    1677      1    202      1    171      1       1     6.8202E-01  4.162E-06  3.470E-08  1.769E+01
    1678      1    202      1    173      1       1     6.8201E-01  7.136E-07  6.009E-09  1.754E+01
    1679      1    202      1    175      1       1     3.7606E-01  1.293E-06  1.772E-09  1.867E+01
    1680      1    202      1    177      1       1     3.7605E-01  3.682E-07  5.123E-10  1.841E+01
    1681      1    202      1    180      1       1     2.0985E-01  4.580E-07  9.896E-11  2.044E+01
    1682      1    202      1    182      1       1     2.0985E-01  1.877E-07  4.142E-11  2.007E+01
    1683      1    202      1    186      1       1     1.0964E-01  1.642E-07  1.093E-12  2.335E+01
    1685      1    202      1    188      1       1     1.0964E-01  9.081E-08  6.210E-13  2.284E+01
    1687      1    202      1    193      1       1     4.4594E-02  4.748E-08  4.073E-25  2.782E+01
    1689      1    202      1    195      1       1     4.4593E-02  3.467E-08  2.437E-25  2.716E+01
    1692      1    203      1    165      1       1     3.2317E+00  1.179E-04  8.603E-07  1.649E+01
    1693      1    203      1    167      1       1     3.2317E+00  2.358E-04  1.721E-06  1.649E+01
    1694      1    203      1    169      1       1     1.3431E+00  5.414E-05  1.472E-06  1.664E+01
    1695      1    203      1    172      1       1     6.8202E-01  1.286E-05  1.101E-07  1.708E+01
    1696      1    203      1    174      1       1     6.8201E-01  2.288E-07  1.988E-09  1.684E+01
    1697      1    203      1    176      1       1     3.7605E-01  3.897E-06  5.480E-09  1.802E+01
    1698      1    203      1    178      1       1     3.7605E-01  1.988E-07  2.865E-10  1.762E+01
    1699      1    203      1    181      1       1     2.0985E-01  1.338E-06  2.964E-10  1.975E+01
    1700      1    203      1    183      1       1     2.0985E-01  1.333E-07  3.060E-11  1.916E+01
    1702      1    203      1    187      1       1     1.0964E-01  4.630E-07  3.155E-12  2.262E+01
    1704      1    203      1    189      1       1     1.0964E-01  7.778E-08  5.547E-13  2.180E+01
    1706      1    203      1    194      1       1     4.4594E-02  1.282E-07  1.000E-30  2.704E+01
    1708      1    203      1    196      1       1     4.4593E-02  3.501E-08  1.000E-30  2.595E+01
    1710      1    204      1    170      1       1     1.3430E+00  7.423E-05  2.102E-06  1.577E+01
    1711      1    204      1    173      1       1     6.8202E-01  2.314E-05  2.065E-07  1.615E+01
    1712      1    204      1    177      1       1     3.7605E-01  7.651E-06  1.124E-08  1.703E+01
    1713      1    204      1    179      1       1     3.7605E-01  5.814E-08  8.824E-11  1.652E+01
    1714      1    204      1    182      1       1     2.0985E-01  2.703E-06  6.255E-10  1.868E+01
    1715      1    204      1    184      1       1     2.0985E-01  6.717E-08  1.631E-11  1.790E+01
    1717      1    204      1    188      1       1     1.0964E-01  9.391E-07  6.674E-12  2.146E+01
    1718      1    204      1    190      1       1     1.0964E-01  5.288E-08  4.005E-13  2.036E+01
    1720      1    204      1    195      1       1     4.4593E-02  2.573E-07  1.861E-24  2.577E+01
    1721      1    204      1    197      1       1     4.4593E-02  2.957E-08  1.000E-30  2.430E+01
    1723      1    205      1    174      1       1     6.8201E-01  2.240E-05  2.123E-07  1.495E+01
    1724      1    205      1    178      1       1     3.7605E-01  1.067E-05  1.669E-08  1.573E+01
    1725      1    205      1    183      1       1     2.0985E-01  4.348E-06  1.072E-09  1.727E+01
    1726      1    205      1    185      1       1     2.0985E-01  1.952E-08  5.115E-12  1.635E+01
    1728      1    205      1    189      1       1     1.0964E-01  1.619E-06  1.224E-11  1.991E+01
    1729      1    205      1    191      1       1     1.0964E-01  2.734E-08  2.243E-13  1.858E+01
    1731      1    205      1    196      1       1     4.4593E-02  4.546E-07  1.000E-30  2.407E+01
    1732      1    205      1    198      1       1     4.4593E-02  2.123E-08  1.000E-30  2.226E+01
    1734      1    206      1    179      1       1     3.7605E-01  8.741E-06  1.488E-08  1.418E+01
    1735      1    206      1    184      1       1     2.0985E-01  5.454E-06  1.467E-09  1.556E+01
    1736      1    206      1    190      1       1     1.0964E-01  2.434E-06  2.004E-11  1.802E+01
    1738      1    206      1    197      1       1     4.4593E-02  7.541E-07  1.000E-30  2.196E+01
    1741      1    207      1    185      1       1     2.0985E-01  4.379E-06  1.320E-09  1.362E+01
    1742      1    207      1    191      1       1     1.0964E-01  3.104E-06  2.862E-11  1.585E+01
    1743      1    207      1    198      1       1     4.4593E-02  1.181E-06  9.651E-24  1.953E+01
    1746      1    208      1    185      1       1     2.4771E-01  5.802E-07  3.548E-10  2.129E+01
    1747      1    208      1    191      1       1     1.4750E-01  5.026E-07  6.689E-12  2.352E+01
    1748      1    208      1    198      1       1     8.2456E-02  3.061E-07  1.000E-30  2.719E+01
    1750      1    208      1    206      1       1     3.7863E-02  1.577E-07  3.266E-24  3.280E+01
    1752      1    209      1    170      1       1     1.3809E+00  1.009E-05  9.160E-07  2.443E+01
    1753      1    209      1    173      1       1     7.1991E-01  3.280E-06  8.752E-08  2.482E+01
    1754      1    209      1    177      1       1     4.1395E-01  1.154E-06  4.549E-09  2.570E+01
    1756      1    209      1    182      1       1     2.4775E-01  4.517E-07  2.345E-10  2.735E+01
    1758      1    209      1    188      1       1     1.4753E-01  1.902E-07  2.135E-12  3.013E+01
    1761      1    209      1    195      1       1     8.2489E-02  8.248E-08  1.000E-30  3.444E+01
    1764      1    209      1    203      1       1     3.7896E-02  3.554E-08  1.000E-30  4.076E+01
    1767      1    210      1    179      1       1     4.1400E-01  1.188E-06  5.105E-09  2.225E+01
    1768      1    210      1    184      1       1     2.4780E-01  8.238E-07  4.684E-10  2.363E+01
    1769      1    210      1    190      1       1     1.4759E-01  4.476E-07  5.520E-12  2.609E+01
    1771      1    210      1    197      1       1     8.2546E-02  2.208E-07  1.000E-30  3.003E+01
    1773      1    210      1    205      1       1     3.7953E-02  1.017E-07  1.000E-30  3.593E+01
    1775      1    211      1    164      1       1     1.3469E+01  4.762E-04  9.864E-07  2.603E+01
    1776      1    211      1    166      1       1     3.2697E+00  1.689E-05  4.160E-07  2.606E+01
    1777      1    211      1    168      1       1     1.3810E+00  2.417E-06  2.120E-07  2.624E+01
    1778      1    211      1    170      1       1     1.3810E+00  1.706E-07  1.501E-08  2.615E+01
    1779      1    211      1    171      1       1     7.2000E-01  6.010E-07  1.545E-08  2.670E+01
    1780      1    211      1    173      1       1     7.1999E-01  1.001E-07  2.590E-09  2.654E+01
    1781      1    211      1    175      1       1     4.1404E-01  1.985E-07  7.526E-10  2.767E+01
    1782      1    211      1    177      1       1     4.1403E-01  5.413E-08  2.074E-10  2.742E+01
    1783      1    211      1    180      1       1     2.4783E-01  7.740E-08  3.858E-11  2.944E+01
    1784      1    211      1    182      1       1     2.4783E-01  2.994E-08  1.516E-11  2.907E+01
    1785      1    211      1    186      1       1     1.4762E-01  3.333E-08  3.591E-13  3.235E+01
    1796      1    212      1    165      1       1     3.2697E+00  1.590E-05  3.965E-07  2.536E+01
    1797      1    212      1    167      1       1     3.2697E+00  3.179E-05  7.930E-07  2.536E+01
    1798      1    212      1    169      1       1     1.3810E+00  7.487E-06  6.651E-07  2.551E+01
    1799      1    212      1    172      1       1     7.2001E-01  1.844E-06  4.806E-08  2.595E+01
    1800      1    212      1    174      1       1     7.2000E-01  3.143E-08  8.279E-10  2.571E+01
    1801      1    212      1    176      1       1     4.1404E-01  5.966E-07  2.294E-09  2.689E+01
    1802      1    212      1    178      1       1     4.1404E-01  2.839E-08  1.111E-10  2.649E+01
    1803      1    212      1    181      1       1     2.4784E-01  2.267E-07  1.146E-10  2.862E+01
    1804      1    212      1    183      1       1     2.4784E-01  2.056E-08  1.066E-11  2.803E+01
    1805      1    212      1    187      1       1     1.4763E-01  9.465E-08  1.034E-12  3.149E+01
    1808      1    212      1    194      1       1     8.2583E-02  4.132E-08  1.000E-30  3.591E+01
    1812      1    212      1    202      1       1     3.7989E-02  1.827E-08  1.000E-30  4.235E+01
    1815      1    213      1    165      1       1     3.2697E+00  4.704E-07  1.153E-08  2.640E+01
    1816      1    213      1    167      1       1     3.2697E+00  9.407E-07  2.306E-08  2.640E+01
    1817      1    213      1    169      1       1     1.3810E+00  4.025E-07  3.514E-08  2.656E+01
    1818      1    213      1    172      1       1     7.2001E-01  1.439E-07  3.689E-09  2.699E+01
    1819      1    213      1    176      1       1     4.1404E-01  6.063E-08  2.296E-10  2.793E+01
    1820      1    213      1    181      1       1     2.4784E-01  2.840E-08  1.417E-11  2.966E+01
    1829      1    214      1    174      1       1     7.2002E-01  3.053E-06  8.424E-08  2.335E+01
    1830      1    214      1    178      1       1     4.1406E-01  1.553E-06  6.343E-09  2.414E+01
    1831      1    214      1    183      1       1     2.4786E-01  7.032E-07  3.788E-10  2.567E+01
    1833      1    214      1    189      1       1     1.4764E-01  3.170E-07  3.695E-12  2.831E+01
    1836      1    214      1    196      1       1     8.2598E-02  1.431E-07  1.000E-30  3.247E+01
    1838      1    214      1    204      1       1     3.8005E-02  6.301E-08  1.000E-30  3.861E+01
