#  File format type:   4
#
#  SPECT3D transition powers file.
#  RUN NAME:  xe_20-200ev_1e18-1e21_4mm
#  Total number of transitions   =     1890
#  Number of written transitions =      809
#  Plasma temperature (eV)       =     1.8000E+02
#  Mass density (g/cm3)          =     1.1216E-04
#  Cell areal density (g/cm2)    =     4.4865E-05
#  Material mass fractions       =     1.0000E+00
#  DCA material number fractions =     1.3000E-02    9.8700E-01
# -----------------------------------------------------
#
#
#   Trans.  Trans  Upper  Upper  Lower  Lower   Ioniz   Energy     Line Power Line Center Line Width
#   Index   Model  Level  Model  Level  Model   Stage   (eV)       (W/cm2)    Opt. Depth      eV
# --------------------------------------------------------------------------------------------------
       1      1      3      1      2      1      52     1.1982E+02  4.339E+07  2.696E-11  1.081E-02
       2      1      4      1      2      1      52     4.9234E+02  1.125E+10  6.879E-02  4.460E-02
       4      1      6      1      5      1      52     1.0651E+02  1.651E+08  1.029E-04  7.871E+01
       6      1      7      1      6      1      52     6.8034E+01  2.165E+07  1.434E-05  9.466E+01
       7      1      9      1      8      1      52     3.8672E+01  9.619E+06  3.432E-04  2.871E+01
       9      1     10      1      9      1      52     3.4641E+01  6.194E+06  9.392E-05  3.134E+01
      11      1     11      1     10      1      52     9.4480E+00  2.154E+04  3.551E-05  8.524E+00
      13      1     12      1      9      1      52     8.3242E+02  3.564E+11  1.000E-30  4.474E+01
      14      1     13      1      8      1      52     8.9349E+02  2.832E+11  8.638E-04  2.725E+01
      16      1     13      1     10      1      52     8.2018E+02  9.431E+10  1.000E-30  1.546E+01
      17      1     13      1     12      1      52     2.2396E+01  2.728E+06  8.703E-04  1.654E+01
      19      1     14      1      9      1      52     8.6975E+02  6.051E+11  4.843E-04  3.751E+01
      21      1     14      1     11      1      52     8.2566E+02  2.250E+10  1.000E-30  2.940E+00
      23      1     14      1     13      1      52     1.4925E+01  5.806E+05  1.708E-04  2.020E+01
      25      1     15      1     10      1      52     8.3968E+02  1.022E+12  1.595E-03  1.284E+01
      28      1     15      1     14      1      52     4.5752E+00  4.247E+03  1.202E-04  4.372E+00
      30      1     16      1     11      1      52     8.3260E+02  1.661E+12  4.144E-03  5.901E+00
      32      1     16      1     15      1      52     2.3647E+00  1.770E+02  6.524E-05  1.738E+00
      34      1     17      1      9      1      52     1.3019E+03  2.991E+11  1.000E-30  4.466E+01
      36      1     17      1     13      1      52     4.4709E+02  7.580E+10  1.000E-30  2.760E+01
      38      1     18      1      8      1      52     1.3534E+03  2.680E+11  4.031E-04  1.589E+01
      40      1     18      1     10      1      52     1.2800E+03  7.306E+10  1.000E-30  8.579E+00
      41      1     18      1     12      1      52     4.8226E+02  4.883E+10  1.640E-03  1.575E+01
      43      1     18      1     14      1      52     4.4493E+02  2.531E+10  1.000E-30  9.473E+00
      45      1     18      1     17      1      52     1.2770E+01  6.088E+05  1.853E-03  9.367E+00
      47      1     19      1      9      1      52     1.3234E+03  5.435E+11  1.146E-04  4.043E+01
      49      1     19      1     11      1      52     1.2793E+03  1.487E+10  1.000E-30  4.044E+00
      51      1     19      1     13      1      52     4.6860E+02  9.456E+10  7.770E-04  2.338E+01
      53      1     19      1     15      1      52     4.4910E+02  9.244E+09  1.000E-30  1.765E+00
      56      1     19      1     18      1      52     8.7378E+00  1.509E+05  3.826E-04  1.168E+01
      58      1     20      1     10      1      52     1.2912E+03  7.842E+11  2.981E-04  1.448E+01
      61      1     20      1     14      1      52     4.5609E+02  1.538E+11  3.042E-03  6.333E+00
      63      1     20      1     16      1      52     4.4915E+02  2.603E+09  1.000E-30  7.012E-01
      65      1     20      1     19      1      52     2.4178E+00  8.087E+02  2.701E-04  2.511E+00
      67      1     21      1     11      1      52     1.2829E+03  8.240E+11  4.773E-04  6.921E+00
      69      1     21      1     15      1      52     4.5271E+02  2.335E+11  7.465E-03  2.886E+00
      72      1     21      1     20      1      52     1.2002E+00  3.914E+01  1.911E-04  1.004E+00
      75      1     22      1     16      1      52     4.5135E+02  3.407E+11  1.522E-02  1.640E+00
      77      1     22      1     21      1      52     1.0028E+00  1.029E+01  1.316E-04  5.108E-01
      79      1     23      1     13      1      52     7.2854E+02  7.267E+10  1.000E-30  2.756E+01
      81      1     23      1     18      1      52     2.6868E+02  2.129E+10  1.000E-30  1.592E+01
      83      1     24      1     12      1      52     7.5883E+02  5.245E+10  7.157E-04  9.945E+00
      85      1     24      1     14      1      52     7.2151E+02  2.256E+10  1.000E-30  5.055E+00
      86      1     24      1     17      1      52     2.8935E+02  1.156E+10  2.864E-03  9.903E+00
      88      1     24      1     19      1      52     2.6784E+02  7.962E+09  1.000E-30  6.193E+00
      90      1     24      1     23      1      52     7.9016E+00  1.667E+05  3.475E-03  5.781E+00
      92      1     25      1     13      1      52     7.4204E+02  9.921E+10  1.928E-04  2.487E+01
      94      1     25      1     15      1      52     7.2254E+02  7.290E+09  1.000E-30  1.735E+00
      96      1     25      1     18      1      52     2.8218E+02  2.127E+10  1.408E-03  1.330E+01
      98      1     25      1     20      1      52     2.7102E+02  3.569E+09  1.000E-30  1.186E+00
     101      1     25      1     24      1      52     5.5989E+00  4.842E+04  7.456E-04  7.313E+00
     103      1     26      1     14      1      52     7.2843E+02  1.484E+11  6.330E-04  7.191E+00
     105      1     26      1     16      1      52     7.2149E+02  1.713E+09  1.000E-30  1.180E+00
     107      1     26      1     19      1      52     2.7476E+02  3.276E+10  5.307E-03  3.555E+00
     109      1     26      1     21      1      52     2.7114E+02  1.520E+09  1.000E-30  4.279E-01
     112      1     26      1     25      1      52     1.3194E+00  1.577E+02  5.115E-04  1.592E+00
     114      1     27      1     15      1      52     7.2446E+02  1.859E+11  1.215E-03  3.410E+00
     117      1     27      1     20      1      52     2.7295E+02  4.694E+10  1.235E-02  1.611E+00
     119      1     27      1     22      1      52     2.7075E+02  4.491E+08  1.000E-30  2.368E-01
     121      1     27      1     26      1      52     6.0740E-01  6.860E+00  4.091E-04  6.339E-01
     123      1     28      1     16      1      52     7.2273E+02  1.718E+11  1.495E-03  2.008E+00
     125      1     28      1     21      1      52     2.7238E+02  6.595E+10  2.434E-02  9.149E-01
     128      1     28      1     27      1      52     6.3240E-01  4.830E+00  3.926E-04  3.205E-01
     129      1     29      1     13      1      52     9.1039E+02  5.779E+10  1.000E-30  2.752E+01
     131      1     29      1     18      1      52     4.5053E+02  2.213E+10  1.000E-30  1.588E+01
     134      1     29      1     24      1      52     1.7396E+02  7.048E+09  1.000E-30  1.002E+01
     136      1     30      1     12      1      52     9.3797E+02  4.415E+10  4.736E-04  6.694E+00
     137      1     30      1     14      1      52     9.0065E+02  1.715E+10  1.000E-30  4.432E+00
     138      1     30      1     17      1      52     4.6848E+02  1.347E+10  1.169E-03  6.652E+00
     140      1     30      1     19      1      52     4.4698E+02  7.838E+09  1.000E-30  3.474E+00
     142      1     30      1     23      1      52     1.8704E+02  3.400E+09  4.669E-03  6.625E+00
     144      1     30      1     25      1      52     1.7354E+02  2.849E+09  1.000E-30  4.260E+00
     146      1     30      1     29      1      52     5.1810E+00  5.273E+04  6.021E-03  3.765E+00
     147      1     31      1     13      1      52     9.1941E+02  8.273E+10  8.173E-05  2.572E+01
     148      1     31      1     15      1      52     8.9991E+02  5.176E+09  1.000E-30  2.457E+00
     150      1     31      1     18      1      52     4.5956E+02  2.470E+10  3.552E-04  1.415E+01
     152      1     31      1     20      1      52     4.4840E+02  3.180E+09  1.000E-30  9.019E-01
     155      1     31      1     24      1      52     1.8298E+02  6.028E+09  2.368E-03  8.227E+00
     157      1     31      1     26      1      52     1.7606E+02  1.457E+09  1.000E-30  8.398E-01
     160      1     31      1     30      1      52     3.8407E+00  1.863E+04  1.322E-03  4.919E+00
     161      1     32      1     14      1      52     9.0519E+02  1.175E+11  2.452E-04  7.656E+00
     162      1     32      1     16      1      52     8.9825E+02  1.105E+09  1.000E-30  1.645E+00
     164      1     32      1     19      1      52     4.5152E+02  3.641E+10  1.166E-03  4.027E+00
     166      1     32      1     21      1      52     4.4790E+02  1.185E+09  1.000E-30  5.892E-01
     169      1     32      1     25      1      52     1.7808E+02  8.889E+09  8.645E-03  2.185E+00
     171      1     32      1     27      1      52     1.7615E+02  7.480E+08  1.000E-30  2.966E-01
     174      1     32      1     31      1      52     7.0280E-01  2.761E+01  8.781E-04  1.075E+00
     175      1     33      1     15      1      52     9.0089E+02  1.323E+11  4.116E-04  3.720E+00
     177      1     33      1     20      1      52     4.4938E+02  4.763E+10  2.334E-03  1.909E+00
     179      1     33      1     22      1      52     4.4717E+02  2.905E+08  1.000E-30  4.450E-01
     181      1     33      1     26      1      52     1.7704E+02  1.233E+10  1.971E-02  9.818E-01
     183      1     33      1     28      1      52     1.7580E+02  3.331E+08  1.000E-30  1.518E-01
     185      1     33      1     32      1      52     2.7490E-01  8.100E-01  7.707E-04  4.289E-01
     186      1     34      1     16      1      52     8.9895E+02  9.770E+10  3.998E-04  2.216E+00
     188      1     34      1     21      1      52     4.4860E+02  5.407E+10  3.527E-03  1.122E+00
     191      1     34      1     27      1      52     1.7685E+02  1.642E+10  3.746E-02  5.505E-01
     194      1     34      1     33      1      52     4.2420E-01  2.076E+00  8.238E-04  2.175E-01
     195      1     35      1     13      1      52     1.0346E+03  4.458E+10  1.000E-30  2.753E+01
     196      1     35      1     18      1      52     5.7478E+02  1.879E+10  1.000E-30  1.589E+01
     198      1     35      1     24      1      52     2.9820E+02  7.894E+09  1.000E-30  9.969E+00
     201      1     35      1     30      1      52     1.1906E+02  2.695E+09  1.000E-30  6.686E+00
     203      1     36      1     12      1      52     1.0606E+03  3.527E+10  3.687E-04  4.752E+00
     204      1     36      1     14      1      52     1.0233E+03  1.287E+10  1.000E-30  5.169E+00
     205      1     36      1     17      1      52     5.9109E+02  1.215E+10  7.404E-04  4.710E+00
     206      1     36      1     19      1      52     5.6958E+02  6.403E+09  1.000E-30  2.564E+00
     207      1     36      1     23      1      52     3.0964E+02  4.244E+09  1.814E-03  4.677E+00
     209      1     36      1     25      1      52     2.9614E+02  3.048E+09  1.000E-30  2.543E+00
     211      1     36      1     29      1      52     1.2779E+02  1.168E+09  7.218E-03  4.643E+00
     213      1     36      1     31      1      52     1.1877E+02  1.145E+09  1.000E-30  3.053E+00
     215      1     36      1     35      1      52     3.5433E+00  1.852E+04  9.690E-03  2.583E+00
     216      1     37      1     13      1      52     1.0410E+03  6.566E+10  4.380E-05  2.625E+01
     217      1     37      1     15      1      52     1.0215E+03  3.718E+09  1.000E-30  2.989E+00
     218      1     37      1     18      1      52     5.8110E+02  2.209E+10  1.516E-04  1.467E+01
     219      1     37      1     20      1      52     5.6995E+02  2.450E+09  1.000E-30  1.241E+00
     221      1     37      1     24      1      52     3.0452E+02  7.510E+09  6.005E-04  8.752E+00
     223      1     37      1     26      1      52     2.9760E+02  1.422E+09  1.000E-30  5.518E-01
     226      1     37      1     30      1      52     1.2539E+02  2.029E+09  3.730E-03  5.469E+00
     228      1     37      1     32      1      52     1.2084E+02  6.389E+08  1.000E-30  6.204E-01
     231      1     37      1     36      1      52     2.7803E+00  8.310E+03  2.212E-03  3.461E+00
     232      1     38      1     14      1      52     1.0264E+03  8.991E+10  1.244E-04  7.925E+00
     233      1     38      1     16      1      52     1.0194E+03  7.438E+08  1.000E-30  1.939E+00
     234      1     38      1     19      1      52     5.7269E+02  3.165E+10  4.622E-04  4.321E+00
     235      1     38      1     21      1      52     5.6908E+02  8.407E+08  1.000E-30  8.526E-01
     237      1     38      1     25      1      52     2.9925E+02  1.091E+10  1.955E-03  2.473E+00
     239      1     38      1     27      1      52     2.9733E+02  6.576E+08  1.000E-30  3.242E-01
     242      1     38      1     31      1      52     1.2188E+02  2.872E+09  1.332E-02  1.439E+00
     244      1     38      1     33      1      52     1.2090E+02  3.665E+08  1.000E-30  2.238E-01
     247      1     38      1     37      1      52     3.3030E-01  3.334E+00  1.439E-03  7.634E-01
     248      1     39      1     15      1      52     1.0219E+03  9.455E+10  1.921E-04  3.905E+00
     249      1     39      1     20      1      52     5.7035E+02  3.869E+10  8.440E-04  2.094E+00
     250      1     39      1     22      1      52     5.6815E+02  1.845E+08  1.000E-30  6.235E-01
     252      1     39      1     26      1      52     2.9801E+02  1.432E+10  3.965E-03  1.160E+00
     254      1     39      1     28      1      52     2.9677E+02  2.541E+08  1.000E-30  2.482E-01
     256      1     39      1     32      1      52     1.2125E+02  3.833E+09  2.950E-02  6.439E-01
     258      1     39      1     34      1      52     1.2055E+02  1.958E+08  1.000E-30  1.107E-01
     260      1     39      1     38      1      52     7.3900E-02  1.885E-02  1.635E-03  2.421E-01
     261      1     40      1     16      1      52     1.0198E+03  6.157E+10  1.628E-04  2.349E+00
     262      1     40      1     21      1      52     5.6945E+02  3.874E+10  1.107E-03  1.249E+00
     264      1     40      1     27      1      52     2.9770E+02  1.719E+10  6.390E-03  6.780E-01
     267      1     40      1     33      1      52     1.2127E+02  4.986E+09  5.503E-02  3.611E-01
     270      1     40      1     39      1      52     2.9800E-01  9.170E-01  1.444E-03  1.577E-01
     271      1     41      1     13      1      52     1.1233E+03  3.441E+10  1.000E-30  2.754E+01
     272      1     41      1     18      1      52     6.6340E+02  1.525E+10  1.000E-30  1.590E+01
     273      1     41      1     24      1      52     3.8682E+02  7.027E+09  1.000E-30  9.979E+00
     275      1     41      1     30      1      52     2.0768E+02  3.158E+09  1.000E-30  6.696E+00
     278      1     41      1     36      1      52     8.5076E+01  1.137E+09  1.000E-30  4.707E+00
     280      1     42      1     12      1      52     1.1482E+03  2.783E+10  3.113E-04  3.500E+00
     281      1     42      1     14      1      52     1.1108E+03  9.752E+09  1.000E-30  5.954E+00
     282      1     42      1     17      1      52     6.7867E+02  1.022E+10  5.605E-04  3.458E+00
     283      1     42      1     19      1      52     6.5716E+02  5.061E+09  1.000E-30  2.696E+00
     284      1     42      1     23      1      52     3.9722E+02  4.020E+09  1.109E-03  3.432E+00
     285      1     42      1     25      1      52     3.8372E+02  2.636E+09  1.000E-30  1.752E+00
     286      1     42      1     29      1      52     2.1536E+02  1.546E+09  2.698E-03  3.410E+00
     288      1     42      1     31      1      52     2.0634E+02  1.299E+09  1.000E-30  1.929E+00
     290      1     42      1     35      1      52     9.1119E+01  4.549E+08  1.068E-02  3.388E+00
     292      1     42      1     37      1      52     8.4795E+01  5.042E+08  1.000E-30  2.266E+00
     294      1     42      1     41      1      52     2.4992E+00  7.049E+03  1.437E-02  1.902E+00
     295      1     43      1     13      1      52     1.1279E+03  5.154E+10  2.663E-05  2.664E+01
     296      1     43      1     15      1      52     1.1084E+03  2.732E+09  1.000E-30  3.351E+00
     297      1     43      1     18      1      52     6.6800E+02  1.849E+10  8.166E-05  1.500E+01
     298      1     43      1     20      1      52     6.5684E+02  1.859E+09  1.000E-30  1.559E+00
     299      1     43      1     24      1      52     3.9142E+02  7.101E+09  2.575E-04  9.083E+00
     300      1     43      1     26      1      52     3.8450E+02  1.167E+09  1.000E-30  6.895E-01
     302      1     43      1     30      1      52     2.1228E+02  2.655E+09  9.480E-04  5.787E+00
     304      1     43      1     32      1      52     2.0774E+02  6.680E+08  1.000E-30  3.891E-01
     307      1     43      1     36      1      52     8.9678E+01  7.745E+08  5.613E-03  3.811E+00
     309      1     43      1     38      1      52     8.6568E+01  2.996E+08  1.000E-30  4.749E-01
     312      1     43      1     42      1      52     2.1031E+00  4.163E+03  3.507E-03  2.530E+00
     313      1     44      1     15      1      52     1.1084E+03  6.958E+10  1.073E-04  4.030E+00
     314      1     44      1     20      1      52     6.5688E+02  3.031E+10  4.093E-04  2.213E+00
     315      1     44      1     22      1      52     6.5468E+02  1.236E+08  1.000E-30  7.428E-01
     316      1     44      1     26      1      52     3.8454E+02  1.273E+10  1.477E-03  1.285E+00
     317      1     44      1     28      1      52     3.8330E+02  1.791E+08  1.000E-30  3.605E-01
     319      1     44      1     32      1      52     2.0778E+02  4.926E+09  6.144E-03  7.638E-01
     321      1     44      1     34      1      52     2.0708E+02  1.688E+08  1.000E-30  1.532E-01
     323      1     44      1     38      1      52     8.6605E+01  1.373E+09  4.233E-02  4.486E-01
     325      1     44      1     40      1      52     8.6233E+01  1.099E+08  1.000E-30  8.919E-02
     327      1     45      1     14      1      52     1.1130E+03  6.907E+10  7.305E-05  8.127E+00
     328      1     45      1     16      1      52     1.1061E+03  5.208E+08  1.000E-30  2.135E+00
     329      1     45      1     19      1      52     6.5935E+02  2.594E+10  2.378E-04  4.510E+00
     330      1     45      1     21      1      52     6.5574E+02  6.079E+08  1.000E-30  1.042E+00
     331      1     45      1     25      1      52     3.8591E+02  1.012E+10  7.845E-04  2.662E+00
     332      1     45      1     27      1      52     3.8399E+02  5.044E+08  1.000E-30  4.796E-01
     334      1     45      1     31      1      52     2.0854E+02  3.777E+09  3.053E-03  1.622E+00
     336      1     45      1     33      1      52     2.0756E+02  3.537E+08  1.000E-30  2.030E-01
     339      1     45      1     37      1      52     8.6990E+01  1.058E+09  1.952E-02  1.004E+00
     341      1     45      1     39      1      52     8.6586E+01  1.855E+08  1.000E-30  1.771E-01
     344      1     45      1     43      1      52     9.2200E-02  8.228E-02  3.362E-03  3.713E-01
     345      1     45      1     44      1      52     5.4600E-02  1.143E-02  1.000E-30  1.059E-01
     346      1     46      1     16      1      52     1.1062E+03  4.145E+10  8.280E-05  2.436E+00
     347      1     46      1     21      1      52     6.5590E+02  2.796E+10  4.887E-04  1.336E+00
     348      1     46      1     27      1      52     3.8415E+02  1.424E+10  2.164E-03  7.665E-01
     350      1     46      1     33      1      52     2.0772E+02  6.049E+09  1.015E-02  4.444E-01
     353      1     46      1     39      1      52     8.6749E+01  1.736E+09  7.662E-02  2.531E-01
     355      1     46      1     44      1      52     2.1720E-01  4.266E-01  2.246E-03  1.224E-01
     357      1     48      1     47      1      52     3.1750E+02  1.272E+09  7.038E-05  1.840E+02
     358      1     49      1     48      1      52     3.6284E+02  6.896E+09  3.870E-06  2.763E+02
     359      1     51      1     50      1      52     7.7750E-01  1.808E+01  3.294E-05  1.384E+02
     360      1     52      1     51      1      52     6.6689E+02  1.070E+11  1.000E-30  4.204E+02
     361      1     54      1     53      1      52     3.0082E+01  6.410E+06  1.000E-30  1.845E+02
     362      1     55      1     53      1      52     1.0120E+02  1.322E+08  9.356E-05  8.075E+01
     363      1     56      1     54      1      52     1.0442E+02  1.483E+08  1.038E-04  7.434E+01
     364      1     56      1     55      1      52     3.3297E+01  8.632E+06  1.000E-30  1.922E+02
     365      1     57      1     55      1      52     9.2670E+01  7.386E+07  1.653E-05  1.109E+02
     367      1     58      1     56      1      52     9.3608E+01  7.653E+07  1.732E-05  1.064E+02
     368      1     58      1     57      1      52     3.4235E+01  9.369E+06  1.000E-30  1.948E+02
     369      1     61      1     60      1      53     7.7081E+01  5.129E+06  6.878E-12  6.959E-03
     370      1     62      1     60      1      53     8.3045E+01  7.715E+06  1.000E-30  7.497E-03
     373      1     63      1     61      1      53     8.0094E+00  1.337E+01  1.000E-30  7.410E-04
     375      1     64      1     60      1      53     4.6515E+02  8.937E+09  4.432E-02  4.211E-02
     378      1     65      1     60      1      53     5.0090E+02  3.623E+09  2.720E-12  4.530E-02
     380      1     65      1     63      1      53     4.1581E+02  3.867E+09  9.614E-02  3.765E-02
     381      1     67      1     66      1      53     9.2071E+01  8.870E+07  1.175E-04  5.729E+01
     383      1     68      1     67      1      53     2.1266E+02  1.162E+09  2.240E-05  3.996E+01
     385      1     69      1     67      1      53     2.3259E+02  8.956E+08  1.000E-30  2.162E+01
     386      1     71      1     70      1      53     1.8245E+01  5.892E+05  4.485E-04  1.282E+01
     388      1     72      1     71      1      53     7.1086E+01  1.051E+08  1.692E-04  3.416E+01
     390      1     73      1     72      1      53     1.1156E+02  4.041E+08  3.425E-04  1.007E+01
     392      1     74      1     71      1      53     8.8734E+02  4.241E+11  1.000E-30  4.808E+01
     393      1     75      1     70      1      53     9.0769E+02  3.031E+11  8.112E-04  2.963E+01
     395      1     75      1     72      1      53     8.1835E+02  8.862E+10  1.000E-30  1.674E+01
     396      1     75      1     74      1      53     2.1014E+00  1.241E+03  1.675E-03  4.740E+00
     398      1     76      1     71      1      53     9.4411E+02  8.173E+11  4.733E-04  4.053E+01
     400      1     76      1     73      1      53     7.6146E+02  1.566E+10  1.000E-30  3.173E+00
     402      1     76      1     75      1      53     5.4666E+01  9.776E+07  5.209E-04  2.270E+01
     404      1     77      1     72      1      53     9.7713E+02  1.802E+12  1.651E-03  1.388E+01
     407      1     77      1     76      1      53     1.0411E+02  1.088E+09  2.204E-03  5.197E+00
     409      1     78      1     73      1      53     1.0763E+03  4.468E+12  4.753E-03  6.414E+00
     411      1     78      1     77      1      53     2.1071E+02  7.920E+09  3.395E-03  2.120E+00
     412      1     79      1     70      1      53     1.3871E+03  2.935E+11  3.631E-04  1.794E+01
     414      1     79      1     72      1      53     1.2978E+03  7.331E+10  1.000E-30  9.350E+00
     415      1     79      1     74      1      53     4.8154E+02  4.893E+10  1.527E-03  1.703E+01
     417      1     79      1     76      1      53     4.2478E+02  1.993E+10  1.000E-30  1.024E+01
     420      1     80      1     71      1      53     1.3753E+03  3.461E+11  1.000E-30  4.806E+01
     422      1     80      1     75      1      53     4.8588E+02  9.825E+10  1.000E-30  2.966E+01
     424      1     80      1     79      1      53     6.4349E+00  1.267E+05  1.000E-30  1.648E+01
     426      1     81      1     71      1      53     1.4208E+03  6.964E+11  1.097E-04  4.371E+01
     428      1     81      1     73      1      53     1.2382E+03  1.260E+10  1.000E-30  4.350E+00
     430      1     81      1     75      1      53     5.3137E+02  1.521E+11  7.937E-04  2.524E+01
     432      1     81      1     77      1      53     3.7259E+02  4.235E+09  1.000E-30  1.914E+00
     434      1     81      1     79      1      53     5.1923E+01  1.743E+08  1.891E-03  1.303E+01
     438      1     82      1     76      1      53     5.7966E+02  3.843E+11  3.420E-03  6.862E+00
     440      1     82      1     78      1      53     2.6484E+02  3.039E+08  1.000E-30  7.546E-01
     442      1     82      1     81      1      53     1.0296E+02  2.495E+09  9.135E-03  3.006E+00
     443      1     83      1     74      1      53     7.7070E+02  5.537E+10  6.499E-04  1.104E+01
     445      1     83      1     76      1      53     7.1393E+02  2.051E+10  1.000E-30  5.479E+00
     447      1     83      1     80      1      53     2.8272E+02  1.060E+10  2.611E-03  1.067E+01
     448      1     83      1     81      1      53     2.3723E+02  4.644E+09  1.000E-30  6.698E+00
     451      1     84      1     75      1      53     7.7945E+02  8.899E+10  1.000E-30  2.962E+01
     452      1     84      1     79      1      53     3.0001E+02  3.054E+10  1.000E-30  1.708E+01
     455      1     84      1     83      1      53     1.0851E+01  8.903E+05  1.000E-30  1.122E+01
     457      1     85      1     75      1      53     8.2063E+02  1.443E+11  1.924E-04  2.680E+01
     459      1     85      1     77      1      53     6.6185E+02  4.962E+09  1.000E-30  1.865E+00
     460      1     85      1     79      1      53     3.4119E+02  4.419E+10  1.536E-03  1.433E+01
     463      1     85      1     82      1      53     1.8630E+02  7.704E+08  1.000E-30  1.273E+00
     464      1     85      1     83      1      53     5.2031E+01  3.345E+08  5.803E-03  8.151E+00
     467      1     86      1     77      1      53     6.7729E+02  1.116E+12  9.798E-03  3.150E+00
     470      1     86      1     82      1      53     2.0174E+02  2.020E+10  1.746E-02  1.224E+00
     473      1     87      1     78      1      53     5.1236E+02  5.461E+11  1.520E-02  1.800E+00
     475      1     87      1     86      1      53     4.5782E+01  4.289E+07  4.767E-03  6.205E-01
     477      1     88      1     76      1      53     8.6948E+02  2.900E+11  6.721E-04  7.786E+00
     479      1     88      1     78      1      53     5.5466E+02  5.802E+08  1.000E-30  1.282E+00
     481      1     88      1     81      1      53     3.9278E+02  1.307E+11  6.677E-03  3.866E+00
     484      1     88      1     85      1      53     1.0351E+02  5.013E+09  2.939E-02  1.901E+00
     485      1     88      1     86      1      53     8.8076E+01  2.413E+07  1.000E-30  4.530E-01
     487      1     89      1     74      1      53     9.5869E+02  4.763E+10  4.114E-04  7.786E+00
     488      1     89      1     76      1      53     9.0192E+02  1.640E+10  1.000E-30  4.818E+00
     490      1     89      1     80      1      53     4.7071E+02  1.367E+10  1.066E-03  7.293E+00
     491      1     89      1     81      1      53     4.2522E+02  6.109E+09  1.000E-30  3.756E+00
     494      1     89      1     84      1      53     1.7714E+02  2.757E+09  4.135E-03  7.137E+00
     495      1     89      1     85      1      53     1.3596E+02  1.022E+09  1.000E-30  4.584E+00
     497      1     90      1     75      1      53     9.7022E+02  6.980E+10  1.000E-30  2.964E+01
     498      1     90      1     79      1      53     4.9078E+02  2.910E+10  1.000E-30  1.710E+01
     501      1     90      1     83      1      53     2.0163E+02  1.179E+10  1.000E-30  1.073E+01
     504      1     90      1     89      1      53     1.3639E+01  1.521E+06  1.000E-30  3.855E+00
     505      1     91      1     75      1      53     1.0099E+03  1.165E+11  8.058E-05  2.772E+01
     506      1     91      1     77      1      53     8.5110E+02  3.995E+09  1.000E-30  2.646E+00
     507      1     91      1     79      1      53     5.3043E+02  4.244E+10  3.685E-04  1.525E+01
     510      1     91      1     82      1      53     3.7555E+02  1.509E+09  1.000E-30  9.576E-01
     511      1     91      1     83      1      53     2.4127E+02  1.773E+10  2.817E-03  8.874E+00
     515      1     91      1     88      1      53     8.5729E+01  7.897E+07  1.000E-30  9.070E-01
     516      1     91      1     89      1      53     5.3287E+01  6.371E+08  1.573E-02  5.411E+00
     518      1     92      1     74      1      53     1.0879E+03  3.855E+10  2.942E-04  6.030E+00
     519      1     92      1     76      1      53     1.0312E+03  1.261E+10  1.000E-30  5.606E+00
     520      1     92      1     80      1      53     5.9995E+02  1.276E+10  6.603E-04  5.307E+00
     521      1     92      1     81      1      53     5.5446E+02  5.473E+09  1.000E-30  2.788E+00
     523      1     92      1     84      1      53     3.0638E+02  4.032E+09  1.636E-03  5.087E+00
     524      1     92      1     85      1      53     2.6520E+02  1.861E+09  1.000E-30  2.745E+00
     527      1     92      1     90      1      53     1.1560E+02  7.894E+08  6.118E-03  4.994E+00
     528      1     92      1     91      1      53     7.5952E+01  1.822E+08  1.000E-30  3.280E+00
     529      1     93      1     75      1      53     1.1014E+03  5.366E+10  1.000E-30  2.965E+01
     530      1     93      1     79      1      53     6.2192E+02  2.420E+10  1.000E-30  1.711E+01
     531      1     93      1     83      1      53     3.3276E+02  1.143E+10  1.000E-30  1.074E+01
     534      1     93      1     89      1      53     1.4478E+02  5.425E+09  1.000E-30  7.201E+00
     537      1     93      1     92      1      53     1.5538E+01  6.364E+06  1.000E-30  5.230E+00
     538      1     94      1     76      1      53     1.0597E+03  2.123E+11  2.542E-04  8.317E+00
     539      1     94      1     78      1      53     7.4491E+02  5.053E+08  1.000E-30  1.780E+00
     541      1     94      1     81      1      53     5.8303E+02  9.719E+10  1.332E-03  4.371E+00
     544      1     94      1     85      1      53     2.9377E+02  6.309E+10  1.262E-02  2.380E+00
     545      1     94      1     86      1      53     2.7833E+02  1.706E+08  1.000E-30  6.241E-01
     549      1     94      1     91      1      53     1.0453E+02  8.763E+09  7.898E-02  1.281E+00
     552      1     95      1     77      1      53     9.6122E+02  5.545E+11  1.423E-03  3.720E+00
     555      1     95      1     82      1      53     4.8567E+02  4.492E+11  1.937E-02  1.763E+00
     558      1     95      1     87      1      53     2.3815E+02  2.595E+08  1.000E-30  2.652E-01
     559      1     95      1     88      1      53     1.9586E+02  3.739E+10  5.786E-02  7.892E-01
     561      1     95      1     94      1      53     5.5996E+00  6.127E+03  9.174E-04  3.211E-01
     562      1     96      1     75      1      53     1.1409E+03  9.138E+10  4.293E-05  2.831E+01
     563      1     96      1     77      1      53     9.8211E+02  3.066E+09  1.000E-30  3.223E+00
     564      1     96      1     79      1      53     6.6145E+02  3.586E+10  1.552E-04  1.577E+01
     565      1     96      1     82      1      53     5.0657E+02  1.478E+09  1.000E-30  1.323E+00
     566      1     96      1     83      1      53     3.7229E+02  1.621E+10  6.605E-04  9.400E+00
     569      1     96      1     88      1      53     2.1675E+02  3.857E+08  1.000E-30  5.916E-01
     570      1     96      1     89      1      53     1.8430E+02  9.211E+09  4.957E-03  5.892E+00
     573      1     96      1     92      1      53     5.5065E+01  1.158E+09  3.818E-02  3.786E+00
     575      1     96      1     94      1      53     2.6491E+01  1.385E+06  1.000E-30  6.733E-01
     578      1     97      1     78      1      53     7.9354E+02  2.399E+11  1.444E-03  2.193E+00
     580      1     97      1     86      1      53     3.2696E+02  1.314E+11  2.590E-02  9.925E-01
     584      1     97      1     95      1      53     4.3029E+01  9.667E+07  2.054E-02  4.002E-01
     585      1     98      1     74      1      53     1.1808E+03  3.072E+10  2.180E-04  5.073E+00
     586      1     98      1     76      1      53     1.1240E+03  9.709E+09  1.000E-30  6.457E+00
     587      1     98      1     80      1      53     6.9278E+02  1.097E+10  4.752E-04  4.113E+00
     588      1     98      1     81      1      53     6.4729E+02  4.536E+09  1.000E-30  2.927E+00
     589      1     98      1     84      1      53     3.9921E+02  4.058E+09  9.948E-04  3.803E+00
     590      1     98      1     85      1      53     3.5803E+02  1.900E+09  1.000E-30  1.898E+00
     592      1     98      1     90      1      53     2.0843E+02  1.344E+09  2.384E-03  3.698E+00
     593      1     98      1     91      1      53     1.6878E+02  5.531E+08  1.000E-30  2.080E+00
     595      1     98      1     93      1      53     7.7294E+01  2.381E+08  8.509E-03  3.636E+00
     597      1     98      1     96      1      53     3.7767E+01  1.879E+07  1.000E-30  2.429E+00
     598      1     99      1     75      1      53     1.1956E+03  4.149E+10  1.000E-30  2.966E+01
     599      1     99      1     79      1      53     7.1611E+02  1.942E+10  1.000E-30  1.712E+01
     600      1     99      1     83      1      53     4.2696E+02  9.773E+09  1.000E-30  1.075E+01
     601      1     99      1     89      1      53     2.3897E+02  5.175E+09  1.000E-30  7.212E+00
     604      1     99      1     92      1      53     1.0973E+02  2.900E+09  1.000E-30  5.049E+00
     607      1     99      1     98      1      53     1.6897E+01  1.685E+07  1.000E-30  3.870E+00
     608      1    100      1     75      1      53     1.2357E+03  7.155E+10  2.609E-05  2.871E+01
     609      1    100      1     77      1      53     1.0769E+03  2.351E+09  1.000E-30  3.612E+00
     610      1    100      1     79      1      53     7.5626E+02  2.935E+10  8.290E-05  1.617E+01
     611      1    100      1     82      1      53     6.0138E+02  1.266E+09  1.000E-30  1.668E+00
     612      1    100      1     83      1      53     4.6710E+02  1.395E+10  2.760E-04  9.795E+00
     613      1    100      1     88      1      53     3.1156E+02  4.847E+08  1.000E-30  7.390E-01
     614      1    100      1     89      1      53     2.7912E+02  7.694E+09  1.122E-03  6.236E+00
     617      1    100      1     92      1      53     1.4988E+02  5.862E+09  8.484E-03  4.105E+00
     619      1    100      1     94      1      53     1.2130E+02  7.481E+07  1.000E-30  4.164E-01
     621      1    100      1     98      1      53     5.7044E+01  1.950E+09  8.418E-02  2.760E+00
     623      1    101      1     76      1      53     1.1918E+03  1.572E+11  1.282E-04  8.587E+00
     624      1    101      1     78      1      53     8.7698E+02  3.942E+08  1.000E-30  2.101E+00
     625      1    101      1     81      1      53     7.1510E+02  7.381E+10  5.109E-04  4.686E+00
     627      1    101      1     85      1      53     4.2583E+02  4.286E+10  2.453E-03  2.688E+00
     628      1    101      1     86      1      53     4.1039E+02  2.200E+08  1.000E-30  9.068E-01
     631      1    101      1     91      1      53     2.3659E+02  3.858E+10  2.272E-02  1.570E+00
     634      1    101      1     95      1      53     1.2646E+02  2.609E+07  1.000E-30  3.478E-01
     635      1    101      1     96      1      53     1.0557E+02  1.342E+10  1.857E-01  9.127E-01
     638      1    101      1    100      1      53     1.0760E+01  5.717E+04  1.073E-03  5.074E-01
     639      1    102      1     77      1      53     1.1469E+03  3.350E+11  4.642E-04  4.051E+00
     641      1    102      1     82      1      53     6.7131E+02  2.276E+11  3.062E-03  2.087E+00
     644      1    102      1     87      1      53     4.2378E+02  2.261E+08  1.000E-30  4.873E-01
     645      1    102      1     88      1      53     3.8149E+02  2.414E+11  3.537E-02  1.095E+00
     647      1    102      1     94      1      53     1.9123E+02  5.655E+10  1.525E-01  5.432E-01
     650      1    102      1     97      1      53     1.4260E+02  1.385E+08  1.000E-30  1.744E-01
     652      1    102      1    101      1      53     5.9168E+01  8.785E+06  1.419E-03  2.536E-01
     653      1    103      1     76      1      53     1.2875E+03  1.192E+11  7.473E-05  8.855E+00
     654      1    103      1     78      1      53     9.7272E+02  3.024E+08  1.000E-30  2.311E+00
     655      1    103      1     81      1      53     8.1083E+02  5.710E+10  2.593E-04  4.896E+00
     656      1    103      1     85      1      53     5.2157E+02  3.256E+10  9.413E-04  2.892E+00
     657      1    103      1     86      1      53     5.0613E+02  2.079E+08  1.000E-30  1.111E+00
     659      1    103      1     91      1      53     3.3233E+02  2.345E+10  4.287E-03  1.774E+00
     662      1    103      1     95      1      53     2.2220E+02  5.669E+07  1.000E-30  5.163E-01
     663      1    103      1     96      1      53     2.0131E+02  2.841E+10  3.980E-02  1.097E+00
     665      1    103      1    100      1      53     1.0650E+02  1.807E+10  3.967E-01  6.747E-01
     667      1    103      1    102      1      53     3.6571E+01  8.193E+05  1.000E-30  2.193E-01
     668      1    104      1     78      1      53     9.7661E+02  1.310E+11  3.828E-04  2.420E+00
     670      1    104      1     86      1      53     5.1003E+02  8.695E+10  3.573E-03  1.213E+00
     674      1    104      1     95      1      53     2.2610E+02  4.204E+10  4.153E-02  6.116E-01
     677      1    104      1    102      1      53     4.0464E+01  1.524E+08  5.892E-02  2.774E-01
     679      1    105      1     77      1      53     1.2750E+03  2.207E+11  2.122E-04  4.250E+00
     680      1    105      1     82      1      53     7.9944E+02  1.441E+11  1.046E-03  2.287E+00
     682      1    105      1     87      1      53     5.5191E+02  1.589E+08  1.000E-30  6.803E-01
     683      1    105      1     88      1      53     5.0962E+02  1.171E+11  5.873E-03  1.288E+00
     685      1    105      1     94      1      53     3.1936E+02  1.557E+11  6.057E-02  7.266E-01
     688      1    105      1     97      1      53     2.7073E+02  1.701E+08  1.000E-30  2.776E-01
     690      1    105      1    101      1      53     1.8730E+02  7.342E+10  3.421E-01  3.985E-01
     692      1    105      1    103      1      53     9.1560E+01  1.417E+07  7.583E-04  2.064E-01
     693      1    105      1    104      1      53     8.7667E+01  5.273E+07  1.000E-30  1.312E-01
     694      1    106      1     78      1      53     1.1024E+03  8.082E+10  1.553E-04  2.560E+00
     695      1    106      1     86      1      53     6.3583E+02  5.794E+10  1.099E-03  1.353E+00
     698      1    106      1     95      1      53     3.5190E+02  3.230E+10  6.568E-03  7.508E-01
     701      1    106      1    102      1      53     1.6626E+02  1.671E+10  6.415E-02  4.070E-01
     704      1    106      1    105      1      53     3.8133E+01  1.987E+08  1.366E-01  2.059E-01
     705      1    107      1     77      1      53     1.3672E+03  1.543E+11  1.166E-04  4.385E+00
     706      1    107      1     82      1      53     8.9170E+02  9.905E+10  4.888E-04  2.421E+00
     707      1    107      1     87      1      53     6.4417E+02  1.123E+08  1.000E-30  8.131E-01
     708      1    107      1     88      1      53     6.0188E+02  7.365E+10  2.017E-03  1.422E+00
     710      1    107      1     94      1      53     4.1162E+02  7.199E+10  1.031E-02  8.607E-01
     712      1    107      1     97      1      53     3.6299E+02  1.389E+08  1.000E-30  4.008E-01
     714      1    107      1    101      1      53     2.7956E+02  1.159E+11  9.793E-02  5.211E-01
     716      1    107      1    103      1      53     1.8382E+02  8.410E+10  6.753E-01  3.110E-01
     717      1    107      1    104      1      53     1.7993E+02  9.275E+07  1.000E-30  1.782E-01
     719      1    107      1    106      1      53     5.4126E+01  1.649E+07  1.000E-30  1.101E-01
     720      1    108      1     78      1      53     1.1926E+03  5.385E+10  7.905E-05  2.646E+00
     721      1    108      1     86      1      53     7.2599E+02  4.044E+10  4.817E-04  1.446E+00
     723      1    108      1     95      1      53     4.4206E+02  2.385E+10  2.177E-03  8.373E-01
     725      1    108      1    102      1      53     2.5642E+02  1.351E+10  1.080E-02  4.960E-01
     728      1    108      1    105      1      53     1.2829E+02  7.782E+09  9.375E-02  2.911E-01
     730      1    108      1    107      1      53     3.6034E+01  2.303E+08  2.666E-01  1.644E-01
     731      1    110      1    109      1      53     1.0325E+02  2.409E+08  1.000E-30  3.596E+02
     732      1    111      1    109      1      53     6.2828E+02  6.104E+10  4.529E-06  4.026E+02
     733      1    114      1    113      1      54     7.1415E+00  7.350E+02  1.000E-30  6.617E-04
     735      1    115      1    114      1      54     4.2027E+02  5.624E+09  6.451E-02  3.800E-02
     736      1    117      1    116      1      54     8.2284E+01  2.793E+07  7.683E-01  7.521E-03
     737      1    118      1    117      1      54     6.5579E+01  1.724E+07  1.220E-05  9.900E+01
     739      1    120      1    119      1      54     2.7707E+01  6.335E+05  2.311E+00  2.846E-03
     740      1    121      1    120      1      54     3.4184E+01  5.434E+06  7.617E-05  3.528E+01
     743      1    122      1    121      1      54     1.1729E+01  4.750E+04  3.474E-05  1.004E+01
     745      1    124      1    119      1      54     9.4819E+02  3.620E+11  8.034E-04  3.135E+01
     746      1    124      1    121      1      54     8.8629E+02  1.154E+11  1.000E-30  1.769E+01
     747      1    123      1    120      1      54     9.0352E+02  4.214E+11  1.000E-30  5.149E+01
     749      1    124      1    123      1      54     1.6956E+01  5.483E+05  6.307E-01  1.248E-02
     750      1    125      1    120      1      54     9.3511E+02  7.652E+11  4.297E-04  4.301E+01
     753      1    125      1    122      1      54     8.8920E+02  2.813E+10  1.000E-30  3.424E+00
     754      1    125      1    124      1      54     1.4632E+01  4.994E+05  1.410E-04  2.233E+01
     757      1    126      1    121      1      54     9.0719E+02  1.290E+12  1.367E-03  1.500E+01
     759      1    126      1    125      1      54     6.2624E+00  1.375E+04  1.283E-04  5.173E+00
     761      1    127      1    122      1      54     9.0472E+02  2.145E+12  3.583E-03  6.870E+00
     763      1    127      1    126      1      54     9.2648E+00  1.648E+04  8.618E-05  2.037E+00
     765      1    129      1    121      1      54     1.3816E+03  8.952E+10  1.000E-30  9.981E+00
     767      1    129      1    123      1      54     5.1224E+02  6.299E+10  1.536E-03  1.811E+01
     768      1    129      1    125      1      54     4.8065E+02  3.102E+10  1.000E-30  1.082E+01
     770      1    128      1    120      1      54     1.4063E+03  3.531E+11  1.000E-30  5.138E+01
     772      1    128      1    124      1      54     4.8585E+02  9.054E+10  1.000E-30  3.178E+01
     775      1    129      1    128      1      54     9.4325E+00  9.869E+04  9.335E-01  9.798E-03
     777      1    130      1    120      1      54     1.4246E+03  4.516E+11  8.467E-04  3.647E+00
     779      1    130      1    122      1      54     1.3787E+03  1.872E+10  1.000E-30  4.683E+00
     780      1    130      1    124      1      54     5.0408E+02  1.199E+11  6.888E-04  2.686E+01
     783      1    130      1    126      1      54     4.8319E+02  1.155E+10  1.000E-30  2.062E+00
     785      1    130      1    129      1      54     8.7978E+00  1.432E+05  3.204E-04  1.296E+01
     788      1    131      1    121      1      54     1.3942E+03  9.886E+11  2.556E-04  1.691E+01
     790      1    131      1    125      1      54     4.9329E+02  1.948E+11  2.605E-03  7.404E+00
     791      1    131      1    127      1      54     4.7777E+02  3.107E+09  1.000E-30  8.120E-01
     793      1    131      1    130      1      54     3.8408E+00  4.714E+03  3.284E-04  3.003E+00
     795      1    132      1    122      1      54     1.3904E+03  1.052E+12  4.105E-04  8.067E+00
     797      1    132      1    126      1      54     4.9497E+02  3.071E+11  6.435E-03  3.365E+00
     799      1    132      1    131      1      54     7.9348E+00  1.916E+04  2.747E-04  1.183E+00
     800      1    133      1    127      1      54     4.8686E+02  4.289E+11  1.306E-02  1.911E+00
     801      1    133      1    132      1      54     1.1594E+00  1.703E+01  1.209E-04  5.954E-01
     802      1    134      1    124      1      54     7.8763E+02  8.641E+10  1.000E-30  3.170E+01
     804      1    134      1    129      1      54     2.9235E+02  2.542E+10  1.000E-30  1.834E+01
     808      1    135      1    123      1      54     8.1021E+02  6.728E+10  6.529E-04  1.149E+01
     809      1    135      1    125      1      54     7.7862E+02  2.770E+10  1.000E-30  1.003E+01
     811      1    135      1    128      1      54     3.0740E+02  1.491E+10  2.680E-03  1.138E+01
     812      1    135      1    130      1      54     2.8917E+02  9.730E+09  1.000E-30  5.783E+00
     814      1    135      1    134      1      54     5.6221E+00  4.379E+04  4.829E-03  3.039E+00
     815      1    136      1    124      1      54     7.9909E+02  1.253E+11  1.531E-04  3.169E+01
     818      1    136      1    126      1      54     7.7820E+02  9.152E+09  1.000E-30  4.990E+00
     819      1    136      1    129      1      54     3.0380E+02  2.710E+10  1.043E-03  1.831E+01
     822      1    136      1    131      1      54     2.9116E+02  4.431E+09  1.000E-30  2.880E+00
     825      1    136      1    135      1      54     5.8334E+00  5.246E+04  6.361E-04  8.211E+00
     827      1    137      1    125      1      54     7.8707E+02  1.877E+11  4.546E-04  1.003E+01
     828      1    137      1    127      1      54     7.7154E+02  2.095E+09  1.000E-30  3.020E+00
     830      1    137      1    130      1      54     2.9761E+02  4.193E+10  3.261E-03  5.800E+00
     831      1    137      1    132      1      54     2.8584E+02  1.748E+09  1.000E-30  1.738E+00
     833      1    137      1    136      1      54     2.6080E+00  1.955E+03  6.949E-04  1.881E+00
     835      1    138      1    126      1      54     7.8806E+02  2.419E+11  8.386E-04  4.994E+00
     837      1    138      1    131      1      54     3.0103E+02  6.519E+10  7.091E-03  2.883E+00
     838      1    138      1    133      1      54     2.9194E+02  5.656E+08  1.000E-30  1.167E+00
     840      1    138      1    137      1      54     7.2571E+00  2.067E+04  6.165E-04  7.434E-01
     841      1    139      1    127      1      54     7.7953E+02  2.151E+11  9.906E-04  3.023E+00
     842      1    139      1    132      1      54     2.9383E+02  8.384E+10  1.274E-02  1.741E+00
     843      1    139      1    138      1      54     7.3047E-01  7.965E+00  3.607E-04  3.733E-01
     844      1    140      1    133      1      54     2.9317E+02  1.146E+11  2.170E-02  1.165E+00
     845      1    140      1    139      1      54     5.0455E-01  9.971E-01  1.932E-04  2.165E-01
     846      1    141      1    124      1      54     9.8280E+02  6.881E+10  1.000E-30  3.168E+01
     847      1    141      1    129      1      54     4.8751E+02  2.650E+10  1.000E-30  1.829E+01
     851      1    141      1    135      1      54     1.8954E+02  8.494E+09  1.000E-30  1.150E+01
     853      1    142      1    123      1      54     1.0032E+03  5.644E+10  4.288E-04  7.726E+00
     854      1    142      1    125      1      54     9.7165E+02  2.104E+10  1.000E-30  1.005E+01
     856      1    142      1    128      1      54     5.0043E+02  1.735E+10  1.069E-03  7.681E+00
     857      1    142      1    130      1      54     4.8220E+02  9.582E+09  1.000E-30  5.808E+00
     859      1    142      1    134      1      54     1.9865E+02  4.385E+09  4.387E-03  7.588E+00
     861      1    142      1    136      1      54     1.8719E+02  3.485E+09  1.000E-30  4.864E+00
     863      1    142      1    141      1      54     3.4847E+00  1.139E+04  8.502E-03  1.900E+00
     864      1    143      1    124      1      54     9.9046E+02  1.042E+11  6.689E-05  3.167E+01
     865      1    143      1    126      1      54     9.6956E+02  6.508E+09  1.000E-30  5.007E+00
     866      1    143      1    129      1      54     4.9517E+02  3.123E+10  2.777E-04  1.829E+01
     869      1    143      1    131      1      54     4.8253E+02  3.972E+09  1.000E-30  2.898E+00
     872      1    143      1    135      1      54     1.9720E+02  7.726E+09  2.111E-03  9.446E+00
     874      1    143      1    137      1      54     1.8876E+02  1.793E+09  1.000E-30  9.825E-01
     877      1    143      1    142      1      54     4.1712E+00  2.279E+04  1.138E-03  5.457E+00
     878      1    144      1    125      1      54     9.7774E+02  1.481E+11  1.868E-04  1.005E+01
     879      1    144      1    127      1      54     9.6221E+02  1.357E+09  1.000E-30  3.038E+00
     881      1    144      1    130      1      54     4.8829E+02  4.616E+10  8.090E-04  5.813E+00
     882      1    144      1    132      1      54     4.7651E+02  1.415E+09  1.000E-30  1.756E+00
     884      1    144      1    136      1      54     1.9328E+02  1.144E+10  7.438E-03  2.552E+00
     885      1    144      1    138      1      54     1.8342E+02  8.180E+08  1.000E-30  3.432E-01
     887      1    144      1    143      1      54     1.9160E+00  9.694E+02  1.298E-03  1.261E+00
     888      1    145      1    126      1      54     9.7835E+02  1.705E+11  3.076E-04  5.010E+00
     890      1    145      1    131      1      54     4.9132E+02  6.306E+10  1.555E-03  2.900E+00
     891      1    145      1    133      1      54     4.8223E+02  3.660E+08  1.000E-30  1.184E+00
     893      1    145      1    137      1      54     1.9755E+02  1.767E+10  1.748E-02  1.138E+00
     894      1    145      1    139      1      54     1.8956E+02  4.177E+08  1.000E-30  1.741E-01
     896      1    145      1    144      1      54     6.8766E+00  2.241E+04  1.169E-03  5.001E-01
     897      1    146      1    127      1      54     9.6958E+02  1.225E+11  2.913E-04  3.039E+00
     898      1    146      1    132      1      54     4.8388E+02  6.794E+10  2.254E-03  1.756E+00
     899      1    146      1    138      1      54     1.9078E+02  2.076E+10  3.231E-02  6.382E-01
     900      1    146      1    140      1      54     1.8955E+02  1.281E+08  1.000E-30  1.154E-01
     901      1    146      1    145      1      54     4.8959E-01  3.404E+00  7.537E-04  2.537E-01
     902      1    147      1    133      1      54     4.8306E+02  5.698E+10  2.310E-03  1.182E+00
     903      1    147      1    139      1      54     1.9039E+02  2.698E+10  5.585E-02  4.075E-01
     904      1    147      1    146      1      54     3.3818E-01  5.667E-01  5.329E-04  1.479E-01
     905      1    148      1    140      1      54     1.9013E+02  3.424E+10  9.089E-02  2.821E-01
     906      1    148      1    147      1      54     2.4746E-01  8.810E-02  2.822E-04  9.356E-02
     907      1    149      1    124      1      54     1.1162E+03  5.308E+10  1.000E-30  3.168E+01
     908      1    149      1    129      1      54     6.2092E+02  2.249E+10  1.000E-30  1.829E+01
     910      1    149      1    135      1      54     3.2295E+02  9.467E+09  1.000E-30  1.151E+01
     913      1    149      1    142      1      54     1.2992E+02  3.246E+09  1.000E-30  7.712E+00
     915      1    150      1    123      1      54     1.1354E+03  4.503E+10  3.341E-04  5.458E+00
     916      1    150      1    125      1      54     1.1038E+03  1.580E+10  1.000E-30  1.006E+01
     917      1    150      1    128      1      54     6.3256E+02  1.559E+10  6.747E-04  5.413E+00
     918      1    150      1    130      1      54     6.1433E+02  7.855E+09  1.000E-30  5.823E+00
     919      1    150      1    134      1      54     3.3078E+02  5.442E+09  1.660E-03  5.378E+00
     921      1    150      1    136      1      54     3.1933E+02  3.731E+09  1.000E-30  2.904E+00
     923      1    150      1    141      1      54     1.3562E+02  1.504E+09  6.755E-03  5.342E+00
     925      1    150      1    143      1      54     1.2796E+02  1.394E+09  1.000E-30  3.490E+00
     927      1    150      1    149      1      54     2.2069E+00  3.053E+03  1.467E-02  1.172E+00
     928      1    151      1    124      1      54     1.1216E+03  8.252E+10  3.649E-05  3.166E+01
     929      1    151      1    126      1      54     1.1007E+03  4.677E+09  1.000E-30  5.021E+00
     930      1    151      1    129      1      54     6.2630E+02  2.792E+10  1.228E-04  1.828E+01
     931      1    151      1    131      1      54     6.1366E+02  3.067E+09  1.000E-30  2.911E+00
     933      1    151      1    135      1      54     3.2833E+02  9.531E+09  5.302E-04  1.004E+01
     935      1    151      1    137      1      54     3.1989E+02  1.766E+09  1.000E-30  6.381E-01
     937      1    151      1    142      1      54     1.3530E+02  2.611E+09  3.332E-03  6.271E+00
     939      1    151      1    144      1      54     1.2921E+02  7.777E+08  1.000E-30  7.226E-01
     941      1    151      1    150      1      54     3.1681E+00  1.172E+04  1.916E-03  3.807E+00
     942      1    152      1    125      1      54     1.1084E+03  1.133E+11  9.794E-05  1.007E+01
     943      1    152      1    127      1      54     1.0929E+03  9.165E+08  1.000E-30  3.050E+00
     944      1    152      1    130      1      54     6.1900E+02  4.003E+10  3.433E-04  5.827E+00
     945      1    152      1    132      1      54     6.0722E+02  1.021E+09  1.000E-30  1.768E+00
     947      1    152      1    136      1      54     3.2399E+02  1.385E+10  1.675E-03  2.886E+00
     948      1    152      1    138      1      54     3.1413E+02  7.622E+08  1.000E-30  3.708E-01
     950      1    152      1    143      1      54     1.3263E+02  3.734E+09  1.146E-02  1.684E+00
     951      1    152      1    145      1      54     1.2383E+02  3.756E+08  1.000E-30  2.579E-01
     953      1    152      1    151      1      54     1.4980E+00  5.393E+02  2.138E-03  8.916E-01
     954      1    153      1    126      1      54     1.1088E+03  1.215E+11  1.503E-04  5.022E+00
     955      1    153      1    131      1      54     6.2180E+02  5.067E+10  6.130E-04  2.913E+00
     956      1    153      1    133      1      54     6.1271E+02  2.326E+08  1.000E-30  1.196E+00
     958      1    153      1    137      1      54     3.2803E+02  1.949E+10  3.477E-03  1.349E+00
     959      1    153      1    139      1      54     3.2004E+02  3.210E+08  1.000E-30  2.820E-01
     961      1    153      1    144      1      54     1.3736E+02  5.864E+09  2.655E-02  7.496E-01
     962      1    153      1    146      1      54     1.2999E+02  2.463E+08  1.000E-30  1.269E-01
     963      1    153      1    152      1      54     6.6466E+00  2.432E+04  1.969E-03  3.570E-01
     964      1    154      1    127      1      54     1.0999E+03  7.709E+10  1.251E-04  3.051E+00
     965      1    154      1    132      1      54     6.1421E+02  4.857E+10  7.812E-04  1.769E+00
     966      1    154      1    138      1      54     3.2112E+02  2.160E+10  5.516E-03  7.856E-01
     967      1    154      1    140      1      54     3.1988E+02  8.020E+07  1.000E-30  2.250E-01
     968      1    154      1    145      1      54     1.3082E+02  6.322E+09  4.750E-02  4.183E-01
     969      1    154      1    147      1      54     1.3000E+02  1.137E+08  1.000E-30  7.939E-02
     970      1    154      1    153      1      54     3.4390E-01  1.511E+00  1.335E-03  1.830E-01
     971      1    155      1    133      1      54     6.1329E+02  3.203E+10  6.270E-04  1.194E+00
     972      1    155      1    139      1      54     3.2062E+02  2.272E+10  7.268E-03  5.166E-01
     973      1    155      1    146      1      54     1.3057E+02  7.881E+09  7.962E-02  2.667E-01
     974      1    155      1    148      1      54     1.2999E+02  3.526E+07  1.000E-30  5.920E-02
     975      1    155      1    154      1      54     2.3759E-01  2.803E-01  1.045E-03  1.080E-01
     976      1    156      1    124      1      54     1.2114E+03  4.095E+10  1.000E-30  3.166E+01
     977      1    156      1    129      1      54     7.1613E+02  1.821E+10  1.000E-30  1.829E+01
     978      1    156      1    135      1      54     4.1816E+02  8.452E+09  1.000E-30  1.152E+01
     980      1    156      1    142      1      54     2.2513E+02  3.814E+09  1.000E-30  7.723E+00
     983      1    156      1    150      1      54     9.3002E+01  1.385E+09  1.000E-30  5.418E+00
     985      1    157      1    123      1      54     1.2298E+03  3.557E+10  2.824E-04  4.014E+00
     986      1    157      1    125      1      54     1.1982E+03  1.195E+10  1.000E-30  1.008E+01
     987      1    157      1    128      1      54     7.2695E+02  1.310E+10  5.091E-04  3.969E+00
     988      1    157      1    130      1      54     7.0872E+02  6.216E+09  1.000E-30  5.832E+00
     989      1    157      1    134      1      54     4.2517E+02  5.165E+09  1.012E-03  3.940E+00
     990      1    157      1    136      1      54     4.1371E+02  3.229E+09  1.000E-30  2.017E+00
     991      1    157      1    141      1      54     2.3000E+02  1.985E+09  2.474E-03  3.917E+00
     993      1    157      1    143      1      54     2.2235E+02  1.584E+09  1.000E-30  2.200E+00
     995      1    157      1    149      1      54     9.6594E+01  5.835E+08  9.999E-03  3.894E+00
     997      1    157      1    151      1      54     9.1219E+01  6.066E+08  1.000E-30  2.586E+00
     999      1    157      1    156      1      54     1.3856E+00  7.659E+02  2.518E-02  7.027E-01
    1000      1    158      1    124      1      54     1.2153E+03  6.468E+10  2.247E-05  3.167E+01
    1001      1    158      1    126      1      54     1.1944E+03  3.435E+09  1.000E-30  5.031E+00
    1002      1    158      1    129      1      54     7.2004E+02  2.332E+10  6.749E-05  1.829E+01
    1003      1    158      1    131      1      54     7.0740E+02  2.335E+09  1.000E-30  2.922E+00
    1004      1    158      1    135      1      54     4.2207E+02  9.004E+09  2.267E-04  1.043E+01
    1005      1    158      1    137      1      54     4.1363E+02  1.456E+09  1.000E-30  7.948E-01
    1007      1    158      1    142      1      54     2.2904E+02  3.395E+09  8.418E-04  6.634E+00
    1009      1    158      1    144      1      54     2.2296E+02  8.258E+08  1.000E-30  4.499E-01
    1011      1    158      1    150      1      54     9.6914E+01  1.008E+09  5.032E-03  4.368E+00
    1012      1    158      1    152      1      54     9.2248E+01  3.595E+08  1.000E-30  5.526E-01
    1014      1    158      1    157      1      54     2.5273E+00  6.906E+03  3.071E-03  2.760E+00
    1015      1    159      1    125      1      54     1.2019E+03  8.691E+10  5.886E-05  1.008E+01
    1016      1    159      1    127      1      54     1.1864E+03  6.454E+08  1.000E-30  3.062E+00
    1017      1    159      1    130      1      54     7.1248E+02  3.274E+10  1.838E-04  5.837E+00
    1018      1    159      1    132      1      54     7.0070E+02  7.386E+08  1.000E-30  1.779E+00
    1019      1    159      1    136      1      54     4.1747E+02  1.284E+10  6.750E-04  3.101E+00
    1020      1    159      1    138      1      54     4.0761E+02  5.985E+08  1.000E-30  5.496E-01
    1022      1    159      1    143      1      54     2.2610E+02  4.839E+09  2.629E-03  1.893E+00
    1023      1    159      1    145      1      54     2.1731E+02  3.950E+08  1.000E-30  2.304E-01
    1025      1    159      1    151      1      54     9.4977E+01  1.396E+09  1.690E-02  1.171E+00
    1026      1    159      1    153      1      54     8.6832E+01  1.745E+08  1.000E-30  2.027E-01
    1028      1    159      1    158      1      54     1.2307E+00  3.399E+02  3.314E-03  6.546E-01
    1029      1    160      1    126      1      54     1.2022E+03  8.893E+10  8.611E-05  5.033E+00
    1030      1    160      1    131      1      54     7.1513E+02  3.946E+10  3.125E-04  2.923E+00
    1031      1    160      1    133      1      54     7.0604E+02  1.562E+08  1.000E-30  1.206E+00
    1032      1    160      1    137      1      54     4.2136E+02  1.707E+10  1.301E-03  1.488E+00
    1033      1    160      1    139      1      54     4.1337E+02  2.254E+08  1.000E-30  4.106E-01
    1035      1    160      1    144      1      54     2.3069E+02  6.958E+09  5.490E-03  8.814E-01
    1036      1    160      1    146      1      54     2.2332E+02  2.124E+08  1.000E-30  1.729E-01
    1037      1    160      1    152      1      54     9.9979E+01  2.264E+09  3.897E-02  5.202E-01
    1038      1    160      1    154      1      54     9.2988E+01  1.384E+08  1.000E-30  1.013E-01
    1039      1    160      1    159      1      54     6.4994E+00  2.644E+04  3.051E-03  2.676E-01
    1040      1    161      1    127      1      54     1.1932E+03  5.200E+10  6.589E-05  3.061E+00
    1041      1    161      1    132      1      54     7.0745E+02  3.505E+10  3.666E-04  1.779E+00
    1042      1    161      1    138      1      54     4.1436E+02  1.788E+10  1.887E-03  8.788E-01
    1043      1    161      1    140      1      54     4.1312E+02  4.989E+07  1.000E-30  3.189E-01
    1044      1    161      1    145      1      54     2.2406E+02  7.606E+09  8.787E-03  5.135E-01
    1045      1    161      1    147      1      54     2.2323E+02  8.418E+07  1.000E-30  1.399E-01
    1046      1    161      1    153      1      54     9.3583E+01  2.191E+09  6.604E-02  2.916E-01
    1047      1    161      1    155      1      54     9.3001E+01  7.668E+07  1.000E-30  6.240E-02
    1048      1    161      1    160      1      54     2.5061E-01  7.018E-01  2.101E-03  1.400E-01
    1049      1    162      1    133      1      54     7.0646E+02  2.010E+10  2.550E-04  1.204E+00
    1050      1    162      1    139      1      54     4.1380E+02  1.629E+10  2.106E-03  5.895E-01
    1051      1    162      1    146      1      54     2.2375E+02  8.567E+09  1.241E-02  3.383E-01
    1052      1    162      1    148      1      54     2.2316E+02  2.129E+07  1.000E-30  1.166E-01
    1053      1    162      1    154      1      54     9.3412E+01  2.657E+09  1.077E-01  1.873E-01
    1054      1    162      1    161      1      54     1.7317E-01  1.386E-01  1.693E-03  8.498E-02
    1381      1    165      1    164      1       1     1.0199E+01  2.812E+04  9.205E-04  4.842E-02
    1384      1    167      1    164      1       1     1.0199E+01  5.620E+04  1.841E-03  4.843E-02
    1387      1    169      1    164      1       1     1.2088E+01  9.594E+03  2.810E-04  9.728E-02
    1389      1    169      1    166      1       1     1.8887E+00  2.013E+02  1.199E-04  1.479E-01
    1392      1    168      1    165      1       1     1.8887E+00  6.295E+00  2.696E-06  2.045E-01
    1394      1    168      1    167      1       1     1.8886E+00  1.259E+01  5.392E-06  2.045E-01
    1396      1    170      1    165      1       1     1.8887E+00  3.221E+02  2.100E-04  1.341E-01
    1398      1    170      1    167      1       1     1.8887E+00  6.438E+02  4.198E-04  1.341E-01
    1399      1    172      1    164      1       1     1.2749E+01  1.575E+02  6.338E-05  1.583E-01
    1401      1    172      1    166      1       1     2.5497E+00  4.470E+00  4.578E-06  1.217E+00
    1404      1    172      1    168      1       1     6.6104E-01  3.675E-01  3.462E-06  6.957E-01
    1405      1    172      1    170      1       1     6.6103E-01  4.166E-02  4.452E-07  6.254E-01
    1407      1    171      1    165      1       1     2.5497E+00  1.326E-01  2.795E-07  5.899E-01
    1409      1    171      1    167      1       1     2.5497E+00  2.652E-01  5.589E-07  5.899E-01
    1410      1    171      1    169      1       1     6.6103E-01  7.342E-02  6.792E-07  7.163E-01
    1414      1    173      1    165      1       1     2.5497E+00  5.306E+00  1.439E-05  4.580E-01
    1416      1    173      1    167      1       1     2.5497E+00  1.063E+01  2.884E-05  4.580E-01
    1417      1    173      1    169      1       1     6.6104E-01  1.407E+00  1.586E-05  5.843E-01
    1425      1    174      1    170      1       1     6.6103E-01  3.862E+00  6.017E-05  4.250E-01
    1426      1    176      1    164      1       1     1.3054E+01  3.888E+00  1.769E-05  2.545E-01
    1428      1    176      1    166      1       1     2.8557E+00  1.226E-01  1.415E-06  1.340E+00
    1430      1    176      1    168      1       1     9.6701E-01  1.374E-02  1.465E-07  1.481E+00
    1431      1    176      1    170      1       1     9.6699E-01  1.252E-03  1.478E-08  1.411E+00
    1433      1    176      1    171      1       1     3.0597E-01  1.953E-03  1.000E-30  1.865E+00
    1434      1    176      1    173      1       1     3.0596E-01  4.994E-04  1.000E-30  1.733E+00
    1437      1    175      1    165      1       1     2.8557E+00  3.532E-03  3.898E-08  1.402E+00
    1439      1    175      1    167      1       1     2.8556E+00  7.064E-03  7.797E-08  1.402E+00
    1440      1    175      1    169      1       1     9.6700E-01  2.526E-03  2.676E-08  1.528E+00
    1443      1    175      1    172      1       1     3.0596E-01  5.698E-04  1.000E-30  1.892E+00
    1447      1    177      1    165      1       1     2.8557E+00  1.297E-01  1.685E-06  1.191E+00
    1449      1    177      1    167      1       1     2.8557E+00  2.590E-01  3.365E-06  1.191E+00
    1450      1    177      1    169      1       1     9.6700E-01  4.726E-02  5.806E-07  1.317E+00
    1453      1    177      1    172      1       1     3.0597E-01  6.573E-03  1.000E-30  1.680E+00
    1456      1    177      1    174      1       1     3.0596E-01  2.232E-04  1.000E-30  1.480E+00
    1461      1    178      1    170      1       1     9.6699E-01  8.885E-02  1.371E-06  1.078E+00
    1463      1    178      1    173      1       1     3.0596E-01  1.600E-02  1.000E-30  1.401E+00
    1469      1    179      1    174      1       1     3.0596E-01  3.396E-02  1.000E-30  1.056E+00
    1470      1    181      1    164      1       1     1.3221E+01  1.749E-01  7.147E-06  3.519E-01
    1472      1    181      1    166      1       1     3.0219E+00  5.781E-03  3.772E-07  2.783E+00
    1473      1    181      1    168      1       1     1.1332E+00  7.247E-04  5.346E-08  2.924E+00
    1474      1    181      1    170      1       1     1.1332E+00  5.940E-05  4.633E-09  2.854E+00
    1476      1    181      1    171      1       1     4.7217E-01  1.410E-04  1.000E-30  3.308E+00
    1477      1    181      1    173      1       1     4.7216E-01  2.979E-05  1.000E-30  3.176E+00
    1480      1    181      1    175      1       1     1.6620E-01  2.709E-05  3.381E-10  4.119E+00
    1481      1    181      1    177      1       1     1.6620E-01  1.068E-05  1.405E-10  3.908E+00
    1484      1    180      1    165      1       1     3.0219E+00  1.655E-04  1.045E-08  2.877E+00
    1486      1    180      1    167      1       1     3.0218E+00  3.304E-04  2.086E-08  2.877E+00
    1487      1    180      1    169      1       1     1.1332E+00  1.281E-04  9.338E-09  3.003E+00
    1488      1    180      1    172      1       1     4.7217E-01  3.763E-05  1.000E-30  3.367E+00
    1491      1    180      1    176      1       1     1.6620E-01  9.953E-06  1.233E-10  4.152E+00
    1495      1    182      1    165      1       1     3.0219E+00  5.778E-03  4.083E-07  2.569E+00
    1497      1    182      1    167      1       1     3.0219E+00  1.159E-02  8.188E-07  2.569E+00
    1498      1    182      1    169      1       1     1.1332E+00  2.375E-03  1.927E-07  2.696E+00
    1499      1    182      1    172      1       1     4.7217E-01  4.549E-04  1.000E-30  3.059E+00
    1502      1    182      1    174      1       1     4.7216E-01  1.130E-05  1.000E-30  2.859E+00
    1503      1    182      1    176      1       1     1.6620E-01  8.340E-05  1.115E-09  3.844E+00
    1506      1    182      1    178      1       1     1.6620E-01  7.252E-06  1.062E-10  3.512E+00
    1509      1    183      1    170      1       1     1.1332E+00  3.803E-03  3.582E-07  2.360E+00
    1511      1    183      1    173      1       1     4.7216E-01  9.491E-04  1.000E-30  2.683E+00
    1513      1    183      1    177      1       1     1.6620E-01  1.880E-04  2.829E-09  3.415E+00
    1514      1    183      1    179      1       1     1.6620E-01  2.957E-06  5.083E-11  2.991E+00
    1517      1    184      1    174      1       1     4.7216E-01  1.302E-03  1.000E-30  2.209E+00
    1519      1    184      1    178      1       1     1.6620E-01  3.711E-04  6.659E-09  2.862E+00
    1521      1    185      1    179      1       1     1.6620E-01  6.744E-04  1.555E-08  2.226E+00
    1523      1    186      1    165      1       1     3.1221E+00  1.182E-05  3.443E-09  5.307E+00
    1524      1    186      1    167      1       1     3.1221E+00  2.363E-05  6.885E-09  5.307E+00
    1525      1    186      1    169      1       1     1.2334E+00  9.566E-06  3.349E-09  5.433E+00
    1526      1    186      1    172      1       1     5.7238E-01  3.080E-06  1.000E-30  5.797E+00
    1527      1    186      1    176      1       1     2.6642E-01  1.068E-06  2.924E-11  6.581E+00
    1530      1    186      1    181      1       1     1.0021E-01  3.137E-07  3.850E-12  8.024E+00
    1533      1    187      1    164      1       1     1.3321E+01  1.223E-02  3.243E-06  4.761E-01
    1534      1    187      1    166      1       1     3.1221E+00  4.159E-04  1.242E-07  5.175E+00
    1535      1    187      1    168      1       1     1.2334E+00  5.532E-05  1.956E-08  5.316E+00
    1536      1    187      1    170      1       1     1.2334E+00  4.250E-06  1.562E-09  5.246E+00
    1537      1    187      1    171      1       1     5.7238E-01  1.203E-05  1.000E-30  5.700E+00
    1538      1    187      1    173      1       1     5.7238E-01  2.290E-06  1.000E-30  5.568E+00
    1540      1    187      1    175      1       1     2.6642E-01  3.154E-06  8.725E-11  6.511E+00
    1541      1    187      1    177      1       1     2.6642E-01  1.048E-06  2.997E-11  6.300E+00
    1544      1    187      1    180      1       1     1.0022E-01  7.289E-07  8.981E-12  7.986E+00
    1545      1    187      1    182      1       1     1.0021E-01  3.801E-07  4.875E-12  7.678E+00
    1548      1    188      1    165      1       1     3.1221E+00  4.031E-04  1.274E-07  4.885E+00
    1549      1    188      1    167      1       1     3.1221E+00  8.062E-04  2.549E-07  4.885E+00
    1550      1    188      1    169      1       1     1.2334E+00  1.758E-04  6.665E-08  5.011E+00
    1551      1    188      1    172      1       1     5.7238E-01  3.787E-05  1.000E-30  5.375E+00
    1552      1    188      1    174      1       1     5.7238E-01  7.973E-07  1.000E-30  5.174E+00
    1553      1    188      1    176      1       1     2.6642E-01  9.592E-06  2.803E-10  6.159E+00
    1556      1    188      1    178      1       1     2.6642E-01  6.315E-07  1.952E-11  5.827E+00
    1558      1    188      1    181      1       1     1.0022E-01  2.117E-06  2.739E-11  7.602E+00
    1561      1    188      1    183      1       1     1.0021E-01  3.134E-07  4.340E-12  7.109E+00
    1564      1    189      1    170      1       1     1.2334E+00  2.586E-04  1.090E-07  4.562E+00
    1565      1    189      1    173      1       1     5.7238E-01  7.299E-05  1.000E-30  4.884E+00
    1567      1    189      1    177      1       1     2.6642E-01  2.008E-05  6.430E-10  5.616E+00
    1568      1    189      1    179      1       1     2.6642E-01  2.147E-07  7.440E-12  5.192E+00
    1570      1    189      1    182      1       1     1.0021E-01  4.516E-06  6.346E-11  6.994E+00
    1571      1    189      1    184      1       1     1.0021E-01  1.934E-07  2.999E-12  6.345E+00
    1573      1    190      1    174      1       1     5.7238E-01  8.263E-05  1.000E-30  4.258E+00
    1575      1    190      1    178      1       1     2.6642E-01  3.273E-05  1.197E-09  4.910E+00
    1577      1    190      1    183      1       1     1.0021E-01  8.444E-06  1.339E-10  6.192E+00
    1578      1    190      1    185      1       1     1.0021E-01  7.519E-08  1.363E-12  5.427E+00
    1580      1    191      1    179      1       1     2.6642E-01  3.717E-05  1.633E-09  4.084E+00
    1581      1    191      1    184      1       1     1.0021E-01  1.459E-05  2.735E-10  5.236E+00
    1583      1    192      1    185      1       1     1.0021E-01  2.410E-05  5.653E-10  4.180E+00
    1585      1    193      1    165      1       1     3.1872E+00  1.179E-06  1.328E-09  9.034E+00
    1586      1    193      1    167      1       1     3.1871E+00  2.358E-06  2.656E-09  9.034E+00
    1587      1    193      1    169      1       1     1.2985E+00  9.742E-07  1.334E-09  9.160E+00
    1588      1    193      1    172      1       1     6.3742E-01  3.283E-07  1.000E-30  9.524E+00
    1589      1    193      1    176      1       1     3.3146E-01  1.250E-07  9.633E-12  1.031E+01
    1590      1    193      1    181      1       1     1.6526E-01  4.866E-08  1.023E-12  1.175E+01
    1596      1    194      1    164      1       1     1.3386E+01  1.203E-03  1.125E-07  8.835E+00
    1597      1    194      1    166      1       1     3.1871E+00  4.173E-05  4.791E-08  8.858E+00
    1598      1    194      1    168      1       1     1.2985E+00  5.699E-06  7.855E-09  8.999E+00
    1599      1    194      1    170      1       1     1.2985E+00  4.231E-07  6.010E-10  8.929E+00
    1600      1    194      1    171      1       1     6.3743E-01  1.320E-06  1.000E-30  9.383E+00
    1601      1    194      1    173      1       1     6.3742E-01  2.349E-07  1.000E-30  9.251E+00
    1602      1    194      1    175      1       1     3.3146E-01  3.866E-07  3.010E-11  1.019E+01
    1603      1    194      1    177      1       1     3.3146E-01  1.172E-07  9.319E-12  9.983E+00
    1605      1    194      1    180      1       1     1.6526E-01  1.218E-07  2.575E-12  1.167E+01
    1606      1    194      1    182      1       1     1.6526E-01  5.482E-08  1.192E-12  1.136E+01
    1613      1    195      1    165      1       1     3.1872E+00  3.964E-05  4.747E-08  8.480E+00
    1614      1    195      1    167      1       1     3.1871E+00  7.927E-05  9.494E-08  8.480E+00
    1615      1    195      1    169      1       1     1.2985E+00  1.785E-05  2.595E-08  8.606E+00
    1616      1    195      1    172      1       1     6.3742E-01  4.088E-06  1.000E-30  8.970E+00
    1617      1    195      1    174      1       1     6.3742E-01  7.762E-08  1.000E-30  8.769E+00
    1618      1    195      1    176      1       1     3.3146E-01  1.165E-06  9.465E-11  9.754E+00
    1619      1    195      1    178      1       1     3.3146E-01  6.564E-08  5.524E-12  9.422E+00
    1620      1    195      1    181      1       1     1.6526E-01  3.551E-07  7.817E-12  1.120E+01
    1626      1    195      1    187      1       1     6.5044E-02  8.921E-08  1.160E-12  1.359E+01
    1631      1    196      1    170      1       1     1.2985E+00  2.495E-05  3.931E-08  8.025E+00
    1632      1    196      1    173      1       1     6.3742E-01  7.503E-06  1.000E-30  8.347E+00
    1633      1    196      1    177      1       1     3.3146E-01  2.329E-06  2.029E-10  9.079E+00
    1636      1    196      1    182      1       1     1.6526E-01  7.266E-07  1.710E-11  1.046E+01
    1639      1    196      1    188      1       1     6.5043E-02  1.827E-07  2.526E-12  1.277E+01
    1642      1    197      1    174      1       1     6.3742E-01  7.624E-06  1.000E-30  7.545E+00
    1643      1    197      1    178      1       1     3.3146E-01  3.414E-06  3.288E-10  8.198E+00
    1645      1    197      1    183      1       1     1.6526E-01  1.228E-06  3.183E-11  9.479E+00
    1648      1    197      1    189      1       1     6.5043E-02  3.271E-07  4.938E-12  1.168E+01
    1651      1    198      1    179      1       1     3.3146E-01  3.124E-06  3.440E-10  7.151E+00
    1652      1    198      1    184      1       1     1.6526E-01  1.720E-06  5.076E-11  8.304E+00
    1653      1    198      1    190      1       1     6.5043E-02  5.479E-07  9.318E-12  1.035E+01
    1656      1    199      1    185      1       1     1.6526E-01  1.720E-06  6.023E-11  6.983E+00
    1657      1    199      1    191      1       1     6.5043E-02  8.697E-07  1.729E-11  8.841E+00
    1659      1    200      1    192      1       1     6.5043E-02  1.340E-06  3.262E-11  7.212E+00
    1661      1    201      1    165      1       1     3.2317E+00  1.500E-07  5.741E-10  1.445E+01
    1662      1    201      1    167      1       1     3.2317E+00  2.999E-07  1.148E-09  1.445E+01
    1663      1    201      1    169      1       1     1.3431E+00  1.257E-07  5.862E-10  1.458E+01
    1673      1    202      1    164      1       1     1.3431E+01  1.517E-04  4.873E-08  1.421E+01
    1674      1    202      1    166      1       1     3.2317E+00  5.336E-06  2.073E-08  1.423E+01
    1675      1    202      1    168      1       1     1.3431E+00  7.482E-07  3.504E-09  1.437E+01
    1676      1    202      1    170      1       1     1.3430E+00  5.354E-08  2.572E-10  1.430E+01
    1677      1    202      1    171      1       1     6.8202E-01  1.780E-07  1.000E-30  1.475E+01
    1679      1    202      1    175      1       1     3.7606E-01  5.530E-08  1.219E-11  1.556E+01
    1692      1    203      1    165      1       1     3.2317E+00  5.004E-06  2.007E-08  1.375E+01
    1693      1    203      1    167      1       1     3.2317E+00  1.001E-05  4.013E-08  1.375E+01
    1694      1    203      1    169      1       1     1.3431E+00  2.298E-06  1.122E-08  1.388E+01
    1695      1    203      1    172      1       1     6.8202E-01  5.460E-07  1.000E-30  1.424E+01
    1697      1    203      1    176      1       1     3.7605E-01  1.654E-07  3.769E-11  1.502E+01
    1699      1    203      1    181      1       1     2.0985E-01  5.677E-08  2.931E-12  1.647E+01
    1710      1    204      1    170      1       1     1.3430E+00  3.116E-06  1.620E-08  1.315E+01
    1711      1    204      1    173      1       1     6.8202E-01  9.717E-07  1.000E-30  1.347E+01
    1712      1    204      1    177      1       1     3.7605E-01  3.212E-07  7.723E-11  1.420E+01
    1714      1    204      1    182      1       1     2.0985E-01  1.135E-07  6.177E-12  1.558E+01
    1723      1    205      1    174      1       1     6.8201E-01  9.276E-07  1.000E-30  1.247E+01
    1724      1    205      1    178      1       1     3.7605E-01  4.420E-07  1.146E-10  1.312E+01
    1725      1    205      1    183      1       1     2.0985E-01  1.801E-07  1.057E-11  1.440E+01
    1728      1    205      1    189      1       1     1.0964E-01  6.704E-08  1.390E-12  1.660E+01
    1734      1    206      1    179      1       1     3.7605E-01  3.564E-07  1.020E-10  1.182E+01
    1735      1    206      1    184      1       1     2.0985E-01  2.224E-07  1.442E-11  1.298E+01
    1736      1    206      1    190      1       1     1.0964E-01  9.922E-08  2.265E-12  1.502E+01
    1741      1    207      1    185      1       1     2.0985E-01  1.755E-07  1.295E-11  1.136E+01
    1742      1    207      1    191      1       1     1.0964E-01  1.244E-07  3.218E-12  1.321E+01
    1743      1    207      1    198      1       1     4.4593E-02  4.736E-08  8.845E-13  1.628E+01
    1752      1    209      1    170      1       1     1.3809E+00  4.807E-07  7.283E-09  2.037E+01
    1753      1    209      1    173      1       1     7.1991E-01  1.563E-07  1.000E-30  2.070E+01
    1754      1    209      1    177      1       1     4.1395E-01  5.498E-08  3.291E-11  2.143E+01
    1767      1    210      1    179      1       1     4.1400E-01  5.405E-08  3.687E-11  1.855E+01
    1775      1    211      1    164      1       1     1.3469E+01  2.334E-05  2.325E-08  2.171E+01
    1776      1    211      1    166      1       1     3.2697E+00  8.276E-07  9.778E-09  2.173E+01
    1777      1    211      1    168      1       1     1.3810E+00  1.185E-07  1.652E-09  2.188E+01
    1796      1    212      1    165      1       1     3.2697E+00  7.702E-07  9.320E-09  2.114E+01
    1797      1    212      1    167      1       1     3.2697E+00  1.540E-06  1.864E-08  2.114E+01
    1798      1    212      1    169      1       1     1.3810E+00  3.628E-07  5.232E-09  2.127E+01
    1799      1    212      1    172      1       1     7.2001E-01  8.935E-08  1.000E-30  2.163E+01
    1816      1    213      1    167      1       1     3.2697E+00  4.638E-08  5.419E-10  2.202E+01
    1829      1    214      1    174      1       1     7.2002E-01  1.424E-07  1.000E-30  1.947E+01
    1830      1    214      1    178      1       1     4.1406E-01  7.244E-08  4.586E-11  2.012E+01
