#  File format type:   4
#
#  SPECT3D transition powers file.
#  RUN NAME:  xe_20-200ev_1e18-1e21_4mm
#  Total number of transitions   =     1890
#  Number of written transitions =      789
#  Plasma temperature (eV)       =     2.0000E+01
#  Mass density (g/cm3)          =     2.2432E-04
#  Cell areal density (g/cm2)    =     8.9730E-05
#  Material mass fractions       =     1.0000E+00
#  DCA material number fractions =     1.3000E-02    9.8700E-01
# -----------------------------------------------------
#
#
#   Trans.  Trans  Upper  Upper  Lower  Lower   Ioniz   Energy     Line Power Line Center Line Width
#   Index   Model  Level  Model  Level  Model   Stage   (eV)       (W/cm2)    Opt. Depth      eV
# --------------------------------------------------------------------------------------------------
       1      1      3      1      2      1      52     1.1982E+02  8.678E+07  3.136E-10  3.718E-03
       2      1      4      1      2      1      52     4.9234E+02  1.627E+10  4.052E-01  1.515E-02
       4      1      6      1      5      1      52     1.0651E+02  3.302E+08  2.058E-04  7.871E+01
       6      1      7      1      6      1      52     6.8034E+01  4.330E+07  2.869E-05  9.466E+01
       7      1      9      1      8      1      52     3.8672E+01  1.922E+07  6.865E-04  2.871E+01
       9      1     10      1      9      1      52     3.4641E+01  1.239E+07  1.878E-04  3.134E+01
      11      1     11      1     10      1      52     9.4480E+00  4.308E+04  7.101E-05  8.524E+00
      13      1     12      1      9      1      52     8.3242E+02  7.128E+11  1.000E-30  4.470E+01
      14      1     13      1      8      1      52     8.9349E+02  5.658E+11  1.731E-03  2.720E+01
      16      1     13      1     10      1      52     8.2018E+02  1.886E+11  1.000E-30  1.541E+01
      17      1     13      1     12      1      52     2.2396E+01  5.450E+06  1.740E-03  1.655E+01
      19      1     14      1      9      1      52     8.6975E+02  1.209E+12  9.699E-04  3.746E+01
      21      1     14      1     11      1      52     8.2566E+02  4.500E+10  1.000E-30  2.893E+00
      23      1     14      1     13      1      52     1.4925E+01  1.161E+06  3.415E-04  2.020E+01
      25      1     15      1     10      1      52     8.3968E+02  2.040E+12  3.203E-03  1.279E+01
      28      1     15      1     14      1      52     4.5752E+00  8.495E+03  2.403E-04  4.376E+00
      30      1     16      1     11      1      52     8.3260E+02  3.294E+12  8.357E-03  5.853E+00
      32      1     16      1     15      1      52     2.3647E+00  3.541E+02  1.303E-04  1.741E+00
      34      1     17      1      9      1      52     1.3019E+03  5.982E+11  1.000E-30  4.458E+01
      36      1     17      1     13      1      52     4.4709E+02  1.516E+11  1.000E-30  2.758E+01
      38      1     18      1      8      1      52     1.3534E+03  5.355E+11  8.101E-04  1.582E+01
      40      1     18      1     10      1      52     1.2800E+03  1.461E+11  1.000E-30  8.508E+00
      41      1     18      1     12      1      52     4.8226E+02  9.751E+10  3.285E-03  1.573E+01
      43      1     18      1     14      1      52     4.4493E+02  5.062E+10  1.000E-30  9.453E+00
      45      1     18      1     17      1      52     1.2770E+01  1.215E+06  3.702E-03  9.376E+00
      47      1     19      1      9      1      52     1.3234E+03  1.087E+12  2.295E-04  4.036E+01
      49      1     19      1     11      1      52     1.2793E+03  2.974E+10  1.000E-30  3.973E+00
      51      1     19      1     13      1      52     4.6860E+02  1.890E+11  1.555E-03  2.336E+01
      53      1     19      1     15      1      52     4.4910E+02  1.849E+10  1.000E-30  1.745E+00
      56      1     19      1     18      1      52     8.7378E+00  3.016E+05  7.647E-04  1.168E+01
      58      1     20      1     10      1      52     1.2912E+03  1.568E+12  5.993E-04  1.441E+01
      61      1     20      1     14      1      52     4.5609E+02  3.057E+11  6.105E-03  6.312E+00
      63      1     20      1     16      1      52     4.4915E+02  5.205E+09  1.000E-30  6.797E-01
      65      1     20      1     19      1      52     2.4178E+00  1.617E+03  5.385E-04  2.520E+00
      67      1     21      1     11      1      52     1.2829E+03  1.646E+12  9.649E-04  6.848E+00
      69      1     21      1     15      1      52     4.5271E+02  4.619E+11  1.505E-02  2.864E+00
      72      1     21      1     20      1      52     1.2002E+00  7.827E+01  3.793E-04  1.011E+00
      75      1     22      1     16      1      52     4.5135E+02  6.667E+11  3.087E-02  1.617E+00
      77      1     22      1     21      1      52     1.0028E+00  2.058E+01  2.600E-04  5.170E-01
      79      1     23      1     13      1      52     7.2854E+02  1.453E+11  1.000E-30  2.753E+01
      81      1     23      1     18      1      52     2.6868E+02  4.258E+10  1.000E-30  1.592E+01
      83      1     24      1     12      1      52     7.5883E+02  1.048E+11  1.436E-03  9.911E+00
      85      1     24      1     14      1      52     7.2151E+02  4.512E+10  1.000E-30  5.023E+00
      86      1     24      1     17      1      52     2.8935E+02  2.300E+10  5.730E-03  9.900E+00
      88      1     24      1     19      1      52     2.6784E+02  1.592E+10  1.000E-30  6.191E+00
      90      1     24      1     23      1      52     7.9016E+00  3.312E+05  6.930E-03  5.800E+00
      92      1     25      1     13      1      52     7.4204E+02  1.984E+11  3.861E-04  2.484E+01
      94      1     25      1     15      1      52     7.2254E+02  1.458E+10  1.000E-30  1.703E+00
      96      1     25      1     18      1      52     2.8218E+02  4.248E+10  2.817E-03  1.330E+01
      98      1     25      1     20      1      52     2.7102E+02  7.138E+09  1.000E-30  1.183E+00
     101      1     25      1     24      1      52     5.5989E+00  9.677E+04  1.488E-03  7.331E+00
     103      1     26      1     14      1      52     7.2843E+02  2.966E+11  1.272E-03  7.158E+00
     105      1     26      1     16      1      52     7.2149E+02  3.426E+09  1.000E-30  1.146E+00
     107      1     26      1     19      1      52     2.7476E+02  6.503E+10  1.063E-02  3.552E+00
     109      1     26      1     21      1      52     2.7114E+02  3.040E+09  1.000E-30  4.232E-01
     112      1     26      1     25      1      52     1.3194E+00  3.153E+02  1.013E-03  1.609E+00
     114      1     27      1     15      1      52     7.2446E+02  3.713E+11  2.456E-03  3.375E+00
     117      1     27      1     20      1      52     2.7295E+02  9.225E+10  2.479E-02  1.606E+00
     119      1     27      1     22      1      52     2.7075E+02  8.983E+08  1.000E-30  2.305E-01
     121      1     27      1     26      1      52     6.0740E-01  1.371E+01  7.986E-04  6.492E-01
     123      1     28      1     16      1      52     7.2273E+02  3.431E+11  3.045E-03  1.972E+00
     125      1     28      1     21      1      52     2.7238E+02  1.276E+11  4.903E-02  9.082E-01
     128      1     28      1     27      1      52     6.3240E-01  9.652E+00  7.515E-04  3.338E-01
     129      1     29      1     13      1      52     9.1039E+02  1.156E+11  1.000E-30  2.748E+01
     131      1     29      1     18      1      52     4.5053E+02  4.426E+10  1.000E-30  1.587E+01
     134      1     29      1     24      1      52     1.7396E+02  1.410E+10  1.000E-30  1.003E+01
     136      1     30      1     12      1      52     9.3797E+02  8.821E+10  9.526E-04  6.656E+00
     137      1     30      1     14      1      52     9.0065E+02  3.429E+10  1.000E-30  4.396E+00
     138      1     30      1     17      1      52     4.6848E+02  2.692E+10  2.340E-03  6.645E+00
     140      1     30      1     19      1      52     4.4698E+02  1.568E+10  1.000E-30  3.468E+00
     142      1     30      1     23      1      52     1.8704E+02  6.740E+09  9.320E-03  6.639E+00
     144      1     30      1     25      1      52     1.7354E+02  5.698E+09  1.000E-30  4.274E+00
     146      1     30      1     29      1      52     5.1810E+00  1.046E+05  1.194E-02  3.796E+00
     147      1     31      1     13      1      52     9.1941E+02  1.655E+11  1.637E-04  2.569E+01
     148      1     31      1     15      1      52     8.9991E+02  1.035E+10  1.000E-30  2.420E+00
     150      1     31      1     18      1      52     4.5956E+02  4.936E+10  7.108E-04  1.414E+01
     152      1     31      1     20      1      52     4.4840E+02  6.360E+09  1.000E-30  8.946E-01
     155      1     31      1     24      1      52     1.8298E+02  1.203E+10  4.728E-03  8.241E+00
     157      1     31      1     26      1      52     1.7606E+02  2.914E+09  1.000E-30  8.528E-01
     160      1     31      1     30      1      52     3.8407E+00  3.722E+04  2.629E-03  4.950E+00
     161      1     32      1     14      1      52     9.0519E+02  2.350E+11  4.928E-04  7.619E+00
     162      1     32      1     16      1      52     8.9825E+02  2.211E+09  1.000E-30  1.607E+00
     164      1     32      1     19      1      52     4.5152E+02  7.273E+10  2.336E-03  4.019E+00
     166      1     32      1     21      1      52     4.4790E+02  2.370E+09  1.000E-30  5.803E-01
     169      1     32      1     25      1      52     1.7808E+02  1.756E+10  1.720E-02  2.198E+00
     171      1     32      1     27      1      52     1.7615E+02  1.496E+09  1.000E-30  3.077E-01
     174      1     32      1     31      1      52     7.0280E-01  5.517E+01  1.709E-03  1.104E+00
     175      1     33      1     15      1      52     9.0089E+02  2.643E+11  8.321E-04  3.681E+00
     177      1     33      1     20      1      52     4.4938E+02  9.503E+10  4.691E-03  1.899E+00
     179      1     33      1     22      1      52     4.4717E+02  5.810E+08  1.000E-30  4.342E-01
     181      1     33      1     26      1      52     1.7704E+02  2.401E+10  3.900E-02  9.926E-01
     183      1     33      1     28      1      52     1.7580E+02  6.663E+08  1.000E-30  1.607E-01
     185      1     33      1     32      1      52     2.7490E-01  1.619E+00  1.441E-03  4.566E-01
     186      1     34      1     16      1      52     8.9895E+02  1.952E+11  8.147E-04  2.175E+00
     188      1     34      1     21      1      52     4.4860E+02  1.074E+11  7.129E-03  1.111E+00
     191      1     34      1     27      1      52     1.7685E+02  3.134E+10  7.371E-02  5.589E-01
     194      1     34      1     33      1      52     4.2420E-01  4.149E+00  1.480E-03  2.425E-01
     195      1     35      1     13      1      52     1.0346E+03  8.915E+10  1.000E-30  2.750E+01
     196      1     35      1     18      1      52     5.7478E+02  3.758E+10  1.000E-30  1.589E+01
     198      1     35      1     24      1      52     2.9820E+02  1.579E+10  1.000E-30  9.986E+00
     201      1     35      1     30      1      52     1.1906E+02  5.390E+09  1.000E-30  6.720E+00
     203      1     36      1     12      1      52     1.0606E+03  7.049E+10  7.431E-04  4.717E+00
     204      1     36      1     14      1      52     1.0233E+03  2.574E+10  1.000E-30  5.135E+00
     205      1     36      1     17      1      52     5.9109E+02  2.427E+10  1.483E-03  4.706E+00
     206      1     36      1     19      1      52     5.6958E+02  1.281E+10  1.000E-30  2.560E+00
     207      1     36      1     23      1      52     3.0964E+02  8.473E+09  3.617E-03  4.694E+00
     209      1     36      1     25      1      52     2.9614E+02  6.095E+09  1.000E-30  2.559E+00
     211      1     36      1     29      1      52     1.2779E+02  2.312E+09  1.433E-02  4.677E+00
     213      1     36      1     31      1      52     1.1877E+02  2.291E+09  1.000E-30  3.087E+00
     215      1     36      1     35      1      52     3.5433E+00  3.656E+04  1.901E-02  2.634E+00
     216      1     37      1     13      1      52     1.0410E+03  1.313E+11  8.772E-05  2.621E+01
     217      1     37      1     15      1      52     1.0215E+03  7.436E+09  1.000E-30  2.954E+00
     218      1     37      1     18      1      52     5.8110E+02  4.419E+10  3.032E-04  1.467E+01
     219      1     37      1     20      1      52     5.6995E+02  4.900E+09  1.000E-30  1.236E+00
     221      1     37      1     24      1      52     3.0452E+02  1.501E+10  1.199E-03  8.768E+00
     223      1     37      1     26      1      52     2.9760E+02  2.844E+09  1.000E-30  5.671E-01
     226      1     37      1     30      1      52     1.2539E+02  4.028E+09  7.417E-03  5.503E+00
     228      1     37      1     32      1      52     1.2084E+02  1.278E+09  1.000E-30  6.528E-01
     231      1     37      1     36      1      52     2.7803E+00  1.659E+04  4.362E-03  3.511E+00
     232      1     38      1     14      1      52     1.0264E+03  1.798E+11  2.499E-04  7.889E+00
     233      1     38      1     16      1      52     1.0194E+03  1.488E+09  1.000E-30  1.904E+00
     234      1     38      1     19      1      52     5.7269E+02  6.324E+10  9.258E-04  4.315E+00
     235      1     38      1     21      1      52     5.6908E+02  1.681E+09  1.000E-30  8.459E-01
     237      1     38      1     25      1      52     2.9925E+02  2.178E+10  3.888E-03  2.488E+00
     239      1     38      1     27      1      52     2.9733E+02  1.315E+09  1.000E-30  3.375E-01
     242      1     38      1     31      1      52     1.2188E+02  5.643E+09  2.607E-02  1.471E+00
     244      1     38      1     33      1      52     1.2090E+02  7.330E+08  1.000E-30  2.537E-01
     247      1     38      1     37      1      52     3.3030E-01  6.660E+00  2.696E-03  8.123E-01
     248      1     39      1     15      1      52     1.0219E+03  1.891E+11  3.880E-04  3.868E+00
     249      1     39      1     20      1      52     5.7035E+02  7.731E+10  1.695E-03  2.086E+00
     250      1     39      1     22      1      52     5.6815E+02  3.691E+08  1.000E-30  6.144E-01
     252      1     39      1     26      1      52     2.9801E+02  2.843E+10  7.846E-03  1.173E+00
     254      1     39      1     28      1      52     2.9677E+02  5.083E+08  1.000E-30  2.589E-01
     256      1     39      1     32      1      52     1.2125E+02  7.397E+09  5.624E-02  6.734E-01
     258      1     39      1     34      1      52     1.2055E+02  3.917E+08  1.000E-30  1.376E-01
     260      1     39      1     38      1      52     7.3900E-02  3.766E-02  2.738E-03  2.883E-01
     261      1     40      1     16      1      52     1.0198E+03  1.231E+11  3.312E-04  2.310E+00
     262      1     40      1     21      1      52     5.6945E+02  7.739E+10  2.233E-03  1.239E+00
     264      1     40      1     27      1      52     2.9770E+02  3.408E+10  1.258E-02  6.878E-01
     267      1     40      1     33      1      52     1.2127E+02  9.403E+09  1.025E-01  3.875E-01
     270      1     40      1     39      1      52     2.9800E-01  1.832E+00  2.257E-03  2.004E-01
     271      1     41      1     13      1      52     1.1233E+03  6.882E+10  1.000E-30  2.751E+01
     272      1     41      1     18      1      52     6.6340E+02  3.049E+10  1.000E-30  1.591E+01
     273      1     41      1     24      1      52     3.8682E+02  1.405E+10  1.000E-30  1.000E+01
     275      1     41      1     30      1      52     2.0768E+02  6.317E+09  1.000E-30  6.739E+00
     278      1     41      1     36      1      52     8.5076E+01  2.274E+09  1.000E-30  4.767E+00
     280      1     42      1     12      1      52     1.1482E+03  5.562E+10  6.277E-04  3.473E+00
     281      1     42      1     14      1      52     1.1108E+03  1.950E+10  1.000E-30  5.929E+00
     282      1     42      1     17      1      52     6.7867E+02  2.043E+10  1.120E-03  3.462E+00
     283      1     42      1     19      1      52     6.5716E+02  1.012E+10  1.000E-30  2.701E+00
     284      1     42      1     23      1      52     3.9722E+02  8.032E+09  2.203E-03  3.456E+00
     285      1     42      1     25      1      52     3.8372E+02  5.272E+09  1.000E-30  1.777E+00
     286      1     42      1     29      1      52     2.1536E+02  3.077E+09  5.331E-03  3.452E+00
     288      1     42      1     31      1      52     2.0634E+02  2.598E+09  1.000E-30  1.972E+00
     290      1     42      1     35      1      52     9.1119E+01  8.966E+08  2.101E-02  3.447E+00
     292      1     42      1     37      1      52     8.4795E+01  1.008E+09  1.000E-30  2.325E+00
     294      1     42      1     41      1      52     2.4992E+00  1.384E+04  2.759E-02  1.980E+00
     295      1     43      1     13      1      52     1.1279E+03  1.031E+11  5.332E-05  2.662E+01
     296      1     43      1     15      1      52     1.1084E+03  5.463E+09  1.000E-30  3.325E+00
     297      1     43      1     18      1      52     6.6800E+02  3.698E+10  1.633E-04  1.501E+01
     298      1     43      1     20      1      52     6.5684E+02  3.717E+09  1.000E-30  1.562E+00
     299      1     43      1     24      1      52     3.9142E+02  1.420E+10  5.137E-04  9.107E+00
     300      1     43      1     26      1      52     3.8450E+02  2.334E+09  1.000E-30  7.132E-01
     302      1     43      1     30      1      52     2.1228E+02  5.304E+09  1.883E-03  5.829E+00
     304      1     43      1     32      1      52     2.0774E+02  1.336E+09  1.000E-30  4.297E-01
     307      1     43      1     36      1      52     8.9678E+01  1.537E+09  1.106E-02  3.869E+00
     309      1     43      1     38      1      52     8.6568E+01  5.992E+08  1.000E-30  5.322E-01
     312      1     43      1     42      1      52     2.1031E+00  8.272E+03  6.805E-03  2.608E+00
     313      1     44      1     15      1      52     1.1084E+03  1.392E+11  2.163E-04  4.001E+00
     314      1     44      1     20      1      52     6.5688E+02  6.057E+10  8.187E-04  2.212E+00
     315      1     44      1     22      1      52     6.5468E+02  2.472E+08  1.000E-30  7.414E-01
     316      1     44      1     26      1      52     3.8454E+02  2.543E+10  2.908E-03  1.306E+00
     317      1     44      1     28      1      52     3.8330E+02  3.583E+08  1.000E-30  3.789E-01
     319      1     44      1     32      1      52     2.0778E+02  9.773E+09  1.167E-02  8.011E-01
     321      1     44      1     34      1      52     2.0708E+02  3.375E+08  1.000E-30  1.877E-01
     323      1     44      1     38      1      52     8.6605E+01  2.630E+09  7.562E-02  5.025E-01
     325      1     44      1     40      1      52     8.6233E+01  2.199E+08  1.000E-30  1.396E-01
     327      1     45      1     14      1      52     1.1130E+03  1.381E+11  1.466E-04  8.100E+00
     328      1     45      1     16      1      52     1.1061E+03  1.042E+09  1.000E-30  2.107E+00
     329      1     45      1     19      1      52     6.5935E+02  5.187E+10  4.754E-04  4.513E+00
     330      1     45      1     21      1      52     6.5574E+02  1.216E+09  1.000E-30  1.043E+00
     331      1     45      1     25      1      52     3.8591E+02  2.022E+10  1.556E-03  2.685E+00
     332      1     45      1     27      1      52     3.8399E+02  1.009E+09  1.000E-30  5.010E-01
     334      1     45      1     31      1      52     2.0854E+02  7.511E+09  5.958E-03  1.662E+00
     336      1     45      1     33      1      52     2.0756E+02  7.074E+08  1.000E-30  2.410E-01
     339      1     45      1     37      1      52     8.6990E+01  2.067E+09  3.684E-02  1.061E+00
     341      1     45      1     39      1      52     8.6586E+01  3.711E+08  1.000E-30  2.314E-01
     344      1     45      1     43      1      52     9.2200E-02  1.638E-01  5.564E-03  4.471E-01
     345      1     45      1     44      1      52     5.4600E-02  2.286E-02  1.000E-30  1.783E-01
     346      1     46      1     16      1      52     1.1062E+03  8.290E+10  1.678E-04  2.403E+00
     347      1     46      1     21      1      52     6.5590E+02  5.588E+10  9.793E-04  1.333E+00
     348      1     46      1     27      1      52     3.8415E+02  2.842E+10  4.223E-03  7.834E-01
     350      1     46      1     33      1      52     2.0772E+02  1.195E+10  1.886E-02  4.780E-01
     353      1     46      1     39      1      52     8.6749E+01  3.268E+09  1.277E-01  3.030E-01
     355      1     46      1     44      1      52     2.1720E-01  8.528E-01  2.778E-03  1.903E-01
     357      1     48      1     47      1      52     3.1750E+02  2.543E+09  1.408E-04  1.839E+02
     358      1     49      1     48      1      52     3.6284E+02  1.379E+10  7.741E-06  2.762E+02
     359      1     51      1     50      1      52     7.7750E-01  3.617E+01  6.588E-05  1.384E+02
     360      1     52      1     51      1      52     6.6689E+02  2.141E+11  1.000E-30  4.204E+02
     361      1     54      1     53      1      52     3.0082E+01  1.282E+07  1.000E-30  1.845E+02
     362      1     55      1     53      1      52     1.0120E+02  2.643E+08  1.871E-04  8.074E+01
     363      1     56      1     54      1      52     1.0442E+02  2.967E+08  2.077E-04  7.433E+01
     364      1     56      1     55      1      52     3.3297E+01  1.726E+07  1.000E-30  1.922E+02
     365      1     57      1     55      1      52     9.2670E+01  1.477E+08  3.307E-05  1.109E+02
     367      1     58      1     56      1      52     9.3608E+01  1.531E+08  3.465E-05  1.064E+02
     368      1     58      1     57      1      52     3.4235E+01  1.874E+07  1.000E-30  1.948E+02
     369      1     61      1     60      1      53     7.7081E+01  1.026E+07  7.879E-11  2.429E-03
     370      1     62      1     60      1      53     8.3045E+01  1.543E+07  1.000E-30  2.609E-03
     373      1     63      1     61      1      53     8.0094E+00  2.675E+01  1.000E-30  3.567E-04
     375      1     64      1     60      1      53     4.6515E+02  1.410E+10  2.614E-01  1.428E-02
     378      1     65      1     60      1      53     5.0090E+02  7.246E+09  3.217E-11  1.533E-02
     380      1     65      1     63      1      53     4.1581E+02  5.162E+09  5.662E-01  1.279E-02
     381      1     67      1     66      1      53     9.2071E+01  1.774E+08  2.351E-04  5.729E+01
     383      1     68      1     67      1      53     2.1266E+02  2.325E+09  4.482E-05  3.994E+01
     385      1     69      1     67      1      53     2.3259E+02  1.791E+09  1.000E-30  2.160E+01
     386      1     71      1     70      1      53     1.8245E+01  1.177E+06  8.969E-04  1.282E+01
     388      1     72      1     71      1      53     7.1086E+01  2.103E+08  3.385E-04  3.416E+01
     390      1     73      1     72      1      53     1.1156E+02  8.076E+08  6.853E-04  1.007E+01
     392      1     74      1     71      1      53     8.8734E+02  8.482E+11  1.000E-30  4.803E+01
     393      1     75      1     70      1      53     9.0769E+02  6.057E+11  1.625E-03  2.958E+01
     395      1     75      1     72      1      53     8.1835E+02  1.772E+11  1.000E-30  1.669E+01
     396      1     75      1     74      1      53     2.1014E+00  2.478E+03  3.347E-03  4.744E+00
     398      1     76      1     71      1      53     9.4411E+02  1.633E+12  9.479E-04  4.047E+01
     400      1     76      1     73      1      53     7.6146E+02  3.132E+10  1.000E-30  3.130E+00
     402      1     76      1     75      1      53     5.4666E+01  1.954E+08  1.042E-03  2.270E+01
     404      1     77      1     72      1      53     9.7713E+02  3.598E+12  3.316E-03  1.383E+01
     407      1     77      1     76      1      53     1.0411E+02  2.171E+09  4.410E-03  5.194E+00
     409      1     78      1     73      1      53     1.0763E+03  8.853E+12  9.601E-03  6.351E+00
     411      1     78      1     77      1      53     2.1071E+02  1.574E+10  6.821E-03  2.110E+00
     412      1     79      1     70      1      53     1.3871E+03  5.865E+11  7.293E-04  1.787E+01
     414      1     79      1     72      1      53     1.2978E+03  1.466E+11  1.000E-30  9.277E+00
     415      1     79      1     74      1      53     4.8154E+02  9.772E+10  3.057E-03  1.701E+01
     417      1     79      1     76      1      53     4.2478E+02  3.987E+10  1.000E-30  1.022E+01
     420      1     80      1     71      1      53     1.3753E+03  6.922E+11  1.000E-30  4.798E+01
     422      1     80      1     75      1      53     4.8588E+02  1.965E+11  1.000E-30  2.964E+01
     424      1     80      1     79      1      53     6.4349E+00  2.535E+05  1.000E-30  1.649E+01
     426      1     81      1     71      1      53     1.4208E+03  1.393E+12  2.198E-04  4.363E+01
     428      1     81      1     73      1      53     1.2382E+03  2.519E+10  1.000E-30  4.281E+00
     430      1     81      1     75      1      53     5.3137E+02  3.039E+11  1.589E-03  2.522E+01
     432      1     81      1     77      1      53     3.7259E+02  8.471E+09  1.000E-30  1.898E+00
     434      1     81      1     79      1      53     5.1923E+01  3.479E+08  3.781E-03  1.303E+01
     438      1     82      1     76      1      53     5.7966E+02  7.636E+11  6.869E-03  6.833E+00
     440      1     82      1     78      1      53     2.6484E+02  6.077E+08  1.000E-30  7.439E-01
     442      1     82      1     81      1      53     1.0296E+02  4.925E+09  1.826E-02  3.008E+00
     443      1     83      1     74      1      53     7.7070E+02  1.107E+11  1.304E-03  1.100E+01
     445      1     83      1     76      1      53     7.1393E+02  4.102E+10  1.000E-30  5.447E+00
     447      1     83      1     80      1      53     2.8272E+02  2.109E+10  5.225E-03  1.067E+01
     448      1     83      1     81      1      53     2.3723E+02  9.289E+09  1.000E-30  6.697E+00
     451      1     84      1     75      1      53     7.7945E+02  1.780E+11  1.000E-30  2.958E+01
     452      1     84      1     79      1      53     3.0001E+02  6.107E+10  1.000E-30  1.708E+01
     455      1     84      1     83      1      53     1.0851E+01  1.781E+06  1.000E-30  1.124E+01
     457      1     85      1     75      1      53     8.2063E+02  2.886E+11  3.854E-04  2.677E+01
     459      1     85      1     77      1      53     6.6185E+02  9.923E+09  1.000E-30  1.836E+00
     460      1     85      1     79      1      53     3.4119E+02  8.825E+10  3.073E-03  1.432E+01
     463      1     85      1     82      1      53     1.8630E+02  1.541E+09  1.000E-30  1.274E+00
     464      1     85      1     83      1      53     5.2031E+01  6.634E+08  1.159E-02  8.165E+00
     467      1     86      1     77      1      53     6.7729E+02  2.200E+12  1.982E-02  3.114E+00
     470      1     86      1     82      1      53     2.0174E+02  3.942E+10  3.505E-02  1.219E+00
     473      1     87      1     78      1      53     5.1236E+02  1.069E+12  3.086E-02  1.773E+00
     475      1     87      1     86      1      53     4.5782E+01  8.500E+07  9.479E-03  6.237E-01
     477      1     88      1     76      1      53     8.6948E+02  5.797E+11  1.352E-03  7.744E+00
     479      1     88      1     78      1      53     5.5466E+02  1.160E+09  1.000E-30  1.257E+00
     481      1     88      1     81      1      53     3.9278E+02  2.589E+11  1.340E-02  3.855E+00
     484      1     88      1     85      1      53     1.0351E+02  9.646E+09  5.848E-02  1.911E+00
     485      1     88      1     86      1      53     8.8076E+01  4.826E+07  1.000E-30  4.589E-01
     487      1     89      1     74      1      53     9.5869E+02  9.517E+10  8.271E-04  7.746E+00
     488      1     89      1     76      1      53     9.0192E+02  3.281E+10  1.000E-30  4.781E+00
     490      1     89      1     80      1      53     4.7071E+02  2.731E+10  2.135E-03  7.285E+00
     491      1     89      1     81      1      53     4.2522E+02  1.222E+10  1.000E-30  3.750E+00
     494      1     89      1     84      1      53     1.7714E+02  5.470E+09  8.255E-03  7.151E+00
     495      1     89      1     85      1      53     1.3596E+02  2.043E+09  1.000E-30  4.600E+00
     497      1     90      1     75      1      53     9.7022E+02  1.396E+11  1.000E-30  2.960E+01
     498      1     90      1     79      1      53     4.9078E+02  5.819E+10  1.000E-30  1.709E+01
     501      1     90      1     83      1      53     2.0163E+02  2.358E+10  1.000E-30  1.074E+01
     504      1     90      1     89      1      53     1.3639E+01  3.042E+06  1.000E-30  3.885E+00
     505      1     91      1     75      1      53     1.0099E+03  2.329E+11  1.614E-04  2.768E+01
     506      1     91      1     77      1      53     8.5110E+02  7.991E+09  1.000E-30  2.611E+00
     507      1     91      1     79      1      53     5.3043E+02  8.482E+10  7.375E-04  1.523E+01
     510      1     91      1     82      1      53     3.7555E+02  3.017E+09  1.000E-30  9.539E-01
     511      1     91      1     83      1      53     2.4127E+02  3.526E+10  5.629E-03  8.883E+00
     515      1     91      1     88      1      53     8.5729E+01  1.579E+08  1.000E-30  9.245E-01
     516      1     91      1     89      1      53     5.3287E+01  1.247E+09  3.130E-02  5.438E+00
     518      1     92      1     74      1      53     1.0879E+03  7.705E+10  5.922E-04  5.992E+00
     519      1     92      1     76      1      53     1.0312E+03  2.522E+10  1.000E-30  5.571E+00
     520      1     92      1     80      1      53     5.9995E+02  2.551E+10  1.322E-03  5.301E+00
     521      1     92      1     81      1      53     5.5446E+02  1.095E+10  1.000E-30  2.784E+00
     523      1     92      1     84      1      53     3.0638E+02  8.052E+09  3.263E-03  5.102E+00
     524      1     92      1     85      1      53     2.6520E+02  3.722E+09  1.000E-30  2.763E+00
     527      1     92      1     90      1      53     1.1560E+02  1.565E+09  1.216E-02  5.027E+00
     528      1     92      1     91      1      53     7.5952E+01  3.644E+08  1.000E-30  3.315E+00
     529      1     93      1     75      1      53     1.1014E+03  1.073E+11  1.000E-30  2.961E+01
     530      1     93      1     79      1      53     6.2192E+02  4.841E+10  1.000E-30  1.710E+01
     531      1     93      1     83      1      53     3.3276E+02  2.286E+10  1.000E-30  1.075E+01
     534      1     93      1     89      1      53     1.4478E+02  1.085E+10  1.000E-30  7.232E+00
     537      1     93      1     92      1      53     1.5538E+01  1.273E+07  1.000E-30  5.279E+00
     538      1     94      1     76      1      53     1.0597E+03  4.244E+11  5.114E-04  8.269E+00
     539      1     94      1     78      1      53     7.4491E+02  1.011E+09  1.000E-30  1.751E+00
     541      1     94      1     81      1      53     5.8303E+02  1.941E+11  2.674E-03  4.355E+00
     544      1     94      1     85      1      53     2.9377E+02  1.240E+11  2.520E-02  2.385E+00
     545      1     94      1     86      1      53     2.7833E+02  3.412E+08  1.000E-30  6.247E-01
     549      1     94      1     91      1      53     1.0453E+02  1.606E+10  1.552E-01  1.304E+00
     552      1     95      1     77      1      53     9.6122E+02  1.107E+12  2.885E-03  3.671E+00
     555      1     95      1     82      1      53     4.8567E+02  8.743E+11  3.916E-02  1.744E+00
     558      1     95      1     87      1      53     2.3815E+02  5.189E+08  1.000E-30  2.605E-01
     559      1     95      1     88      1      53     1.9586E+02  6.975E+10  1.152E-01  7.923E-01
     561      1     95      1     94      1      53     5.5996E+00  1.224E+04  1.733E-03  3.417E-01
     562      1     96      1     75      1      53     1.1409E+03  1.828E+11  8.600E-05  2.827E+01
     563      1     96      1     77      1      53     9.8211E+02  6.132E+09  1.000E-30  3.190E+00
     564      1     96      1     79      1      53     6.6145E+02  7.171E+10  3.106E-04  1.576E+01
     565      1     96      1     82      1      53     5.0657E+02  2.956E+09  1.000E-30  1.321E+00
     566      1     96      1     83      1      53     3.7229E+02  3.240E+10  1.320E-03  9.411E+00
     569      1     96      1     88      1      53     2.1675E+02  7.713E+08  1.000E-30  6.105E-01
     570      1     96      1     89      1      53     1.8430E+02  1.825E+10  9.869E-03  5.920E+00
     573      1     96      1     92      1      53     5.5065E+01  2.207E+09  7.548E-02  3.832E+00
     575      1     96      1     94      1      53     2.6491E+01  2.770E+06  1.000E-30  7.098E-01
     578      1     97      1     78      1      53     7.9354E+02  4.791E+11  2.943E-03  2.153E+00
     580      1     97      1     86      1      53     3.2696E+02  2.536E+11  5.233E-02  9.822E-01
     584      1     97      1     95      1      53     4.3029E+01  1.883E+08  3.986E-02  4.105E-01
     585      1     98      1     74      1      53     1.1808E+03  6.145E+10  4.388E-04  5.043E+00
     586      1     98      1     76      1      53     1.1240E+03  1.942E+10  1.000E-30  6.429E+00
     587      1     98      1     80      1      53     6.9278E+02  2.191E+10  9.505E-04  4.114E+00
     588      1     98      1     81      1      53     6.4729E+02  9.071E+09  1.000E-30  2.931E+00
     589      1     98      1     84      1      53     3.9921E+02  8.108E+09  1.978E-03  3.826E+00
     590      1     98      1     85      1      53     3.5803E+02  3.799E+09  1.000E-30  1.922E+00
     592      1     98      1     90      1      53     2.0843E+02  2.682E+09  4.718E-03  3.738E+00
     593      1     98      1     91      1      53     1.6878E+02  1.106E+09  1.000E-30  2.123E+00
     595      1     98      1     93      1      53     7.7294E+01  4.706E+08  1.676E-02  3.694E+00
     597      1     98      1     96      1      53     3.7767E+01  3.758E+07  1.000E-30  2.488E+00
     598      1     99      1     75      1      53     1.1956E+03  8.299E+10  1.000E-30  2.963E+01
     599      1     99      1     79      1      53     7.1611E+02  3.884E+10  1.000E-30  1.712E+01
     600      1     99      1     83      1      53     4.2696E+02  1.955E+10  1.000E-30  1.077E+01
     601      1     99      1     89      1      53     2.3897E+02  1.035E+10  1.000E-30  7.251E+00
     604      1     99      1     92      1      53     1.0973E+02  5.801E+09  1.000E-30  5.105E+00
     607      1     99      1     98      1      53     1.6897E+01  3.370E+07  1.000E-30  3.945E+00
     608      1    100      1     75      1      53     1.2357E+03  1.431E+11  5.225E-05  2.867E+01
     609      1    100      1     77      1      53     1.0769E+03  4.701E+09  1.000E-30  3.586E+00
     610      1    100      1     79      1      53     7.5626E+02  5.870E+10  1.659E-04  1.616E+01
     611      1    100      1     82      1      53     6.0138E+02  2.532E+09  1.000E-30  1.673E+00
     612      1    100      1     83      1      53     4.6710E+02  2.788E+10  5.511E-04  9.813E+00
     613      1    100      1     88      1      53     3.1156E+02  9.694E+08  1.000E-30  7.653E-01
     614      1    100      1     89      1      53     2.7912E+02  1.537E+10  2.232E-03  6.272E+00
     617      1    100      1     92      1      53     1.4988E+02  1.159E+10  1.676E-02  4.158E+00
     619      1    100      1     94      1      53     1.2130E+02  1.496E+08  1.000E-30  4.602E-01
     621      1    100      1     98      1      53     5.7044E+01  3.562E+09  1.641E-01  2.831E+00
     623      1    101      1     76      1      53     1.1918E+03  3.144E+11  2.578E-04  8.540E+00
     624      1    101      1     78      1      53     8.7698E+02  7.884E+08  1.000E-30  2.073E+00
     625      1    101      1     81      1      53     7.1510E+02  1.475E+11  1.025E-03  4.670E+00
     627      1    101      1     85      1      53     4.2583E+02  8.551E+10  4.897E-03  2.694E+00
     628      1    101      1     86      1      53     4.1039E+02  4.400E+08  1.000E-30  9.085E-01
     631      1    101      1     91      1      53     2.3659E+02  7.488E+10  4.477E-02  1.594E+00
     634      1    101      1     95      1      53     1.2646E+02  5.219E+07  1.000E-30  3.702E-01
     635      1    101      1     96      1      53     1.0557E+02  2.304E+10  3.547E-01  9.535E-01
     638      1    101      1    100      1      53     1.0760E+01  1.142E+05  1.921E-03  5.669E-01
     639      1    102      1     77      1      53     1.1469E+03  6.693E+11  9.411E-04  3.997E+00
     641      1    102      1     82      1      53     6.7131E+02  4.524E+11  6.195E-03  2.064E+00
     644      1    102      1     87      1      53     4.2378E+02  4.522E+08  1.000E-30  4.773E-01
     645      1    102      1     88      1      53     3.8149E+02  4.610E+11  7.086E-02  1.092E+00
     647      1    102      1     94      1      53     1.9123E+02  9.857E+10  2.949E-01  5.585E-01
     650      1    102      1     97      1      53     1.4260E+02  2.770E+08  1.000E-30  1.845E-01
     652      1    102      1    101      1      53     5.9168E+01  1.755E+07  2.510E-03  2.859E-01
     653      1    103      1     76      1      53     1.2875E+03  2.383E+11  1.502E-04  8.815E+00
     654      1    103      1     78      1      53     9.7272E+02  6.048E+08  1.000E-30  2.290E+00
     655      1    103      1     81      1      53     8.1083E+02  1.141E+11  5.197E-04  4.888E+00
     656      1    103      1     85      1      53     5.2157E+02  6.505E+10  1.875E-03  2.905E+00
     657      1    103      1     86      1      53     5.0613E+02  4.159E+08  1.000E-30  1.119E+00
     659      1    103      1     91      1      53     3.3233E+02  4.652E+10  8.428E-03  1.805E+00
     662      1    103      1     95      1      53     2.2220E+02  1.134E+08  1.000E-30  5.457E-01
     663      1    103      1     96      1      53     2.0131E+02  5.423E+10  7.607E-02  1.145E+00
     665      1    103      1    100      1      53     1.0650E+02  2.889E+10  7.215E-01  7.412E-01
     667      1    103      1    102      1      53     3.6571E+01  1.639E+06  1.000E-30  2.656E-01
     668      1    104      1     78      1      53     9.7661E+02  2.617E+11  7.805E-04  2.374E+00
     670      1    104      1     86      1      53     5.1003E+02  1.727E+11  7.240E-03  1.197E+00
     674      1    104      1     95      1      53     2.2610E+02  7.982E+10  8.222E-02  6.164E-01
     677      1    104      1    102      1      53     4.0464E+01  2.864E+08  1.099E-01  2.991E-01
     679      1    105      1     77      1      53     1.2750E+03  4.415E+11  4.298E-04  4.197E+00
     680      1    105      1     82      1      53     7.9944E+02  2.880E+11  2.113E-03  2.264E+00
     682      1    105      1     87      1      53     5.5191E+02  3.178E+08  1.000E-30  6.713E-01
     683      1    105      1     88      1      53     5.0962E+02  2.323E+11  1.175E-02  1.286E+00
     685      1    105      1     94      1      53     3.1936E+02  2.906E+11  1.179E-01  7.429E-01
     688      1    105      1     97      1      53     2.7073E+02  3.402E+08  1.000E-30  2.888E-01
     690      1    105      1    101      1      53     1.8730E+02  1.193E+11  6.324E-01  4.318E-01
     692      1    105      1    103      1      53     9.1560E+01  2.833E+07  1.187E-03  2.582E-01
     693      1    105      1    104      1      53     8.7667E+01  1.055E+08  1.000E-30  1.588E-01
     694      1    106      1     78      1      53     1.1024E+03  1.616E+11  3.161E-04  2.515E+00
     695      1    106      1     86      1      53     6.3583E+02  1.158E+11  2.223E-03  1.338E+00
     698      1    106      1     95      1      53     3.5190E+02  6.401E+10  1.301E-02  7.563E-01
     701      1    106      1    102      1      53     1.6626E+02  3.118E+10  1.218E-01  4.294E-01
     704      1    106      1    105      1      53     3.8133E+01  3.621E+08  2.272E-01  2.447E-01
     705      1    107      1     77      1      53     1.3672E+03  3.086E+11  2.357E-04  4.338E+00
     706      1    107      1     82      1      53     8.9170E+02  1.979E+11  9.840E-04  2.405E+00
     707      1    107      1     87      1      53     6.4417E+02  2.246E+08  1.000E-30  8.109E-01
     708      1    107      1     88      1      53     6.0188E+02  1.470E+11  4.014E-03  1.427E+00
     710      1    107      1     94      1      53     4.1162E+02  1.420E+11  1.997E-02  8.838E-01
     712      1    107      1     97      1      53     3.6299E+02  2.777E+08  1.000E-30  4.188E-01
     714      1    107      1    101      1      53     2.7956E+02  2.112E+11  1.822E-01  5.612E-01
     716      1    107      1    103      1      53     1.8382E+02  1.321E+11  1.124E+00  3.696E-01
     717      1    107      1    104      1      53     1.7993E+02  1.855E+08  1.000E-30  2.126E-01
     719      1    107      1    106      1      53     5.4126E+01  3.298E+07  1.000E-30  1.603E-01
     720      1    108      1     78      1      53     1.1926E+03  1.077E+11  1.604E-04  2.608E+00
     721      1    108      1     86      1      53     7.2599E+02  8.080E+10  9.687E-04  1.437E+00
     723      1    108      1     95      1      53     4.4206E+02  4.760E+10  4.278E-03  8.493E-01
     725      1    108      1    102      1      53     2.5642E+02  2.666E+10  2.043E-02  5.250E-01
     728      1    108      1    105      1      53     1.2829E+02  1.441E+10  1.624E-01  3.364E-01
     730      1    108      1    107      1      53     3.6034E+01  4.685E+08  3.723E-01  2.277E-01
     731      1    110      1    109      1      53     1.0325E+02  4.818E+08  1.000E-30  3.596E+02
     732      1    111      1    109      1      53     6.2828E+02  1.221E+11  9.058E-06  4.025E+02
     733      1    114      1    113      1      54     7.1415E+00  1.470E+03  1.000E-30  3.267E-04
     735      1    115      1    114      1      54     4.2027E+02  8.240E+09  3.811E-01  1.287E-02
     736      1    117      1    116      1      54     8.2284E+01  2.295E+07  3.698E+00  3.112E-03
     737      1    118      1    117      1      54     6.5579E+01  3.449E+07  2.440E-05  9.899E+01
     739      1    120      1    119      1      54     2.7707E+01  1.525E+06  3.863E+00  2.936E-03
     740      1    121      1    120      1      54     3.4184E+01  1.087E+07  1.523E-04  3.527E+01
     743      1    122      1    121      1      54     1.1729E+01  9.500E+04  6.947E-05  1.004E+01
     745      1    124      1    119      1      54     9.4819E+02  7.235E+11  1.610E-03  3.129E+01
     746      1    124      1    121      1      54     8.8629E+02  2.309E+11  1.000E-30  1.764E+01
     747      1    123      1    120      1      54     9.0352E+02  8.427E+11  1.000E-30  5.144E+01
     749      1    124      1    123      1      54     1.6956E+01  9.751E+05  8.997E-01  1.584E-02
     750      1    125      1    120      1      54     9.3511E+02  1.529E+12  8.605E-04  4.296E+01
     753      1    125      1    122      1      54     8.8920E+02  5.626E+10  1.000E-30  3.373E+00
     754      1    125      1    124      1      54     1.4632E+01  9.989E+05  2.820E-04  2.233E+01
     757      1    126      1    121      1      54     9.0719E+02  2.577E+12  2.744E-03  1.494E+01
     759      1    126      1    125      1      54     6.2624E+00  2.750E+04  2.564E-04  5.177E+00
     761      1    127      1    122      1      54     9.0472E+02  4.260E+12  7.221E-03  6.817E+00
     763      1    127      1    126      1      54     9.2648E+00  3.295E+04  1.722E-04  2.039E+00
     765      1    129      1    121      1      54     1.3816E+03  1.790E+11  1.000E-30  9.904E+00
     767      1    129      1    123      1      54     5.1224E+02  1.258E+11  3.076E-03  1.808E+01
     768      1    129      1    125      1      54     4.8065E+02  6.203E+10  1.000E-30  1.080E+01
     770      1    128      1    120      1      54     1.4063E+03  7.062E+11  1.000E-30  5.130E+01
     772      1    128      1    124      1      54     4.8585E+02  1.811E+11  1.000E-30  3.175E+01
     775      1    129      1    128      1      54     9.4325E+00  1.999E+05  9.009E-01  1.845E-02
     777      1    130      1    120      1      54     1.4246E+03  9.024E+11  1.732E-03  3.567E+00
     779      1    130      1    122      1      54     1.3787E+03  3.745E+10  1.000E-30  4.606E+00
     780      1    130      1    124      1      54     5.0408E+02  2.397E+11  1.379E-03  2.684E+01
     783      1    130      1    126      1      54     4.8319E+02  2.311E+10  1.000E-30  2.039E+00
     785      1    130      1    129      1      54     8.7978E+00  2.861E+05  6.404E-04  1.297E+01
     788      1    131      1    121      1      54     1.3942E+03  1.976E+12  5.137E-04  1.683E+01
     790      1    131      1    125      1      54     4.9329E+02  3.877E+11  5.227E-03  7.380E+00
     791      1    131      1    127      1      54     4.7777E+02  6.213E+09  1.000E-30  7.884E-01
     793      1    131      1    130      1      54     3.8408E+00  9.422E+03  6.552E-04  3.011E+00
     795      1    132      1    122      1      54     1.3904E+03  2.101E+12  8.292E-04  7.988E+00
     797      1    132      1    126      1      54     4.9497E+02  6.085E+11  1.297E-02  3.340E+00
     799      1    132      1    131      1      54     7.9348E+00  3.830E+04  5.463E-04  1.189E+00
     800      1    133      1    127      1      54     4.8686E+02  8.419E+11  2.647E-02  1.886E+00
     801      1    133      1    132      1      54     1.1594E+00  3.407E+01  2.395E-04  6.010E-01
     802      1    134      1    124      1      54     7.8763E+02  1.728E+11  1.000E-30  3.167E+01
     804      1    134      1    129      1      54     2.9235E+02  5.084E+10  1.000E-30  1.834E+01
     808      1    135      1    123      1      54     8.1021E+02  1.345E+11  1.310E-03  1.145E+01
     809      1    135      1    125      1      54     7.7862E+02  5.539E+10  1.000E-30  9.991E+00
     811      1    135      1    128      1      54     3.0740E+02  2.967E+10  5.363E-03  1.137E+01
     812      1    135      1    130      1      54     2.8917E+02  1.946E+10  1.000E-30  5.779E+00
     814      1    135      1    134      1      54     5.6221E+00  8.679E+04  9.606E-03  3.056E+00
     815      1    136      1    124      1      54     7.9909E+02  2.506E+11  3.065E-04  3.165E+01
     818      1    136      1    126      1      54     7.7820E+02  1.830E+10  1.000E-30  4.953E+00
     819      1    136      1    129      1      54     3.0380E+02  5.414E+10  2.088E-03  1.831E+01
     822      1    136      1    131      1      54     2.9116E+02  8.862E+09  1.000E-30  2.874E+00
     825      1    136      1    135      1      54     5.8334E+00  1.049E+05  1.270E-03  8.227E+00
     827      1    137      1    125      1      54     7.8707E+02  3.750E+11  9.126E-04  9.997E+00
     828      1    137      1    127      1      54     7.7154E+02  4.190E+09  1.000E-30  2.982E+00
     830      1    137      1    130      1      54     2.9761E+02  8.334E+10  6.530E-03  5.794E+00
     831      1    137      1    132      1      54     2.8584E+02  3.496E+09  1.000E-30  1.732E+00
     833      1    137      1    136      1      54     2.6080E+00  3.907E+03  1.379E-03  1.897E+00
     835      1    138      1    126      1      54     7.8806E+02  4.834E+11  1.691E-03  4.955E+00
     837      1    138      1    131      1      54     3.0103E+02  1.291E+11  1.422E-02  2.876E+00
     838      1    138      1    133      1      54     2.9194E+02  1.131E+09  1.000E-30  1.159E+00
     840      1    138      1    137      1      54     7.2571E+00  4.132E+04  1.210E-03  7.573E-01
     841      1    139      1    127      1      54     7.7953E+02  4.298E+11  2.008E-03  2.983E+00
     842      1    139      1    132      1      54     2.9383E+02  1.647E+11  2.561E-02  1.732E+00
     843      1    139      1    138      1      54     7.3047E-01  1.592E+01  6.968E-04  3.857E-01
     844      1    140      1    133      1      54     2.9317E+02  2.224E+11  4.379E-02  1.155E+00
     845      1    140      1    139      1      54     5.0455E-01  1.994E+00  3.668E-04  2.268E-01
     846      1    141      1    124      1      54     9.8280E+02  1.376E+11  1.000E-30  3.164E+01
     847      1    141      1    129      1      54     4.8751E+02  5.299E+10  1.000E-30  1.828E+01
     851      1    141      1    135      1      54     1.8954E+02  1.699E+10  1.000E-30  1.151E+01
     853      1    142      1    123      1      54     1.0032E+03  1.128E+11  8.624E-04  7.682E+00
     854      1    142      1    125      1      54     9.7165E+02  4.207E+10  1.000E-30  1.001E+01
     856      1    142      1    128      1      54     5.0043E+02  3.467E+10  2.142E-03  7.670E+00
     857      1    142      1    130      1      54     4.8220E+02  1.916E+10  1.000E-30  5.798E+00
     859      1    142      1    134      1      54     1.9865E+02  8.696E+09  8.762E-03  7.599E+00
     861      1    142      1    136      1      54     1.8719E+02  6.970E+09  1.000E-30  4.876E+00
     863      1    142      1    141      1      54     3.4847E+00  2.252E+04  1.675E-02  1.930E+00
     864      1    143      1    124      1      54     9.9046E+02  2.085E+11  1.340E-04  3.163E+01
     865      1    143      1    126      1      54     9.6956E+02  1.302E+10  1.000E-30  4.965E+00
     866      1    143      1    129      1      54     4.9517E+02  6.243E+10  5.558E-04  1.828E+01
     869      1    143      1    131      1      54     4.8253E+02  7.944E+09  1.000E-30  2.887E+00
     872      1    143      1    135      1      54     1.9720E+02  1.542E+10  4.217E-03  9.457E+00
     874      1    143      1    137      1      54     1.8876E+02  3.586E+09  1.000E-30  9.931E-01
     877      1    143      1    142      1      54     4.1712E+00  4.552E+04  2.264E-03  5.486E+00
     878      1    144      1    125      1      54     9.7774E+02  2.962E+11  3.752E-04  1.001E+01
     879      1    144      1    127      1      54     9.6221E+02  2.714E+09  1.000E-30  2.995E+00
     881      1    144      1    130      1      54     4.8829E+02  9.224E+10  1.621E-03  5.801E+00
     882      1    144      1    132      1      54     4.7651E+02  2.830E+09  1.000E-30  1.744E+00
     884      1    144      1    136      1      54     1.9328E+02  2.264E+10  1.482E-02  2.563E+00
     885      1    144      1    138      1      54     1.8342E+02  1.636E+09  1.000E-30  3.524E-01
     887      1    144      1    143      1      54     1.9160E+00  1.936E+03  2.540E-03  1.289E+00
     888      1    145      1    126      1      54     9.7835E+02  3.407E+11  6.208E-04  4.966E+00
     890      1    145      1    131      1      54     4.9132E+02  1.259E+11  3.124E-03  2.887E+00
     891      1    145      1    133      1      54     4.8223E+02  7.321E+08  1.000E-30  1.170E+00
     893      1    145      1    137      1      54     1.9755E+02  3.450E+10  3.472E-02  1.146E+00
     894      1    145      1    139      1      54     1.8956E+02  8.354E+08  1.000E-30  1.808E-01
     896      1    145      1    144      1      54     6.8766E+00  4.477E+04  2.218E-03  5.254E-01
     897      1    146      1    127      1      54     9.6958E+02  2.448E+11  5.915E-04  2.993E+00
     898      1    146      1    132      1      54     4.8388E+02  1.356E+11  4.547E-03  1.742E+00
     899      1    146      1    138      1      54     1.9078E+02  3.983E+10  6.396E-02  6.444E-01
     900      1    146      1    140      1      54     1.8955E+02  2.561E+08  1.000E-30  1.196E-01
     901      1    146      1    145      1      54     4.8959E-01  6.804E+00  1.381E-03  2.769E-01
     902      1    147      1    133      1      54     4.8306E+02  1.137E+11  4.689E-03  1.165E+00
     903      1    147      1    139      1      54     1.9039E+02  5.046E+10  1.105E-01  4.112E-01
     904      1    147      1    146      1      54     3.3818E-01  1.133E+00  9.368E-04  1.682E-01
     905      1    148      1    140      1      54     1.9013E+02  6.198E+10  1.807E-01  2.830E-01
     906      1    148      1    147      1      54     2.4746E-01  1.762E-01  4.780E-04  1.106E-01
     907      1    149      1    124      1      54     1.1162E+03  1.062E+11  1.000E-30  3.164E+01
     908      1    149      1    129      1      54     6.2092E+02  4.499E+10  1.000E-30  1.828E+01
     910      1    149      1    135      1      54     3.2295E+02  1.893E+10  1.000E-30  1.152E+01
     913      1    149      1    142      1      54     1.2992E+02  6.492E+09  1.000E-30  7.743E+00
     915      1    150      1    123      1      54     1.1354E+03  9.000E+10  6.734E-04  5.416E+00
     916      1    150      1    125      1      54     1.1038E+03  3.161E+10  1.000E-30  1.002E+01
     917      1    150      1    128      1      54     6.3256E+02  3.116E+10  1.352E-03  5.403E+00
     918      1    150      1    130      1      54     6.1433E+02  1.571E+10  1.000E-30  5.814E+00
     919      1    150      1    134      1      54     3.3078E+02  1.087E+10  3.312E-03  5.390E+00
     921      1    150      1    136      1      54     3.1933E+02  7.461E+09  1.000E-30  2.917E+00
     923      1    150      1    141      1      54     1.3562E+02  2.979E+09  1.344E-02  5.372E+00
     925      1    150      1    143      1      54     1.2796E+02  2.788E+09  1.000E-30  3.520E+00
     927      1    150      1    149      1      54     2.2069E+00  5.992E+03  2.818E-02  1.220E+00
     928      1    151      1    124      1      54     1.1216E+03  1.650E+11  7.307E-05  3.162E+01
     929      1    151      1    126      1      54     1.1007E+03  9.355E+09  1.000E-30  4.980E+00
     930      1    151      1    129      1      54     6.2630E+02  5.584E+10  2.457E-04  1.827E+01
     931      1    151      1    131      1      54     6.1366E+02  6.134E+09  1.000E-30  2.901E+00
     933      1    151      1    135      1      54     3.2833E+02  1.905E+10  1.059E-03  1.005E+01
     935      1    151      1    137      1      54     3.1989E+02  3.531E+09  1.000E-30  6.497E-01
     937      1    151      1    142      1      54     1.3530E+02  5.189E+09  6.633E-03  6.301E+00
     939      1    151      1    144      1      54     1.2921E+02  1.555E+09  1.000E-30  7.515E-01
     941      1    151      1    150      1      54     3.1681E+00  2.339E+04  3.787E-03  3.853E+00
     942      1    152      1    125      1      54     1.1084E+03  2.266E+11  1.967E-04  1.002E+01
     943      1    152      1    127      1      54     1.0929E+03  1.833E+09  1.000E-30  3.008E+00
     944      1    152      1    130      1      54     6.1900E+02  8.000E+10  6.879E-04  5.816E+00
     945      1    152      1    132      1      54     6.0722E+02  2.043E+09  1.000E-30  1.757E+00
     947      1    152      1    136      1      54     3.2399E+02  2.765E+10  3.339E-03  2.897E+00
     948      1    152      1    138      1      54     3.1413E+02  1.524E+09  1.000E-30  3.808E-01
     950      1    152      1    143      1      54     1.3263E+02  7.352E+09  2.254E-02  1.712E+00
     951      1    152      1    145      1      54     1.2383E+02  7.512E+08  1.000E-30  2.849E-01
     953      1    152      1    151      1      54     1.4980E+00  1.076E+03  4.063E-03  9.369E-01
     954      1    153      1    126      1      54     1.1088E+03  2.430E+11  3.032E-04  4.978E+00
     955      1    153      1    131      1      54     6.2180E+02  1.013E+11  1.232E-03  2.900E+00
     956      1    153      1    133      1      54     6.1271E+02  4.651E+08  1.000E-30  1.183E+00
     958      1    153      1    137      1      54     3.2803E+02  3.872E+10  6.911E-03  1.358E+00
     959      1    153      1    139      1      54     3.2004E+02  6.419E+08  1.000E-30  2.892E-01
     961      1    153      1    144      1      54     1.3736E+02  1.134E+10  5.125E-02  7.755E-01
     962      1    153      1    146      1      54     1.2999E+02  4.926E+08  1.000E-30  1.508E-01
     963      1    153      1    152      1      54     6.6466E+00  4.858E+04  3.519E-03  3.994E-01
     964      1    154      1    127      1      54     1.0999E+03  1.542E+11  2.540E-04  3.005E+00
     965      1    154      1    132      1      54     6.1421E+02  9.706E+10  1.576E-03  1.754E+00
     966      1    154      1    138      1      54     3.2112E+02  4.287E+10  1.094E-02  7.919E-01
     967      1    154      1    140      1      54     3.1988E+02  1.604E+08  1.000E-30  2.293E-01
     968      1    154      1    145      1      54     1.3082E+02  1.199E+10  8.934E-02  4.417E-01
     969      1    154      1    147      1      54     1.3000E+02  2.274E+08  1.000E-30  9.987E-02
     970      1    154      1    153      1      54     3.4390E-01  3.019E+00  2.190E-03  2.226E-01
     971      1    155      1    133      1      54     6.1329E+02  6.403E+10  1.273E-03  1.177E+00
     972      1    155      1    139      1      54     3.2062E+02  4.497E+10  1.441E-02  5.199E-01
     973      1    155      1    146      1      54     1.3057E+02  1.456E+10  1.481E-01  2.867E-01
     974      1    155      1    148      1      54     1.2999E+02  7.052E+07  1.000E-30  7.596E-02
     975      1    155      1    154      1      54     2.3759E-01  5.604E-01  1.546E-03  1.438E-01
     976      1    156      1    124      1      54     1.2114E+03  8.190E+10  1.000E-30  3.163E+01
     977      1    156      1    129      1      54     7.1613E+02  3.642E+10  1.000E-30  1.828E+01
     978      1    156      1    135      1      54     4.1816E+02  1.690E+10  1.000E-30  1.154E+01
     980      1    156      1    142      1      54     2.2513E+02  7.629E+09  1.000E-30  7.761E+00
     983      1    156      1    150      1      54     9.3002E+01  2.769E+09  1.000E-30  5.473E+00
     985      1    157      1    123      1      54     1.2298E+03  7.110E+10  5.699E-04  3.979E+00
     986      1    157      1    125      1      54     1.1982E+03  2.390E+10  1.000E-30  1.004E+01
     987      1    157      1    128      1      54     7.2695E+02  2.617E+10  1.019E-03  3.966E+00
     988      1    157      1    130      1      54     7.0872E+02  1.243E+10  1.000E-30  5.831E+00
     989      1    157      1    134      1      54     4.2517E+02  1.032E+10  2.014E-03  3.960E+00
     990      1    157      1    136      1      54     4.1371E+02  6.457E+09  1.000E-30  2.037E+00
     991      1    157      1    141      1      54     2.3000E+02  3.961E+09  4.903E-03  3.955E+00
     993      1    157      1    143      1      54     2.2235E+02  3.169E+09  1.000E-30  2.237E+00
     995      1    157      1    149      1      54     9.6594E+01  1.151E+09  1.973E-02  3.948E+00
     997      1    157      1    151      1      54     9.1219E+01  1.213E+09  1.000E-30  2.641E+00
     999      1    157      1    156      1      54     1.3856E+00  1.490E+03  4.561E-02  7.756E-01
    1000      1    158      1    124      1      54     1.2153E+03  1.294E+11  4.499E-05  3.164E+01
    1001      1    158      1    126      1      54     1.1944E+03  6.870E+09  1.000E-30  4.997E+00
    1002      1    158      1    129      1      54     7.2004E+02  4.665E+10  1.350E-04  1.828E+01
    1003      1    158      1    131      1      54     7.0740E+02  4.671E+09  1.000E-30  2.919E+00
    1004      1    158      1    135      1      54     4.2207E+02  1.801E+10  4.527E-04  1.045E+01
    1005      1    158      1    137      1      54     4.1363E+02  2.911E+09  1.000E-30  8.133E-01
    1007      1    158      1    142      1      54     2.2904E+02  6.783E+09  1.675E-03  6.671E+00
    1009      1    158      1    144      1      54     2.2296E+02  1.652E+09  1.000E-30  4.858E-01
    1011      1    158      1    150      1      54     9.6914E+01  1.997E+09  9.944E-03  4.422E+00
    1012      1    158      1    152      1      54     9.2248E+01  7.189E+08  1.000E-30  6.050E-01
    1014      1    158      1    157      1      54     2.5273E+00  1.373E+04  5.988E-03  2.832E+00
    1015      1    159      1    125      1      54     1.2019E+03  1.738E+11  1.182E-04  1.004E+01
    1016      1    159      1    127      1      54     1.1864E+03  1.291E+09  1.000E-30  3.027E+00
    1017      1    159      1    130      1      54     7.1248E+02  6.548E+10  3.679E-04  5.833E+00
    1018      1    159      1    132      1      54     7.0070E+02  1.477E+09  1.000E-30  1.774E+00
    1019      1    159      1    136      1      54     4.1747E+02  2.567E+10  1.343E-03  3.119E+00
    1020      1    159      1    138      1      54     4.0761E+02  1.197E+09  1.000E-30  5.663E-01
    1022      1    159      1    143      1      54     2.2610E+02  9.631E+09  5.162E-03  1.928E+00
    1023      1    159      1    145      1      54     2.1731E+02  7.900E+08  1.000E-30  2.642E-01
    1025      1    159      1    151      1      54     9.4977E+01  2.732E+09  3.232E-02  1.223E+00
    1026      1    159      1    153      1      54     8.6832E+01  3.491E+08  1.000E-30  2.527E-01
    1028      1    159      1    158      1      54     1.2307E+00  6.761E+02  5.982E-03  7.248E-01
    1029      1    160      1    126      1      54     1.2022E+03  1.779E+11  1.736E-04  4.995E+00
    1030      1    160      1    131      1      54     7.1513E+02  7.887E+10  6.266E-04  2.917E+00
    1031      1    160      1    133      1      54     7.0604E+02  3.124E+08  1.000E-30  1.199E+00
    1032      1    160      1    137      1      54     4.2136E+02  3.411E+10  2.576E-03  1.503E+00
    1033      1    160      1    139      1      54     4.1337E+02  4.509E+08  1.000E-30  4.241E-01
    1035      1    160      1    144      1      54     2.3069E+02  1.381E+10  1.057E-02  9.136E-01
    1036      1    160      1    146      1      54     2.2332E+02  4.249E+08  1.000E-30  2.030E-01
    1037      1    160      1    152      1      54     9.9979E+01  4.343E+09  7.119E-02  5.690E-01
    1038      1    160      1    154      1      54     9.2988E+01  2.768E+08  1.000E-30  1.473E-01
    1039      1    160      1    159      1      54     6.4994E+00  5.278E+04  4.855E-03  3.343E-01
    1040      1    161      1    127      1      54     1.1932E+03  1.040E+11  1.336E-04  3.021E+00
    1041      1    161      1    132      1      54     7.0745E+02  7.004E+10  7.368E-04  1.770E+00
    1042      1    161      1    138      1      54     4.1436E+02  3.569E+10  3.717E-03  8.910E-01
    1043      1    161      1    140      1      54     4.1312E+02  9.978E+07  1.000E-30  3.290E-01
    1044      1    161      1    145      1      54     2.2406E+02  1.505E+10  1.649E-02  5.427E-01
    1045      1    161      1    147      1      54     2.2323E+02  1.684E+08  1.000E-30  1.663E-01
    1046      1    161      1    153      1      54     9.3583E+01  4.136E+09  1.139E-01  3.371E-01
    1047      1    161      1    155      1      54     9.3001E+01  1.534E+08  1.000E-30  1.040E-01
    1048      1    161      1    160      1      54     2.5061E-01  1.403E+00  2.819E-03  2.030E-01
    1049      1    162      1    133      1      54     7.0646E+02  4.017E+10  5.152E-04  1.192E+00
    1050      1    162      1    139      1      54     4.1380E+02  3.251E+10  4.136E-03  5.981E-01
    1051      1    162      1    146      1      54     2.2375E+02  1.688E+10  2.308E-02  3.635E-01
    1052      1    162      1    148      1      54     2.2316E+02  4.258E+07  1.000E-30  1.387E-01
    1053      1    162      1    154      1      54     9.3412E+01  4.933E+09  1.755E-01  2.283E-01
    1054      1    162      1    161      1      54     1.7317E-01  2.772E-01  1.902E-03  1.431E-01
    1381      1    165      1    164      1       1     1.0199E+01  2.392E+06  4.032E-01  1.139E-01
    1384      1    167      1    164      1       1     1.0199E+01  3.904E+06  8.065E-01  1.139E-01
    1387      1    169      1    164      1       1     1.2088E+01  3.774E+05  1.165E-01  2.511E-01
    1389      1    169      1    166      1       1     1.8887E+00  8.208E+03  7.409E-02  2.321E-01
    1392      1    168      1    165      1       1     1.8887E+00  2.746E+02  4.396E-04  1.214E+00
    1394      1    168      1    167      1       1     1.8886E+00  5.486E+02  8.792E-04  1.214E+00
    1396      1    170      1    165      1       1     1.8887E+00  1.365E+04  3.447E-02  7.926E-01
    1398      1    170      1    167      1       1     1.8887E+00  2.644E+04  6.891E-02  7.926E-01
    1399      1    172      1    164      1       1     1.2749E+01  4.468E+03  2.580E-02  4.269E-01
    1401      1    172      1    166      1       1     2.5497E+00  1.297E+02  2.712E-03  1.926E+00
    1404      1    172      1    168      1       1     6.6104E-01  1.069E+01  1.974E-04  4.165E+00
    1405      1    172      1    170      1       1     6.6103E-01  1.212E+00  2.499E-05  3.743E+00
    1407      1    171      1    165      1       1     2.5497E+00  3.839E+00  4.382E-05  3.520E+00
    1409      1    171      1    167      1       1     2.5497E+00  7.678E+00  8.763E-05  3.520E+00
    1410      1    171      1    169      1       1     6.6103E-01  2.125E+00  3.835E-05  4.288E+00
    1414      1    173      1    165      1       1     2.5497E+00  1.552E+02  2.261E-03  2.730E+00
    1416      1    173      1    167      1       1     2.5497E+00  3.103E+02  4.528E-03  2.730E+00
    1417      1    173      1    169      1       1     6.6104E-01  4.123E+01  9.010E-04  3.498E+00
    1425      1    174      1    170      1       1     6.6103E-01  1.140E+02  3.410E-03  2.543E+00
    1426      1    176      1    164      1       1     1.3054E+01  9.700E+01  7.591E-03  7.060E-01
    1428      1    176      1    166      1       1     2.8557E+00  3.082E+00  2.922E-04  8.013E+00
    1430      1    176      1    168      1       1     9.6701E-01  3.453E-01  3.382E-05  8.869E+00
    1431      1    176      1    170      1       1     9.6699E-01  3.148E-02  3.248E-06  8.447E+00
    1433      1    176      1    171      1       1     3.0597E-01  4.910E-02  9.896E-07  1.117E+01
    1434      1    176      1    173      1       1     3.0596E-01  1.255E-02  2.758E-07  1.038E+01
    1437      1    175      1    165      1       1     2.8557E+00  8.780E-02  8.052E-06  8.382E+00
    1439      1    175      1    167      1       1     2.8556E+00  1.756E-01  1.610E-05  8.382E+00
    1440      1    175      1    169      1       1     9.6700E-01  6.280E-02  6.034E-06  9.150E+00
    1443      1    175      1    172      1       1     3.0596E-01  1.416E-02  2.860E-07  1.133E+01
    1447      1    177      1    165      1       1     2.8557E+00  3.326E+00  3.480E-04  7.117E+00
    1449      1    177      1    167      1       1     2.8557E+00  6.638E+00  6.950E-04  7.117E+00
    1450      1    177      1    169      1       1     9.6700E-01  1.212E+00  1.309E-04  7.885E+00
    1453      1    177      1    172      1       1     3.0597E-01  1.686E-01  3.712E-06  1.007E+01
    1456      1    177      1    174      1       1     3.0596E-01  5.725E-03  1.458E-07  8.867E+00
    1461      1    178      1    170      1       1     9.6699E-01  2.341E+00  3.014E-04  6.456E+00
    1463      1    178      1    173      1       1     3.0596E-01  4.215E-01  1.093E-05  8.393E+00
    1469      1    179      1    174      1       1     3.0596E-01  9.207E-01  3.107E-05  6.326E+00
    1470      1    181      1    164      1       1     1.3221E+01  3.349E+00  3.030E-03  9.891E-01
    1472      1    181      1    166      1       1     3.0219E+00  1.110E-01  7.235E-05  1.666E+01
    1473      1    181      1    168      1       1     1.1332E+00  1.392E-02  7.261E-06  1.752E+01
    1474      1    181      1    170      1       1     1.1332E+00  1.141E-03  6.121E-07  1.709E+01
    1476      1    181      1    171      1       1     4.7217E-01  2.707E-03  1.417E-07  1.982E+01
    1477      1    181      1    173      1       1     4.7216E-01  5.722E-04  3.160E-08  1.903E+01
    1480      1    181      1    175      1       1     1.6620E-01  5.204E-04  2.214E-22  2.468E+01
    1481      1    181      1    177      1       1     1.6620E-01  2.051E-04  1.000E-30  2.342E+01
    1484      1    180      1    165      1       1     3.0219E+00  3.107E-03  2.005E-06  1.722E+01
    1486      1    180      1    167      1       1     3.0218E+00  6.204E-03  4.003E-06  1.722E+01
    1487      1    180      1    169      1       1     1.1332E+00  2.406E-03  1.252E-06  1.799E+01
    1488      1    180      1    172      1       1     4.7217E-01  7.066E-04  3.736E-08  2.017E+01
    1491      1    180      1    176      1       1     1.6620E-01  1.869E-04  1.000E-30  2.488E+01
    1495      1    182      1    165      1       1     3.0219E+00  1.158E-01  7.834E-05  1.538E+01
    1497      1    182      1    167      1       1     3.0219E+00  2.323E-01  1.571E-04  1.538E+01
    1498      1    182      1    169      1       1     1.1332E+00  4.760E-02  2.583E-05  1.615E+01
    1499      1    182      1    172      1       1     4.7217E-01  9.119E-03  4.968E-07  1.833E+01
    1502      1    182      1    174      1       1     4.7216E-01  2.266E-04  1.345E-08  1.713E+01
    1503      1    182      1    176      1       1     1.6620E-01  1.672E-03  1.000E-30  2.303E+01
    1506      1    182      1    178      1       1     1.6620E-01  1.454E-04  7.943E-23  2.104E+01
    1509      1    183      1    170      1       1     1.1332E+00  8.080E-02  4.733E-05  1.414E+01
    1511      1    183      1    173      1       1     4.7216E-01  2.017E-02  1.191E-06  1.607E+01
    1513      1    183      1    177      1       1     1.6620E-01  3.995E-03  1.482E-21  2.046E+01
    1514      1    183      1    179      1       1     1.6620E-01  6.283E-05  1.000E-30  1.792E+01
    1517      1    184      1    174      1       1     4.7216E-01  2.960E-02  2.003E-06  1.323E+01
    1519      1    184      1    178      1       1     1.6620E-01  8.434E-03  1.000E-30  1.715E+01
    1521      1    185      1    179      1       1     1.6620E-01  1.642E-02  1.000E-30  1.333E+01
    1523      1    186      1    165      1       1     3.1221E+00  1.189E-04  6.335E-07  3.178E+01
    1524      1    186      1    167      1       1     3.1221E+00  2.377E-04  1.267E-06  3.178E+01
    1525      1    186      1    169      1       1     1.2334E+00  9.623E-05  3.607E-07  3.255E+01
    1526      1    186      1    172      1       1     5.7238E-01  3.098E-05  8.979E-09  3.473E+01
    1527      1    186      1    176      1       1     2.6642E-01  1.074E-05  1.000E-30  3.943E+01
    1530      1    186      1    181      1       1     1.0021E-01  3.156E-06  1.000E-30  4.808E+01
    1533      1    187      1    164      1       1     1.3321E+01  1.281E-01  1.366E-03  1.350E+00
    1534      1    187      1    166      1       1     3.1221E+00  4.361E-03  2.285E-05  3.099E+01
    1535      1    187      1    168      1       1     1.2334E+00  5.801E-04  2.129E-06  3.185E+01
    1536      1    187      1    170      1       1     1.2334E+00  4.456E-05  1.664E-07  3.142E+01
    1537      1    187      1    171      1       1     5.7238E-01  1.261E-04  3.547E-08  3.415E+01
    1538      1    187      1    173      1       1     5.7238E-01  2.401E-05  7.006E-09  3.336E+01
    1540      1    187      1    175      1       1     2.6642E-01  3.307E-05  3.565E-23  3.901E+01
    1541      1    187      1    177      1       1     2.6642E-01  1.099E-05  1.000E-30  3.775E+01
    1544      1    187      1    180      1       1     1.0022E-01  7.642E-06  7.888E-24  4.785E+01
    1545      1    187      1    182      1       1     1.0021E-01  3.986E-06  3.423E-24  4.601E+01
    1548      1    188      1    165      1       1     3.1221E+00  4.577E-03  2.345E-05  2.925E+01
    1549      1    188      1    167      1       1     3.1221E+00  9.153E-03  4.690E-05  2.925E+01
    1550      1    188      1    169      1       1     1.2334E+00  1.996E-03  7.179E-06  3.002E+01
    1551      1    188      1    172      1       1     5.7238E-01  4.299E-04  1.189E-07  3.220E+01
    1552      1    188      1    174      1       1     5.7238E-01  9.052E-06  2.649E-09  3.100E+01
    1553      1    188      1    176      1       1     2.6642E-01  1.089E-04  1.000E-30  3.691E+01
    1556      1    188      1    178      1       1     2.6642E-01  7.169E-06  9.109E-24  3.491E+01
    1558      1    188      1    181      1       1     1.0022E-01  2.403E-05  1.000E-30  4.555E+01
    1561      1    188      1    183      1       1     1.0021E-01  3.557E-06  4.351E-24  4.260E+01
    1564      1    189      1    170      1       1     1.2334E+00  3.281E-03  1.162E-05  2.733E+01
    1565      1    189      1    173      1       1     5.7238E-01  9.262E-04  2.541E-07  2.926E+01
    1567      1    189      1    177      1       1     2.6642E-01  2.548E-04  2.102E-22  3.365E+01
    1568      1    189      1    179      1       1     2.6642E-01  2.724E-06  2.700E-24  3.111E+01
    1570      1    189      1    182      1       1     1.0021E-01  5.731E-05  4.456E-23  4.191E+01
    1571      1    189      1    184      1       1     1.0021E-01  2.454E-06  1.000E-30  3.802E+01
    1573      1    190      1    174      1       1     5.7238E-01  1.199E-03  3.328E-07  2.551E+01
    1575      1    190      1    178      1       1     2.6642E-01  4.749E-04  5.588E-22  2.942E+01
    1577      1    190      1    183      1       1     1.0021E-01  1.225E-04  1.000E-30  3.710E+01
    1578      1    190      1    185      1       1     1.0021E-01  1.091E-06  1.736E-24  3.252E+01
    1580      1    191      1    179      1       1     2.6642E-01  6.241E-04  5.927E-22  2.447E+01
    1581      1    191      1    184      1       1     1.0021E-01  2.450E-04  4.262E-22  3.138E+01
    1583      1    192      1    185      1       1     1.0021E-01  4.680E-04  1.440E-21  2.505E+01
    1585      1    193      1    165      1       1     3.1872E+00  3.378E-06  2.381E-07  5.411E+01
    1586      1    193      1    167      1       1     3.1871E+00  6.755E-06  4.761E-07  5.411E+01
    1587      1    193      1    169      1       1     1.2985E+00  2.791E-06  1.274E-07  5.488E+01
    1588      1    193      1    172      1       1     6.3742E-01  9.405E-07  2.878E-09  5.706E+01
    1589      1    193      1    176      1       1     3.3146E-01  3.582E-07  1.000E-30  6.177E+01
    1590      1    193      1    181      1       1     1.6526E-01  1.394E-07  1.000E-30  7.041E+01
    1596      1    194      1    164      1       1     1.3386E+01  3.698E-03  2.289E-05  5.286E+01
    1597      1    194      1    166      1       1     3.1871E+00  1.283E-04  8.584E-06  5.306E+01
    1598      1    194      1    168      1       1     1.2985E+00  1.752E-05  7.572E-07  5.391E+01
    1599      1    194      1    170      1       1     1.2985E+00  1.300E-06  5.688E-08  5.349E+01
    1600      1    194      1    171      1       1     6.3743E-01  4.056E-06  1.168E-08  5.622E+01
    1601      1    194      1    173      1       1     6.3742E-01  7.221E-07  2.136E-09  5.543E+01
    1602      1    194      1    175      1       1     3.3146E-01  1.188E-06  1.000E-30  6.108E+01
    1603      1    194      1    177      1       1     3.3146E-01  3.602E-07  1.000E-30  5.982E+01
    1605      1    194      1    180      1       1     1.6526E-01  3.742E-07  1.000E-30  6.992E+01
    1606      1    194      1    182      1       1     1.6526E-01  1.685E-07  1.000E-30  6.808E+01
    1608      1    194      1    186      1       1     6.5044E-02  9.874E-08  1.000E-30  8.448E+01
    1613      1    195      1    165      1       1     3.1872E+00  1.396E-04  8.509E-06  5.079E+01
    1614      1    195      1    167      1       1     3.1871E+00  2.792E-04  1.702E-05  5.079E+01
    1615      1    195      1    169      1       1     1.2985E+00  6.285E-05  2.479E-06  5.156E+01
    1616      1    195      1    172      1       1     6.3742E-01  1.440E-05  3.796E-08  5.374E+01
    1617      1    195      1    174      1       1     6.3742E-01  2.733E-07  7.510E-10  5.254E+01
    1618      1    195      1    176      1       1     3.3146E-01  4.103E-06  1.000E-30  5.845E+01
    1619      1    195      1    178      1       1     3.3146E-01  2.312E-07  4.146E-24  5.646E+01
    1620      1    195      1    181      1       1     1.6526E-01  1.251E-06  1.000E-30  6.709E+01
    1623      1    195      1    183      1       1     1.6526E-01  1.441E-07  1.000E-30  6.414E+01
    1626      1    195      1    187      1       1     6.5044E-02  3.142E-07  1.000E-30  8.142E+01
    1631      1    196      1    170      1       1     1.2985E+00  1.067E-04  3.720E-06  4.808E+01
    1632      1    196      1    173      1       1     6.3742E-01  3.207E-05  7.535E-08  5.001E+01
    1633      1    196      1    177      1       1     3.3146E-01  9.955E-06  1.000E-30  5.440E+01
    1636      1    196      1    182      1       1     1.6526E-01  3.106E-06  1.000E-30  6.266E+01
    1637      1    196      1    184      1       1     1.6526E-01  9.427E-08  1.000E-30  5.877E+01
    1639      1    196      1    188      1       1     6.5043E-02  7.811E-07  1.000E-30  7.653E+01
    1642      1    197      1    174      1       1     6.3742E-01  4.139E-05  8.535E-08  4.521E+01
    1643      1    197      1    178      1       1     3.3146E-01  1.854E-05  1.000E-30  4.912E+01
    1645      1    197      1    183      1       1     1.6526E-01  6.669E-06  1.000E-30  5.680E+01
    1648      1    197      1    189      1       1     6.5043E-02  1.776E-06  1.000E-30  6.999E+01
    1651      1    198      1    179      1       1     3.3146E-01  2.221E-05  1.000E-30  4.285E+01
    1652      1    198      1    184      1       1     1.6526E-01  1.222E-05  2.399E-23  4.976E+01
    1653      1    198      1    190      1       1     6.5043E-02  3.895E-06  1.000E-30  6.203E+01
    1656      1    199      1    185      1       1     1.6526E-01  1.623E-05  4.654E-23  4.184E+01
    1657      1    199      1    191      1       1     6.5043E-02  8.206E-06  1.000E-30  5.298E+01
    1659      1    200      1    192      1       1     6.5043E-02  1.671E-05  1.000E-30  4.322E+01
    1673      1    202      1    164      1       1     1.3431E+01  4.763E-05  9.890E-06  8.504E+01
    1674      1    202      1    166      1       1     3.2317E+00  1.675E-06  3.650E-06  8.524E+01
    1675      1    202      1    168      1       1     1.3431E+00  2.349E-07  3.133E-07  8.609E+01
    1692      1    203      1    165      1       1     3.2317E+00  1.955E-06  3.534E-06  8.237E+01
    1693      1    203      1    167      1       1     3.2317E+00  3.909E-06  7.068E-06  8.237E+01
    1694      1    203      1    169      1       1     1.3431E+00  8.977E-07  9.951E-07  8.314E+01
    1695      1    203      1    172      1       1     6.8202E-01  2.133E-07  1.451E-08  8.532E+01
    1710      1    204      1    170      1       1     1.3430E+00  1.667E-06  1.424E-06  7.876E+01
    1711      1    204      1    173      1       1     6.8202E-01  5.198E-07  2.743E-08  8.070E+01
    1712      1    204      1    177      1       1     3.7605E-01  1.718E-07  1.000E-30  8.509E+01
    1723      1    205      1    174      1       1     6.8201E-01  7.364E-07  2.846E-08  7.470E+01
    1724      1    205      1    178      1       1     3.7605E-01  3.509E-07  3.790E-23  7.861E+01
    1725      1    205      1    183      1       1     2.0985E-01  1.430E-07  1.000E-30  8.629E+01
    1734      1    206      1    179      1       1     3.7605E-01  4.462E-07  1.000E-30  7.084E+01
    1735      1    206      1    184      1       1     2.0985E-01  2.784E-07  5.367E-24  7.775E+01
    1736      1    206      1    190      1       1     1.0964E-01  1.242E-07  1.000E-30  9.003E+01
    1741      1    207      1    185      1       1     2.0985E-01  3.601E-07  7.880E-24  6.805E+01
    1742      1    207      1    191      1       1     1.0964E-01  2.553E-07  1.000E-30  7.918E+01
    1743      1    207      1    198      1       1     4.4593E-02  9.716E-08  1.000E-30  9.756E+01
    1775      1    211      1    164      1       1     1.3469E+01  1.394E-07  9.803E-06  1.300E+02
