#  File format type:   4
#
#  SPECT3D transition powers file.
#  RUN NAME:  xe_20-200ev_1e18-1e21_4mm
#  Total number of transitions   =     1890
#  Number of written transitions =      892
#  Plasma temperature (eV)       =     8.0000E+01
#  Mass density (g/cm3)          =     4.4865E-06
#  Cell areal density (g/cm2)    =     1.7946E-06
#  Material mass fractions       =     1.0000E+00
#  DCA material number fractions =     1.3000E-02    9.8700E-01
# -----------------------------------------------------
#
#
#   Trans.  Trans  Upper  Upper  Lower  Lower   Ioniz   Energy     Line Power Line Center Line Width
#   Index   Model  Level  Model  Level  Model   Stage   (eV)       (W/cm2)    Opt. Depth      eV
# --------------------------------------------------------------------------------------------------
       1      1      3      1      2      1      52     1.1982E+02  1.736E+06  6.479E-14  7.196E-03
       2      1      4      1      2      1      52     4.9234E+02  4.922E+08  4.118E-03  2.981E-02
       4      1      6      1      5      1      52     1.0651E+02  6.605E+06  4.115E-06  7.871E+01
       6      1      7      1      6      1      52     6.8034E+01  8.659E+05  5.737E-07  9.466E+01
       7      1      9      1      8      1      52     3.8672E+01  3.847E+05  1.373E-05  2.871E+01
       9      1     10      1      9      1      52     3.4641E+01  2.478E+05  3.757E-06  3.134E+01
      11      1     11      1     10      1      52     9.4480E+00  8.616E+02  1.420E-06  8.523E+00
      13      1     12      1      9      1      52     8.3242E+02  1.426E+10  1.000E-30  4.472E+01
      14      1     13      1      8      1      52     8.9349E+02  1.134E+10  3.458E-05  2.723E+01
      16      1     13      1     10      1      52     8.2018E+02  3.772E+09  1.000E-30  1.543E+01
      17      1     13      1     12      1      52     2.2396E+01  1.092E+05  3.482E-05  1.654E+01
      19      1     14      1      9      1      52     8.6975E+02  2.420E+10  1.939E-05  3.748E+01
      21      1     14      1     11      1      52     8.2566E+02  8.999E+08  1.000E-30  2.915E+00
      23      1     14      1     13      1      52     1.4925E+01  2.322E+04  6.831E-06  2.020E+01
      25      1     15      1     10      1      52     8.3968E+02  4.093E+10  6.394E-05  1.281E+01
      28      1     15      1     14      1      52     4.5752E+00  1.699E+02  4.811E-06  4.371E+00
      30      1     16      1     11      1      52     8.3260E+02  6.670E+10  1.665E-04  5.876E+00
      32      1     16      1     15      1      52     2.3647E+00  7.081E+00  2.611E-06  1.738E+00
      34      1     17      1      9      1      52     1.3019E+03  1.196E+10  1.000E-30  4.462E+01
      36      1     17      1     13      1      52     4.4709E+02  3.032E+09  1.000E-30  2.759E+01
      38      1     18      1      8      1      52     1.3534E+03  1.072E+10  1.617E-05  1.585E+01
      40      1     18      1     10      1      52     1.2800E+03  2.922E+09  1.000E-30  8.540E+00
      41      1     18      1     12      1      52     4.8226E+02  1.957E+09  6.568E-05  1.574E+01
      43      1     18      1     14      1      52     4.4493E+02  1.012E+09  1.000E-30  9.458E+00
      45      1     18      1     17      1      52     1.2770E+01  2.439E+04  7.413E-05  9.365E+00
      47      1     19      1      9      1      52     1.3234E+03  2.174E+10  4.587E-06  4.039E+01
      49      1     19      1     11      1      52     1.2793E+03  5.948E+08  1.000E-30  4.005E+00
      51      1     19      1     13      1      52     4.6860E+02  3.785E+09  3.110E-05  2.336E+01
      53      1     19      1     15      1      52     4.4910E+02  3.698E+08  1.000E-30  1.751E+00
      56      1     19      1     18      1      52     8.7378E+00  6.036E+03  1.531E-05  1.167E+01
      58      1     20      1     10      1      52     1.2912E+03  3.137E+10  1.196E-05  1.444E+01
      61      1     20      1     14      1      52     4.5609E+02  6.169E+09  1.220E-04  6.318E+00
      63      1     20      1     16      1      52     4.4915E+02  1.041E+08  1.000E-30  6.867E-01
      65      1     20      1     19      1      52     2.4178E+00  3.235E+01  1.081E-05  2.509E+00
      67      1     21      1     11      1      52     1.2829E+03  3.296E+10  1.920E-05  6.881E+00
      69      1     21      1     15      1      52     4.5271E+02  9.442E+09  3.001E-04  2.871E+00
      72      1     21      1     20      1      52     1.2002E+00  1.565E+00  7.653E-06  1.002E+00
      75      1     22      1     16      1      52     4.5135E+02  1.392E+10  6.140E-04  1.626E+00
      77      1     22      1     21      1      52     1.0028E+00  4.117E-01  5.278E-06  5.096E-01
      79      1     23      1     13      1      52     7.2854E+02  2.907E+09  1.000E-30  2.754E+01
      81      1     23      1     18      1      52     2.6868E+02  8.516E+08  1.000E-30  1.591E+01
      83      1     24      1     12      1      52     7.5883E+02  2.099E+09  2.870E-05  9.920E+00
      85      1     24      1     14      1      52     7.2151E+02  9.023E+08  1.000E-30  5.032E+00
      86      1     24      1     17      1      52     2.8935E+02  4.638E+08  1.147E-04  9.891E+00
      88      1     24      1     19      1      52     2.6784E+02  3.185E+08  1.000E-30  6.183E+00
      90      1     24      1     23      1      52     7.9016E+00  6.691E+03  1.391E-04  5.778E+00
      92      1     25      1     13      1      52     7.4204E+02  3.968E+09  7.720E-06  2.485E+01
      94      1     25      1     15      1      52     7.2254E+02  2.916E+08  1.000E-30  1.712E+00
      96      1     25      1     18      1      52     2.8218E+02  8.520E+08  5.636E-05  1.329E+01
      98      1     25      1     20      1      52     2.7102E+02  1.428E+08  1.000E-30  1.176E+00
     101      1     25      1     24      1      52     5.5989E+00  1.938E+03  2.984E-05  7.310E+00
     103      1     26      1     14      1      52     7.2843E+02  5.938E+09  2.541E-05  7.167E+00
     105      1     26      1     16      1      52     7.2149E+02  6.853E+07  1.000E-30  1.157E+00
     107      1     26      1     19      1      52     2.7476E+02  1.321E+09  2.129E-04  3.545E+00
     109      1     26      1     21      1      52     2.7114E+02  6.081E+07  1.000E-30  4.176E-01
     112      1     26      1     25      1      52     1.3194E+00  6.312E+00  2.050E-05  1.589E+00
     114      1     27      1     15      1      52     7.2446E+02  7.443E+09  4.895E-05  3.386E+00
     117      1     27      1     20      1      52     2.7295E+02  1.911E+09  4.973E-04  1.601E+00
     119      1     27      1     22      1      52     2.7075E+02  1.797E+07  1.000E-30  2.268E-01
     121      1     27      1     26      1      52     6.0740E-01  2.744E-01  1.644E-05  6.309E-01
     123      1     28      1     16      1      52     7.2273E+02  6.883E+09  6.051E-05  1.985E+00
     125      1     28      1     21      1      52     2.7238E+02  2.729E+09  9.842E-04  9.049E-01
     128      1     28      1     27      1      52     6.3240E-01  1.932E-01  1.583E-05  3.179E-01
     129      1     29      1     13      1      52     9.1039E+02  2.312E+09  1.000E-30  2.749E+01
     131      1     29      1     18      1      52     4.5053E+02  8.852E+08  1.000E-30  1.586E+01
     134      1     29      1     24      1      52     1.7396E+02  2.819E+08  1.000E-30  1.001E+01
     136      1     30      1     12      1      52     9.3797E+02  1.766E+09  1.903E-05  6.663E+00
     137      1     30      1     14      1      52     9.0065E+02  6.858E+08  1.000E-30  4.401E+00
     138      1     30      1     17      1      52     4.6848E+02  5.396E+08  4.688E-05  6.634E+00
     140      1     30      1     19      1      52     4.4698E+02  3.135E+08  1.000E-30  3.457E+00
     142      1     30      1     23      1      52     1.8704E+02  1.366E+08  1.870E-04  6.615E+00
     144      1     30      1     25      1      52     1.7354E+02  1.140E+08  1.000E-30  4.250E+00
     146      1     30      1     29      1      52     5.1810E+00  2.128E+03  2.412E-04  3.759E+00
     147      1     31      1     13      1      52     9.1941E+02  3.309E+09  3.273E-06  2.569E+01
     148      1     31      1     15      1      52     8.9991E+02  2.070E+08  1.000E-30  2.427E+00
     150      1     31      1     18      1      52     4.5956E+02  9.878E+08  1.423E-05  1.413E+01
     152      1     31      1     20      1      52     4.4840E+02  1.272E+08  1.000E-30  8.848E-01
     155      1     31      1     24      1      52     1.8298E+02  2.417E+08  9.482E-05  8.217E+00
     157      1     31      1     26      1      52     1.7606E+02  5.828E+07  1.000E-30  8.301E-01
     160      1     31      1     30      1      52     3.8407E+00  7.462E+02  5.296E-05  4.913E+00
     161      1     32      1     14      1      52     9.0519E+02  4.699E+09  9.846E-06  7.626E+00
     162      1     32      1     16      1      52     8.9825E+02  4.422E+07  1.000E-30  1.615E+00
     164      1     32      1     19      1      52     4.5152E+02  1.458E+09  4.682E-05  4.010E+00
     166      1     32      1     21      1      52     4.4790E+02  4.739E+07  1.000E-30  5.724E-01
     169      1     32      1     25      1      52     1.7808E+02  3.600E+08  3.473E-04  2.176E+00
     171      1     32      1     27      1      52     1.7615E+02  2.992E+07  1.000E-30  2.872E-01
     174      1     32      1     31      1      52     7.0280E-01  1.105E+00  3.531E-05  1.069E+00
     175      1     33      1     15      1      52     9.0089E+02  5.290E+09  1.660E-05  3.691E+00
     177      1     33      1     20      1      52     4.4938E+02  1.909E+09  9.416E-05  1.892E+00
     179      1     33      1     22      1      52     4.4717E+02  1.162E+07  1.000E-30  4.286E-01
     181      1     33      1     26      1      52     1.7704E+02  5.068E+08  7.960E-04  9.724E-01
     183      1     33      1     28      1      52     1.7580E+02  1.333E+07  1.000E-30  1.429E-01
     185      1     33      1     32      1      52     2.7490E-01  3.243E-02  3.121E-05  4.236E-01
     186      1     34      1     16      1      52     8.9895E+02  3.908E+09  1.621E-05  2.186E+00
     188      1     34      1     21      1      52     4.4860E+02  2.170E+09  1.432E-04  1.106E+00
     191      1     34      1     27      1      52     1.7685E+02  6.914E+08  1.523E-03  5.416E-01
     194      1     34      1     33      1      52     4.2420E-01  8.310E-02  3.372E-05  2.128E-01
     195      1     35      1     13      1      52     1.0346E+03  1.783E+09  1.000E-30  2.749E+01
     196      1     35      1     18      1      52     5.7478E+02  7.516E+08  1.000E-30  1.587E+01
     198      1     35      1     24      1      52     2.9820E+02  3.158E+08  1.000E-30  9.954E+00
     201      1     35      1     30      1      52     1.1906E+02  1.078E+08  1.000E-30  6.675E+00
     203      1     36      1     12      1      52     1.0606E+03  1.411E+09  1.486E-05  4.715E+00
     204      1     36      1     14      1      52     1.0233E+03  5.148E+08  1.000E-30  5.133E+00
     205      1     36      1     17      1      52     5.9109E+02  4.862E+08  2.976E-05  4.687E+00
     206      1     36      1     19      1      52     5.6958E+02  2.561E+08  1.000E-30  2.541E+00
     207      1     36      1     23      1      52     3.0964E+02  1.701E+08  7.282E-05  4.661E+00
     209      1     36      1     25      1      52     2.9614E+02  1.219E+08  1.000E-30  2.527E+00
     211      1     36      1     29      1      52     1.2779E+02  4.720E+07  2.894E-04  4.631E+00
     213      1     36      1     31      1      52     1.1877E+02  4.582E+07  1.000E-30  3.042E+00
     215      1     36      1     35      1      52     3.5433E+00  7.514E+02  3.890E-04  2.573E+00
     216      1     37      1     13      1      52     1.0410E+03  2.626E+09  1.754E-06  2.621E+01
     217      1     37      1     15      1      52     1.0215E+03  1.487E+08  1.000E-30  2.953E+00
     218      1     37      1     18      1      52     5.8110E+02  8.837E+08  6.072E-06  1.465E+01
     219      1     37      1     20      1      52     5.6995E+02  9.800E+07  1.000E-30  1.219E+00
     221      1     37      1     24      1      52     3.0452E+02  3.006E+08  2.406E-05  8.737E+00
     223      1     37      1     26      1      52     2.9760E+02  5.687E+07  1.000E-30  5.366E-01
     226      1     37      1     30      1      52     1.2539E+02  8.144E+07  1.495E-04  5.458E+00
     228      1     37      1     32      1      52     1.2084E+02  2.556E+07  1.000E-30  6.094E-01
     231      1     37      1     36      1      52     2.7803E+00  3.331E+02  8.871E-05  3.451E+00
     232      1     38      1     14      1      52     1.0264E+03  3.596E+09  4.997E-06  7.889E+00
     233      1     38      1     16      1      52     1.0194E+03  2.975E+07  1.000E-30  1.904E+00
     234      1     38      1     19      1      52     5.7269E+02  1.266E+09  1.858E-05  4.298E+00
     235      1     38      1     21      1      52     5.6908E+02  3.363E+07  1.000E-30  8.304E-01
     237      1     38      1     25      1      52     2.9925E+02  4.372E+08  7.867E-05  2.458E+00
     239      1     38      1     27      1      52     2.9733E+02  2.630E+07  1.000E-30  3.094E-01
     242      1     38      1     31      1      52     1.2188E+02  1.171E+08  5.370E-04  1.428E+00
     244      1     38      1     33      1      52     1.2090E+02  1.466E+07  1.000E-30  2.132E-01
     247      1     38      1     37      1      52     3.3030E-01  1.336E-01  5.826E-05  7.541E-01
     248      1     39      1     15      1      52     1.0219E+03  3.782E+09  7.754E-06  3.870E+00
     249      1     39      1     20      1      52     5.7035E+02  1.549E+09  3.412E-05  2.072E+00
     250      1     39      1     22      1      52     5.6815E+02  7.381E+06  1.000E-30  6.017E-01
     252      1     39      1     26      1      52     2.9801E+02  5.751E+08  1.606E-04  1.146E+00
     254      1     39      1     28      1      52     2.9677E+02  1.017E+07  1.000E-30  2.340E-01
     256      1     39      1     32      1      52     1.2125E+02  1.597E+08  1.199E-03  6.333E-01
     258      1     39      1     34      1      52     1.2055E+02  7.834E+06  1.000E-30  1.007E-01
     260      1     39      1     38      1      52     7.3900E-02  7.552E-04  6.793E-05  2.334E-01
     261      1     40      1     16      1      52     1.0198E+03  2.463E+09  6.610E-06  2.314E+00
     262      1     40      1     21      1      52     5.6945E+02  1.551E+09  4.507E-05  1.228E+00
     264      1     40      1     27      1      52     2.9770E+02  6.941E+08  2.610E-04  6.639E-01
     267      1     40      1     33      1      52     1.2127E+02  2.147E+08  2.264E-03  3.511E-01
     270      1     40      1     39      1      52     2.9800E-01  3.673E-02  6.113E-05  1.496E-01
     271      1     41      1     13      1      52     1.1233E+03  1.376E+09  1.000E-30  2.750E+01
     272      1     41      1     18      1      52     6.6340E+02  6.099E+08  1.000E-30  1.587E+01
     273      1     41      1     24      1      52     3.8682E+02  2.811E+08  1.000E-30  9.959E+00
     275      1     41      1     30      1      52     2.0768E+02  1.263E+08  1.000E-30  6.680E+00
     278      1     41      1     36      1      52     8.5076E+01  4.547E+07  1.000E-30  4.692E+00
     280      1     42      1     12      1      52     1.1482E+03  1.113E+09  1.260E-05  3.458E+00
     281      1     42      1     14      1      52     1.1108E+03  3.901E+08  1.000E-30  5.913E+00
     282      1     42      1     17      1      52     6.7867E+02  4.090E+08  2.261E-05  3.430E+00
     283      1     42      1     19      1      52     6.5716E+02  2.024E+08  1.000E-30  2.668E+00
     284      1     42      1     23      1      52     3.9722E+02  1.610E+08  4.463E-05  3.411E+00
     285      1     42      1     25      1      52     3.8372E+02  1.054E+08  1.000E-30  1.731E+00
     286      1     42      1     29      1      52     2.1536E+02  6.202E+07  1.084E-04  3.393E+00
     288      1     42      1     31      1      52     2.0634E+02  5.195E+07  1.000E-30  1.913E+00
     290      1     42      1     35      1      52     9.1119E+01  1.848E+07  4.292E-04  3.373E+00
     292      1     42      1     37      1      52     8.4795E+01  2.017E+07  1.000E-30  2.251E+00
     294      1     42      1     41      1      52     2.4992E+00  2.877E+02  5.791E-04  1.887E+00
     295      1     43      1     13      1      52     1.1279E+03  2.062E+09  1.067E-06  2.660E+01
     296      1     43      1     15      1      52     1.1084E+03  1.093E+08  1.000E-30  3.310E+00
     297      1     43      1     18      1      52     6.6800E+02  7.396E+08  3.273E-06  1.498E+01
     298      1     43      1     20      1      52     6.5684E+02  7.434E+07  1.000E-30  1.531E+00
     299      1     43      1     24      1      52     3.9142E+02  2.841E+08  1.032E-05  9.062E+00
     300      1     43      1     26      1      52     3.8450E+02  4.668E+07  1.000E-30  6.692E-01
     302      1     43      1     30      1      52     2.1228E+02  1.063E+08  3.803E-05  5.770E+00
     304      1     43      1     32      1      52     2.0774E+02  2.672E+07  1.000E-30  3.728E-01
     307      1     43      1     36      1      52     8.9678E+01  3.123E+07  2.254E-04  3.796E+00
     309      1     43      1     38      1      52     8.6568E+01  1.198E+07  1.000E-30  4.605E-01
     312      1     43      1     42      1      52     2.1031E+00  1.671E+02  1.411E-04  2.515E+00
     313      1     44      1     15      1      52     1.1084E+03  2.783E+09  4.337E-06  3.990E+00
     314      1     44      1     20      1      52     6.5688E+02  1.212E+09  1.657E-05  2.185E+00
     315      1     44      1     22      1      52     6.5468E+02  4.943E+06  1.000E-30  7.160E-01
     316      1     44      1     26      1      52     3.8454E+02  5.100E+08  6.000E-05  1.266E+00
     317      1     44      1     28      1      52     3.8330E+02  7.166E+06  1.000E-30  3.412E-01
     319      1     44      1     32      1      52     2.0778E+02  1.988E+08  2.508E-04  7.482E-01
     321      1     44      1     34      1      52     2.0708E+02  6.751E+06  1.000E-30  1.381E-01
     323      1     44      1     38      1      52     8.6605E+01  5.816E+07  1.747E-03  4.348E-01
     325      1     44      1     40      1      52     8.6233E+01  4.397E+06  1.000E-30  7.613E-02
     327      1     45      1     14      1      52     1.1130E+03  2.763E+09  2.937E-06  8.086E+00
     328      1     45      1     16      1      52     1.1061E+03  2.083E+07  1.000E-30  2.095E+00
     329      1     45      1     19      1      52     6.5935E+02  1.037E+09  9.569E-06  4.483E+00
     330      1     45      1     21      1      52     6.5574E+02  2.432E+07  1.000E-30  1.015E+00
     331      1     45      1     25      1      52     3.8591E+02  4.051E+08  3.162E-05  2.642E+00
     332      1     45      1     27      1      52     3.8399E+02  2.018E+07  1.000E-30  4.597E-01
     334      1     45      1     31      1      52     2.0854E+02  1.515E+08  1.233E-04  1.606E+00
     336      1     45      1     33      1      52     2.0756E+02  1.415E+07  1.000E-30  1.873E-01
     339      1     45      1     37      1      52     8.6990E+01  4.350E+07  7.920E-04  9.897E-01
     341      1     45      1     39      1      52     8.6586E+01  7.422E+06  1.000E-30  1.633E-01
     344      1     45      1     43      1      52     9.2200E-02  3.302E-03  1.399E-04  3.570E-01
     345      1     45      1     44      1      52     5.4600E-02  4.571E-04  1.000E-30  9.227E-02
     346      1     46      1     16      1      52     1.1062E+03  1.658E+09  3.367E-06  2.396E+00
     347      1     46      1     21      1      52     6.5590E+02  1.119E+09  1.994E-05  1.309E+00
     348      1     46      1     27      1      52     3.8415E+02  5.708E+08  8.874E-05  7.474E-01
     350      1     46      1     33      1      52     2.0772E+02  2.455E+08  4.202E-04  4.295E-01
     353      1     46      1     39      1      52     8.6749E+01  7.674E+07  3.235E-03  2.402E-01
     355      1     46      1     44      1      52     2.1720E-01  1.710E-02  1.004E-04  1.096E-01
     357      1     48      1     47      1      52     3.1750E+02  5.086E+07  2.816E-06  1.839E+02
     358      1     49      1     48      1      52     3.6284E+02  2.758E+08  1.548E-07  2.762E+02
     359      1     51      1     50      1      52     7.7750E-01  7.233E-01  1.318E-06  1.384E+02
     360      1     52      1     51      1      52     6.6689E+02  4.282E+09  1.000E-30  4.204E+02
     361      1     54      1     53      1      52     3.0082E+01  2.564E+05  1.000E-30  1.845E+02
     362      1     55      1     53      1      52     1.0120E+02  5.287E+06  3.743E-06  8.074E+01
     363      1     56      1     54      1      52     1.0442E+02  5.933E+06  4.154E-06  7.434E+01
     364      1     56      1     55      1      52     3.3297E+01  3.453E+05  1.000E-30  1.922E+02
     365      1     57      1     55      1      52     9.2670E+01  2.954E+06  6.613E-07  1.109E+02
     367      1     58      1     56      1      52     9.3608E+01  3.061E+06  6.929E-07  1.064E+02
     368      1     58      1     57      1      52     3.4235E+01  3.748E+05  1.000E-30  1.948E+02
     369      1     61      1     60      1      53     7.7081E+01  2.051E+05  1.655E-14  4.628E-03
     370      1     62      1     60      1      53     8.3045E+01  3.086E+05  1.000E-30  4.986E-03
     373      1     63      1     61      1      53     8.0094E+00  5.349E-01  1.000E-30  4.826E-04
     375      1     64      1     60      1      53     4.6515E+02  3.793E+08  2.654E-03  2.813E-02
     378      1     65      1     60      1      53     5.0090E+02  1.449E+08  6.519E-15  3.025E-02
     380      1     65      1     63      1      53     4.1581E+02  1.742E+08  5.756E-03  2.516E-02
     381      1     67      1     66      1      53     9.2071E+01  3.548E+06  4.701E-06  5.729E+01
     383      1     68      1     67      1      53     2.1266E+02  4.649E+07  8.963E-07  3.995E+01
     385      1     69      1     67      1      53     2.3259E+02  3.583E+07  1.000E-30  2.161E+01
     386      1     71      1     70      1      53     1.8245E+01  2.357E+04  1.794E-05  1.282E+01
     388      1     72      1     71      1      53     7.1086E+01  4.206E+06  6.770E-06  3.416E+01
     390      1     73      1     72      1      53     1.1156E+02  1.616E+07  1.370E-05  1.007E+01
     392      1     74      1     71      1      53     8.8734E+02  1.696E+10  1.000E-30  4.805E+01
     393      1     75      1     70      1      53     9.0769E+02  1.213E+10  3.248E-05  2.960E+01
     395      1     75      1     72      1      53     8.1835E+02  3.545E+09  1.000E-30  1.671E+01
     396      1     75      1     74      1      53     2.1014E+00  4.973E+01  6.702E-05  4.739E+00
     398      1     76      1     71      1      53     9.4411E+02  3.269E+10  1.895E-05  4.050E+01
     400      1     76      1     73      1      53     7.6146E+02  6.264E+08  1.000E-30  3.150E+00
     402      1     76      1     75      1      53     5.4666E+01  3.912E+06  2.084E-05  2.270E+01
     404      1     77      1     72      1      53     9.7713E+02  7.219E+10  6.619E-05  1.385E+01
     407      1     77      1     76      1      53     1.0411E+02  4.361E+07  8.822E-05  5.193E+00
     409      1     78      1     73      1      53     1.0763E+03  1.795E+11  1.911E-04  6.381E+00
     411      1     78      1     77      1      53     2.1071E+02  3.179E+08  1.363E-04  2.113E+00
     412      1     79      1     70      1      53     1.3871E+03  1.174E+10  1.456E-05  1.790E+01
     414      1     79      1     72      1      53     1.2978E+03  2.933E+09  1.000E-30  9.310E+00
     415      1     79      1     74      1      53     4.8154E+02  1.960E+09  6.112E-05  1.702E+01
     417      1     79      1     76      1      53     4.2478E+02  7.974E+08  1.000E-30  1.023E+01
     420      1     80      1     71      1      53     1.3753E+03  1.384E+10  1.000E-30  4.802E+01
     422      1     80      1     75      1      53     4.8588E+02  3.930E+09  1.000E-30  2.964E+01
     424      1     80      1     79      1      53     6.4349E+00  5.070E+03  1.000E-30  1.648E+01
     426      1     81      1     71      1      53     1.4208E+03  2.786E+10  4.393E-06  4.367E+01
     428      1     81      1     73      1      53     1.2382E+03  5.038E+08  1.000E-30  4.312E+00
     430      1     81      1     75      1      53     5.3137E+02  6.088E+09  3.177E-05  2.523E+01
     432      1     81      1     77      1      53     3.7259E+02  1.694E+08  1.000E-30  1.902E+00
     434      1     81      1     79      1      53     5.1923E+01  6.984E+06  7.567E-05  1.302E+01
     438      1     82      1     76      1      53     5.7966E+02  1.542E+10  1.372E-04  6.843E+00
     440      1     82      1     78      1      53     2.6484E+02  1.215E+07  1.000E-30  7.456E-01
     442      1     82      1     81      1      53     1.0296E+02  1.011E+08  3.660E-04  3.001E+00
     443      1     83      1     74      1      53     7.7070E+02  2.216E+09  2.606E-05  1.101E+01
     445      1     83      1     76      1      53     7.1393E+02  8.204E+08  1.000E-30  5.456E+00
     447      1     83      1     80      1      53     2.8272E+02  4.251E+08  1.046E-04  1.066E+01
     448      1     83      1     81      1      53     2.3723E+02  1.858E+08  1.000E-30  6.688E+00
     451      1     84      1     75      1      53     7.7945E+02  3.560E+09  1.000E-30  2.959E+01
     452      1     84      1     79      1      53     3.0001E+02  1.221E+09  1.000E-30  1.707E+01
     455      1     84      1     83      1      53     1.0851E+01  3.561E+04  1.000E-30  1.122E+01
     457      1     85      1     75      1      53     8.2063E+02  5.772E+09  7.704E-06  2.678E+01
     459      1     85      1     77      1      53     6.6185E+02  1.985E+08  1.000E-30  1.844E+00
     460      1     85      1     79      1      53     3.4119E+02  1.770E+09  6.149E-05  1.432E+01
     463      1     85      1     82      1      53     1.8630E+02  3.082E+07  1.000E-30  1.265E+00
     464      1     85      1     83      1      53     5.2031E+01  1.349E+07  2.323E-04  8.146E+00
     467      1     86      1     77      1      53     6.7729E+02  4.528E+10  3.946E-04  3.128E+00
     470      1     86      1     82      1      53     2.0174E+02  8.279E+08  7.026E-04  1.217E+00
     473      1     87      1     78      1      53     5.1236E+02  2.232E+10  6.134E-04  1.783E+00
     475      1     87      1     86      1      53     4.5782E+01  1.724E+06  1.915E-04  6.180E-01
     477      1     88      1     76      1      53     8.6948E+02  1.161E+10  2.698E-05  7.758E+00
     479      1     88      1     78      1      53     5.5466E+02  2.321E+07  1.000E-30  1.263E+00
     481      1     88      1     81      1      53     3.9278E+02  5.279E+09  2.681E-04  3.852E+00
     484      1     88      1     85      1      53     1.0351E+02  2.088E+08  1.179E-03  1.895E+00
     485      1     88      1     86      1      53     8.8076E+01  9.652E+05  1.000E-30  4.483E-01
     487      1     89      1     74      1      53     9.5869E+02  1.905E+09  1.652E-05  7.753E+00
     488      1     89      1     76      1      53     9.0192E+02  6.562E+08  1.000E-30  4.787E+00
     490      1     89      1     80      1      53     4.7071E+02  5.473E+08  4.274E-05  7.275E+00
     491      1     89      1     81      1      53     4.2522E+02  2.444E+08  1.000E-30  3.739E+00
     494      1     89      1     84      1      53     1.7714E+02  1.107E+08  1.656E-04  7.127E+00
     495      1     89      1     85      1      53     1.3596E+02  4.087E+07  1.000E-30  4.576E+00
     497      1     90      1     75      1      53     9.7022E+02  2.792E+09  1.000E-30  2.961E+01
     498      1     90      1     79      1      53     4.9078E+02  1.164E+09  1.000E-30  1.708E+01
     501      1     90      1     83      1      53     2.0163E+02  4.717E+08  1.000E-30  1.072E+01
     504      1     90      1     89      1      53     1.3639E+01  6.084E+04  1.000E-30  3.849E+00
     505      1     91      1     75      1      53     1.0099E+03  4.659E+09  3.227E-06  2.769E+01
     506      1     91      1     77      1      53     8.5110E+02  1.598E+08  1.000E-30  2.617E+00
     507      1     91      1     79      1      53     5.3043E+02  1.698E+09  1.476E-05  1.523E+01
     510      1     91      1     82      1      53     3.7555E+02  6.035E+07  1.000E-30  9.428E-01
     511      1     91      1     83      1      53     2.4127E+02  7.111E+08  1.128E-04  8.862E+00
     515      1     91      1     88      1      53     8.5729E+01  3.159E+06  1.000E-30  9.001E-01
     516      1     91      1     89      1      53     5.3287E+01  2.605E+07  6.298E-04  5.403E+00
     518      1     92      1     74      1      53     1.0879E+03  1.542E+09  1.184E-05  5.993E+00
     519      1     92      1     76      1      53     1.0312E+03  5.045E+08  1.000E-30  5.570E+00
     520      1     92      1     80      1      53     5.9995E+02  5.108E+08  2.653E-05  5.284E+00
     521      1     92      1     81      1      53     5.5446E+02  2.189E+08  1.000E-30  2.766E+00
     523      1     92      1     84      1      53     3.0638E+02  1.616E+08  6.564E-05  5.072E+00
     524      1     92      1     85      1      53     2.6520E+02  7.444E+07  1.000E-30  2.731E+00
     527      1     92      1     90      1      53     1.1560E+02  3.186E+07  2.452E-04  4.983E+00
     528      1     92      1     91      1      53     7.5952E+01  7.287E+06  1.000E-30  3.271E+00
     529      1     93      1     75      1      53     1.1014E+03  2.146E+09  1.000E-30  2.961E+01
     530      1     93      1     79      1      53     6.2192E+02  9.681E+08  1.000E-30  1.709E+01
     531      1     93      1     83      1      53     3.3276E+02  4.572E+08  1.000E-30  1.072E+01
     534      1     93      1     89      1      53     1.4478E+02  2.170E+08  1.000E-30  7.189E+00
     537      1     93      1     92      1      53     1.5538E+01  2.546E+05  1.000E-30  5.220E+00
     538      1     94      1     76      1      53     1.0597E+03  8.492E+09  1.021E-05  8.282E+00
     539      1     94      1     78      1      53     7.4491E+02  2.021E+07  1.000E-30  1.755E+00
     541      1     94      1     81      1      53     5.8303E+02  3.893E+09  5.352E-05  4.350E+00
     544      1     94      1     85      1      53     2.9377E+02  2.570E+09  5.076E-04  2.367E+00
     545      1     94      1     86      1      53     2.7833E+02  6.824E+06  1.000E-30  6.125E-01
     549      1     94      1     91      1      53     1.0453E+02  3.886E+08  3.180E-03  1.273E+00
     552      1     95      1     77      1      53     9.6122E+02  2.221E+10  5.740E-05  3.690E+00
     555      1     95      1     82      1      53     4.8567E+02  1.846E+10  7.824E-04  1.746E+00
     558      1     95      1     87      1      53     2.3815E+02  1.038E+07  1.000E-30  2.563E-01
     559      1     95      1     88      1      53     1.9586E+02  1.616E+09  2.340E-03  7.805E-01
     561      1     95      1     94      1      53     5.5996E+00  2.453E+02  3.723E-05  3.170E-01
     562      1     96      1     75      1      53     1.1409E+03  3.655E+09  1.720E-06  2.827E+01
     563      1     96      1     77      1      53     9.8211E+02  1.226E+08  1.000E-30  3.189E+00
     564      1     96      1     79      1      53     6.6145E+02  1.434E+09  6.217E-06  1.575E+01
     565      1     96      1     82      1      53     5.0657E+02  5.912E+07  1.000E-30  1.303E+00
     566      1     96      1     83      1      53     3.7229E+02  6.488E+08  2.647E-05  9.382E+00
     569      1     96      1     88      1      53     2.1675E+02  1.543E+07  1.000E-30  5.790E-01
     570      1     96      1     89      1      53     1.8430E+02  3.702E+08  1.987E-04  5.879E+00
     573      1     96      1     92      1      53     5.5065E+01  4.880E+07  1.531E-03  3.775E+00
     575      1     96      1     94      1      53     2.6491E+01  5.541E+04  1.000E-30  6.653E-01
     578      1     97      1     78      1      53     7.9354E+02  9.610E+09  5.845E-05  2.168E+00
     580      1     97      1     86      1      53     3.2696E+02  5.448E+09  1.048E-03  9.810E-01
     584      1     97      1     95      1      53     4.3029E+01  3.979E+06  8.297E-04  3.965E-01
     585      1     98      1     74      1      53     1.1808E+03  1.229E+09  8.794E-06  5.030E+00
     586      1     98      1     76      1      53     1.1240E+03  3.884E+08  1.000E-30  6.415E+00
     587      1     98      1     80      1      53     6.9278E+02  4.387E+08  1.914E-05  4.085E+00
     588      1     98      1     81      1      53     6.4729E+02  1.814E+08  1.000E-30  2.900E+00
     589      1     98      1     84      1      53     3.9921E+02  1.625E+08  4.001E-05  3.783E+00
     590      1     98      1     85      1      53     3.5803E+02  7.599E+07  1.000E-30  1.878E+00
     592      1     98      1     90      1      53     2.0843E+02  5.388E+07  9.578E-05  3.681E+00
     593      1     98      1     91      1      53     1.6878E+02  2.212E+07  1.000E-30  2.065E+00
     595      1     98      1     93      1      53     7.7294E+01  9.643E+06  3.416E-04  3.622E+00
     597      1     98      1     96      1      53     3.7767E+01  7.516E+05  1.000E-30  2.416E+00
     598      1     99      1     75      1      53     1.1956E+03  1.660E+09  1.000E-30  2.962E+01
     599      1     99      1     79      1      53     7.1611E+02  7.769E+08  1.000E-30  1.709E+01
     600      1     99      1     83      1      53     4.2696E+02  3.909E+08  1.000E-30  1.073E+01
     601      1     99      1     89      1      53     2.3897E+02  2.070E+08  1.000E-30  7.195E+00
     604      1     99      1     92      1      53     1.0973E+02  1.160E+08  1.000E-30  5.034E+00
     607      1     99      1     98      1      53     1.6897E+01  6.740E+05  1.000E-30  3.855E+00
     608      1    100      1     75      1      53     1.2357E+03  2.862E+09  1.045E-06  2.866E+01
     609      1    100      1     77      1      53     1.0769E+03  9.403E+07  1.000E-30  3.573E+00
     610      1    100      1     79      1      53     7.5626E+02  1.174E+09  3.322E-06  1.614E+01
     611      1    100      1     82      1      53     6.0138E+02  5.064E+07  1.000E-30  1.642E+00
     612      1    100      1     83      1      53     4.6710E+02  5.580E+08  1.107E-05  9.773E+00
     613      1    100      1     88      1      53     3.1156E+02  1.939E+07  1.000E-30  7.212E-01
     614      1    100      1     89      1      53     2.7912E+02  3.081E+08  4.501E-05  6.218E+00
     617      1    100      1     92      1      53     1.4988E+02  2.374E+08  3.407E-04  4.089E+00
     619      1    100      1     94      1      53     1.2130E+02  2.992E+06  1.000E-30  4.031E-01
     621      1    100      1     98      1      53     5.7044E+01  8.702E+07  3.386E-03  2.744E+00
     623      1    101      1     76      1      53     1.1918E+03  6.288E+09  5.151E-06  8.546E+00
     624      1    101      1     78      1      53     8.7698E+02  1.577E+07  1.000E-30  2.070E+00
     625      1    101      1     81      1      53     7.1510E+02  2.954E+09  2.055E-05  4.659E+00
     627      1    101      1     85      1      53     4.2583E+02  1.718E+09  9.880E-05  2.670E+00
     628      1    101      1     86      1      53     4.1039E+02  8.799E+06  1.000E-30  8.895E-01
     631      1    101      1     91      1      53     2.3659E+02  1.593E+09  9.171E-04  1.556E+00
     634      1    101      1     95      1      53     1.2646E+02  1.044E+06  1.000E-30  3.383E-01
     635      1    101      1     96      1      53     1.0557E+02  6.655E+08  7.527E-03  9.007E-01
     638      1    101      1    100      1      53     1.0760E+01  2.289E+03  4.396E-05  4.957E-01
     639      1    102      1     77      1      53     1.1469E+03  1.340E+10  1.874E-05  4.014E+00
     641      1    102      1     82      1      53     6.7131E+02  9.131E+09  1.239E-04  2.064E+00
     644      1    102      1     87      1      53     4.2378E+02  9.045E+06  1.000E-30  4.717E-01
     645      1    102      1     88      1      53     3.8149E+02  1.014E+10  1.435E-03  1.079E+00
     647      1    102      1     94      1      53     1.9123E+02  2.713E+09  6.228E-03  5.325E-01
     650      1    102      1     97      1      53     1.4260E+02  5.541E+06  1.000E-30  1.666E-01
     652      1    102      1    101      1      53     5.9168E+01  3.519E+05  5.839E-05  2.451E-01
     653      1    103      1     76      1      53     1.2875E+03  4.767E+09  3.005E-06  8.809E+00
     654      1    103      1     78      1      53     9.7272E+02  1.210E+07  1.000E-30  2.275E+00
     655      1    103      1     81      1      53     8.1083E+02  2.284E+09  1.044E-05  4.864E+00
     656      1    103      1     85      1      53     5.2157E+02  1.303E+09  3.796E-05  2.868E+00
     657      1    103      1     86      1      53     5.0613E+02  8.317E+06  1.000E-30  1.088E+00
     659      1    103      1     91      1      53     3.3233E+02  9.418E+08  1.734E-04  1.754E+00
     662      1    103      1     95      1      53     2.2220E+02  2.268E+06  1.000E-30  5.016E-01
     663      1    103      1     96      1      53     2.0131E+02  1.200E+09  1.617E-03  1.080E+00
     665      1    103      1    100      1      53     1.0650E+02  1.065E+09  1.628E-02  6.577E-01
     667      1    103      1    102      1      53     3.6571E+01  3.277E+04  1.000E-30  2.091E-01
     668      1    104      1     78      1      53     9.7661E+02  5.239E+09  1.552E-05  2.388E+00
     670      1    104      1     86      1      53     5.1003E+02  3.490E+09  1.451E-04  1.195E+00
     674      1    104      1     95      1      53     2.2610E+02  1.779E+09  1.690E-03  6.014E-01
     677      1    104      1    102      1      53     4.0464E+01  6.596E+06  2.413E-03  2.717E-01
     679      1    105      1     77      1      53     1.2750E+03  8.829E+09  8.574E-06  4.208E+00
     680      1    105      1     82      1      53     7.9944E+02  5.772E+09  4.238E-05  2.258E+00
     682      1    105      1     87      1      53     5.5191E+02  6.356E+06  1.000E-30  6.592E-01
     683      1    105      1     88      1      53     5.0962E+02  4.725E+09  2.388E-04  1.267E+00
     685      1    105      1     94      1      53     3.1936E+02  6.753E+09  2.479E-03  7.103E-01
     688      1    105      1     97      1      53     2.7073E+02  6.803E+06  1.000E-30  2.643E-01
     690      1    105      1    101      1      53     1.8730E+02  4.158E+09  1.421E-02  3.845E-01
     692      1    105      1    103      1      53     9.1560E+01  5.673E+05  3.248E-05  1.929E-01
     693      1    105      1    104      1      53     8.7667E+01  2.109E+06  1.000E-30  1.224E-01
     694      1    106      1     78      1      53     1.1024E+03  3.233E+09  6.302E-06  2.523E+00
     695      1    106      1     86      1      53     6.3583E+02  2.320E+09  4.474E-05  1.329E+00
     698      1    106      1     95      1      53     3.5190E+02  1.304E+09  2.683E-04  7.352E-01
     701      1    106      1    102      1      53     1.6626E+02  7.278E+08  2.641E-03  3.959E-01
     704      1    106      1    105      1      53     3.8133E+01  9.378E+06  5.718E-03  1.970E-01
     705      1    107      1     77      1      53     1.3672E+03  6.171E+09  4.715E-06  4.337E+00
     706      1    107      1     82      1      53     8.9170E+02  3.962E+09  1.983E-05  2.387E+00
     707      1    107      1     87      1      53     6.4417E+02  4.492E+06  1.000E-30  7.869E-01
     708      1    107      1     88      1      53     6.0188E+02  2.952E+09  8.217E-05  1.396E+00
     710      1    107      1     94      1      53     4.1162E+02  2.923E+09  4.231E-04  8.393E-01
     712      1    107      1     97      1      53     3.6299E+02  5.555E+06  1.000E-30  3.824E-01
     714      1    107      1    101      1      53     2.7956E+02  5.254E+09  4.073E-03  5.020E-01
     716      1    107      1    103      1      53     1.8382E+02  5.914E+09  2.861E-02  2.924E-01
     717      1    107      1    104      1      53     1.7993E+02  3.710E+06  1.000E-30  1.642E-01
     719      1    107      1    106      1      53     5.4126E+01  6.597E+05  1.000E-30  9.839E-02
     720      1    108      1     78      1      53     1.1926E+03  2.154E+09  3.213E-06  2.604E+00
     721      1    108      1     86      1      53     7.2599E+02  1.618E+09  1.965E-05  1.417E+00
     723      1    108      1     95      1      53     4.4206E+02  9.560E+08  8.929E-05  8.168E-01
     725      1    108      1    102      1      53     2.5642E+02  5.491E+08  4.471E-04  4.800E-01
     728      1    108      1    105      1      53     1.2829E+02  3.511E+08  3.958E-03  2.772E-01
     730      1    108      1    107      1      53     3.6034E+01  1.227E+07  1.166E-02  1.510E-01
     731      1    110      1    109      1      53     1.0325E+02  9.636E+06  1.000E-30  3.596E+02
     732      1    111      1    109      1      53     6.2828E+02  2.442E+09  1.812E-07  4.026E+02
     733      1    114      1    113      1      54     7.1415E+00  2.940E+01  1.000E-30  4.297E-04
     735      1    115      1    114      1      54     4.2027E+02  2.447E+08  3.865E-03  2.538E-02
     736      1    117      1    116      1      54     8.2284E+01  2.035E+06  4.666E-02  4.952E-03
     737      1    118      1    117      1      54     6.5579E+01  6.897E+05  4.879E-07  9.899E+01
     739      1    120      1    119      1      54     2.7707E+01  7.774E+04  1.563E-01  1.685E-03
     740      1    121      1    120      1      54     3.4184E+01  2.174E+05  3.047E-06  3.527E+01
     743      1    122      1    121      1      54     1.1729E+01  1.900E+03  1.390E-06  1.004E+01
     745      1    124      1    119      1      54     9.4819E+02  1.449E+10  3.217E-05  3.132E+01
     746      1    124      1    121      1      54     8.8629E+02  4.617E+09  1.000E-30  1.766E+01
     747      1    123      1    120      1      54     9.0352E+02  1.685E+10  1.000E-30  5.146E+01
     749      1    124      1    123      1      54     1.6956E+01  3.280E+04  2.785E-02  1.115E-02
     750      1    125      1    120      1      54     9.3511E+02  3.061E+10  1.720E-05  4.298E+01
     753      1    125      1    122      1      54     8.8920E+02  1.125E+09  1.000E-30  3.397E+00
     754      1    125      1    124      1      54     1.4632E+01  1.998E+04  5.641E-06  2.233E+01
     757      1    126      1    121      1      54     9.0719E+02  5.167E+10  5.480E-05  1.497E+01
     759      1    126      1    125      1      54     6.2624E+00  5.500E+02  5.132E-06  5.173E+00
     761      1    127      1    122      1      54     9.0472E+02  8.611E+10  1.439E-04  6.842E+00
     763      1    127      1    126      1      54     9.2648E+00  6.590E+02  3.448E-06  2.036E+00
     765      1    129      1    121      1      54     1.3816E+03  3.581E+09  1.000E-30  9.939E+00
     767      1    129      1    123      1      54     5.1224E+02  2.524E+09  6.149E-05  1.809E+01
     768      1    129      1    125      1      54     4.8065E+02  1.241E+09  1.000E-30  1.080E+01
     770      1    128      1    120      1      54     1.4063E+03  1.412E+10  1.000E-30  5.134E+01
     772      1    128      1    124      1      54     4.8585E+02  3.622E+09  1.000E-30  3.176E+01
     775      1    129      1    128      1      54     9.4325E+00  6.615E+03  4.580E-02  7.780E-03
     777      1    130      1    120      1      54     1.4246E+03  1.808E+10  3.428E-05  3.604E+00
     779      1    130      1    122      1      54     1.3787E+03  7.489E+08  1.000E-30  4.641E+00
     780      1    130      1    124      1      54     5.0408E+02  4.800E+09  2.757E-05  2.685E+01
     783      1    130      1    126      1      54     4.8319E+02  4.621E+08  1.000E-30  2.047E+00
     785      1    130      1    129      1      54     8.7978E+00  5.727E+03  1.282E-05  1.296E+01
     788      1    131      1    121      1      54     1.3942E+03  3.954E+10  1.025E-05  1.687E+01
     790      1    131      1    125      1      54     4.9329E+02  7.813E+09  1.044E-04  7.388E+00
     791      1    131      1    127      1      54     4.7777E+02  1.243E+08  1.000E-30  7.967E-01
     793      1    131      1    130      1      54     3.8408E+00  1.886E+02  1.314E-05  3.002E+00
     795      1    132      1    122      1      54     1.3904E+03  4.206E+10  1.651E-05  8.025E+00
     797      1    132      1    126      1      54     4.9497E+02  1.240E+10  2.586E-04  3.349E+00
     799      1    132      1    131      1      54     7.9348E+00  7.664E+02  1.100E-05  1.181E+00
     800      1    133      1    127      1      54     4.8686E+02  1.748E+10  5.266E-04  1.896E+00
     801      1    133      1    132      1      54     1.1594E+00  6.813E-01  4.847E-06  5.942E-01
     802      1    134      1    124      1      54     7.8763E+02  3.456E+09  1.000E-30  3.168E+01
     804      1    134      1    129      1      54     2.9235E+02  1.017E+09  1.000E-30  1.833E+01
     808      1    135      1    123      1      54     8.1021E+02  2.693E+09  2.618E-05  1.146E+01
     809      1    135      1    125      1      54     7.7862E+02  1.108E+09  1.000E-30  1.000E+01
     811      1    135      1    128      1      54     3.0740E+02  5.980E+08  1.073E-04  1.137E+01
     812      1    135      1    130      1      54     2.8917E+02  3.892E+08  1.000E-30  5.772E+00
     814      1    135      1    134      1      54     5.6221E+00  1.760E+03  1.934E-04  3.036E+00
     815      1    136      1    124      1      54     7.9909E+02  5.013E+09  6.129E-06  3.166E+01
     818      1    136      1    126      1      54     7.7820E+02  3.661E+08  1.000E-30  4.965E+00
     819      1    136      1    129      1      54     3.0380E+02  1.085E+09  4.176E-05  1.830E+01
     822      1    136      1    131      1      54     2.9116E+02  1.772E+08  1.000E-30  2.869E+00
     825      1    136      1    135      1      54     5.8334E+00  2.100E+03  2.546E-05  8.207E+00
     827      1    137      1    125      1      54     7.8707E+02  7.506E+09  1.823E-05  1.001E+01
     828      1    137      1    127      1      54     7.7154E+02  8.380E+07  1.000E-30  2.995E+00
     830      1    137      1    130      1      54     2.9761E+02  1.683E+09  1.307E-04  5.788E+00
     831      1    137      1    132      1      54     2.8584E+02  6.991E+07  1.000E-30  1.727E+00
     833      1    137      1    136      1      54     2.6080E+00  7.825E+01  2.784E-05  1.878E+00
     835      1    138      1    126      1      54     7.8806E+02  9.683E+09  3.371E-05  4.969E+00
     837      1    138      1    131      1      54     3.0103E+02  2.635E+09  2.847E-04  2.872E+00
     838      1    138      1    133      1      54     2.9194E+02  2.262E+07  1.000E-30  1.156E+00
     840      1    138      1    137      1      54     7.2571E+00  8.273E+02  2.476E-05  7.405E-01
     841      1    139      1    127      1      54     7.7953E+02  8.613E+09  3.995E-05  2.998E+00
     842      1    139      1    132      1      54     2.9383E+02  3.414E+09  5.127E-04  1.730E+00
     843      1    139      1    138      1      54     7.3047E-01  3.186E-01  1.452E-05  3.709E-01
     844      1    140      1    133      1      54     2.9317E+02  4.724E+09  8.755E-04  1.155E+00
     845      1    140      1    139      1      54     5.0455E-01  3.989E-02  7.802E-06  2.146E-01
     846      1    141      1    124      1      54     9.8280E+02  2.752E+09  1.000E-30  3.165E+01
     847      1    141      1    129      1      54     4.8751E+02  1.060E+09  1.000E-30  1.828E+01
     851      1    141      1    135      1      54     1.8954E+02  3.398E+08  1.000E-30  1.149E+01
     853      1    142      1    123      1      54     1.0032E+03  2.258E+09  1.722E-05  7.692E+00
     854      1    142      1    125      1      54     9.7165E+02  8.415E+08  1.000E-30  1.002E+01
     856      1    142      1    128      1      54     5.0043E+02  6.948E+08  4.287E-05  7.662E+00
     857      1    142      1    130      1      54     4.8220E+02  3.833E+08  1.000E-30  5.790E+00
     859      1    142      1    134      1      54     1.9865E+02  1.761E+08  1.757E-04  7.577E+00
     861      1    142      1    136      1      54     1.8719E+02  1.394E+08  1.000E-30  4.854E+00
     863      1    142      1    141      1      54     3.4847E+00  4.614E+02  3.411E-04  1.894E+00
     864      1    143      1    124      1      54     9.9046E+02  4.169E+09  2.679E-06  3.164E+01
     865      1    143      1    126      1      54     9.6956E+02  2.603E+08  1.000E-30  4.975E+00
     866      1    143      1    129      1      54     4.9517E+02  1.249E+09  1.112E-05  1.828E+01
     869      1    143      1    131      1      54     4.8253E+02  1.589E+08  1.000E-30  2.880E+00
     872      1    143      1    135      1      54     1.9720E+02  3.097E+08  8.452E-05  9.436E+00
     874      1    143      1    137      1      54     1.8876E+02  7.172E+07  1.000E-30  9.727E-01
     877      1    143      1    142      1      54     4.1712E+00  9.125E+02  4.556E-05  5.451E+00
     878      1    144      1    125      1      54     9.7774E+02  5.925E+09  7.496E-06  1.002E+01
     879      1    144      1    127      1      54     9.6221E+02  5.428E+07  1.000E-30  3.006E+00
     881      1    144      1    130      1      54     4.8829E+02  1.848E+09  3.246E-05  5.795E+00
     882      1    144      1    132      1      54     4.7651E+02  5.661E+07  1.000E-30  1.738E+00
     884      1    144      1    136      1      54     1.9328E+02  4.626E+08  2.987E-04  2.543E+00
     885      1    144      1    138      1      54     1.8342E+02  3.272E+07  1.000E-30  3.339E-01
     887      1    144      1    143      1      54     1.9160E+00  3.883E+01  5.211E-05  1.256E+00
     888      1    145      1    126      1      54     9.7835E+02  6.818E+09  1.238E-05  4.978E+00
     890      1    145      1    131      1      54     4.9132E+02  2.526E+09  6.257E-05  2.882E+00
     891      1    145      1    133      1      54     4.8223E+02  1.464E+07  1.000E-30  1.167E+00
     893      1    145      1    137      1      54     1.9755E+02  7.242E+08  7.052E-04  1.129E+00
     894      1    145      1    139      1      54     1.8956E+02  1.671E+07  1.000E-30  1.651E-01
     896      1    145      1    144      1      54     6.8766E+00  8.974E+02  4.722E-05  4.951E-01
     897      1    146      1    127      1      54     9.6958E+02  4.899E+09  1.177E-05  3.007E+00
     898      1    146      1    132      1      54     4.8388E+02  2.724E+09  9.105E-05  1.739E+00
     899      1    146      1    138      1      54     1.9078E+02  8.682E+08  1.311E-03  6.291E-01
     900      1    146      1    140      1      54     1.8955E+02  5.122E+06  1.000E-30  1.068E-01
     901      1    146      1    145      1      54     4.8959E-01  1.363E-01  3.070E-05  2.493E-01
     902      1    147      1    133      1      54     4.8306E+02  2.284E+09  9.373E-05  1.165E+00
     903      1    147      1    139      1      54     1.9039E+02  1.163E+09  2.282E-03  3.989E-01
     904      1    147      1    146      1      54     3.3818E-01  2.268E-02  2.193E-05  1.441E-01
     905      1    148      1    140      1      54     1.9013E+02  1.540E+09  3.742E-03  2.741E-01
     906      1    148      1    147      1      54     2.4746E-01  3.524E-03  1.174E-05  9.033E-02
     907      1    149      1    124      1      54     1.1162E+03  2.123E+09  1.000E-30  3.164E+01
     908      1    149      1    129      1      54     6.2092E+02  8.998E+08  1.000E-30  1.827E+01
     910      1    149      1    135      1      54     3.2295E+02  3.787E+08  1.000E-30  1.149E+01
     913      1    149      1    142      1      54     1.2992E+02  1.298E+08  1.000E-30  7.701E+00
     915      1    150      1    123      1      54     1.1354E+03  1.801E+09  1.346E-05  5.419E+00
     916      1    150      1    125      1      54     1.1038E+03  6.322E+08  1.000E-30  1.002E+01
     917      1    150      1    128      1      54     6.3256E+02  6.239E+08  2.711E-05  5.388E+00
     918      1    150      1    130      1      54     6.1433E+02  3.142E+08  1.000E-30  5.799E+00
     919      1    150      1    134      1      54     3.3078E+02  2.180E+08  6.658E-05  5.361E+00
     921      1    150      1    136      1      54     3.1933E+02  1.492E+08  1.000E-30  2.888E+00
     923      1    150      1    141      1      54     1.3562E+02  6.075E+07  2.708E-04  5.330E+00
     925      1    150      1    143      1      54     1.2796E+02  5.575E+07  1.000E-30  3.479E+00
     927      1    150      1    149      1      54     2.2069E+00  1.247E+02  5.911E-04  1.163E+00
     928      1    151      1    124      1      54     1.1216E+03  3.301E+09  1.461E-06  3.162E+01
     929      1    151      1    126      1      54     1.1007E+03  1.871E+08  1.000E-30  4.983E+00
     930      1    151      1    129      1      54     6.2630E+02  1.117E+09  4.918E-06  1.826E+01
     931      1    151      1    131      1      54     6.1366E+02  1.227E+08  1.000E-30  2.888E+00
     933      1    151      1    135      1      54     3.2833E+02  3.814E+08  2.124E-05  1.002E+01
     935      1    151      1    137      1      54     3.1989E+02  7.062E+07  1.000E-30  6.227E-01
     937      1    151      1    142      1      54     1.3530E+02  1.048E+08  1.335E-04  6.260E+00
     939      1    151      1    144      1      54     1.2921E+02  3.111E+07  1.000E-30  7.118E-01
     941      1    151      1    150      1      54     3.1681E+00  4.696E+02  7.681E-05  3.798E+00
     942      1    152      1    125      1      54     1.1084E+03  4.532E+09  3.932E-06  1.003E+01
     943      1    152      1    127      1      54     1.0929E+03  3.666E+07  1.000E-30  3.013E+00
     944      1    152      1    130      1      54     6.1900E+02  1.601E+09  1.379E-05  5.803E+00
     945      1    152      1    132      1      54     6.0722E+02  4.085E+07  1.000E-30  1.745E+00
     947      1    152      1    136      1      54     3.2399E+02  5.548E+08  6.737E-05  2.870E+00
     948      1    152      1    138      1      54     3.1413E+02  3.049E+07  1.000E-30  3.559E-01
     950      1    152      1    143      1      54     1.3263E+02  1.519E+08  4.612E-04  1.673E+00
     951      1    152      1    145      1      54     1.2383E+02  1.502E+07  1.000E-30  2.477E-01
     953      1    152      1    151      1      54     1.4980E+00  2.162E+01  8.633E-05  8.830E-01
     954      1    153      1    126      1      54     1.1088E+03  4.861E+09  6.055E-06  4.985E+00
     955      1    153      1    131      1      54     6.2180E+02  2.028E+09  2.472E-05  2.890E+00
     956      1    153      1    133      1      54     6.1271E+02  9.303E+06  1.000E-30  1.174E+00
     958      1    153      1    137      1      54     3.2803E+02  7.823E+08  1.406E-04  1.334E+00
     959      1    153      1    139      1      54     3.2004E+02  1.284E+07  1.000E-30  2.674E-01
     961      1    153      1    144      1      54     1.3736E+02  2.433E+08  1.077E-03  7.391E-01
     962      1    153      1    146      1      54     1.2999E+02  9.852E+06  1.000E-30  1.171E-01
     963      1    153      1    152      1      54     6.6466E+00  9.749E+02  8.066E-05  3.487E-01
     964      1    154      1    127      1      54     1.0999E+03  3.084E+09  5.063E-06  3.014E+00
     965      1    154      1    132      1      54     6.1421E+02  1.944E+09  3.165E-05  1.746E+00
     966      1    154      1    138      1      54     3.2112E+02  8.711E+08  2.247E-04  7.711E-01
     967      1    154      1    140      1      54     3.1988E+02  3.208E+06  1.000E-30  2.110E-01
     968      1    154      1    145      1      54     1.3082E+02  2.696E+08  1.946E-03  4.085E-01
     969      1    154      1    147      1      54     1.3000E+02  4.548E+06  1.000E-30  7.016E-02
     970      1    154      1    153      1      54     3.4390E-01  6.051E-02  5.586E-05  1.755E-01
     971      1    155      1    133      1      54     6.1329E+02  1.282E+09  2.555E-05  1.172E+00
     972      1    155      1    139      1      54     3.2062E+02  9.184E+08  2.987E-04  5.028E-01
     973      1    155      1    146      1      54     1.3057E+02  3.497E+08  3.299E-03  2.576E-01
     974      1    155      1    148      1      54     1.2999E+02  1.410E+06  1.000E-30  5.067E-02
     975      1    155      1    154      1      54     2.3759E-01  1.122E-02  4.452E-05  1.013E-01
     976      1    156      1    124      1      54     1.2114E+03  1.638E+09  1.000E-30  3.162E+01
     977      1    156      1    129      1      54     7.1613E+02  7.285E+08  1.000E-30  1.826E+01
     978      1    156      1    135      1      54     4.1816E+02  3.381E+08  1.000E-30  1.150E+01
     980      1    156      1    142      1      54     2.2513E+02  1.526E+08  1.000E-30  7.706E+00
     983      1    156      1    150      1      54     9.3002E+01  5.539E+07  1.000E-30  5.404E+00
     985      1    157      1    123      1      54     1.2298E+03  1.423E+09  1.142E-05  3.970E+00
     986      1    157      1    125      1      54     1.1982E+03  4.781E+08  1.000E-30  1.003E+01
     987      1    157      1    128      1      54     7.2695E+02  5.239E+08  2.051E-05  3.939E+00
     988      1    157      1    130      1      54     7.0872E+02  2.487E+08  1.000E-30  5.804E+00
     989      1    157      1    134      1      54     4.2517E+02  2.068E+08  4.068E-05  3.919E+00
     990      1    157      1    136      1      54     4.1371E+02  1.291E+08  1.000E-30  1.997E+00
     991      1    157      1    141      1      54     2.3000E+02  7.959E+07  9.938E-05  3.900E+00
     993      1    157      1    143      1      54     2.2235E+02  6.338E+07  1.000E-30  2.183E+00
     995      1    157      1    149      1      54     9.6594E+01  2.368E+07  4.014E-04  3.879E+00
     997      1    157      1    151      1      54     9.1219E+01  2.427E+07  1.000E-30  2.572E+00
     999      1    157      1    156      1      54     1.3856E+00  3.172E+01  1.027E-03  6.889E-01
    1000      1    158      1    124      1      54     1.2153E+03  2.587E+09  9.001E-07  3.163E+01
    1001      1    158      1    126      1      54     1.1944E+03  1.374E+08  1.000E-30  4.989E+00
    1002      1    158      1    129      1      54     7.2004E+02  9.330E+08  2.704E-06  1.826E+01
    1003      1    158      1    131      1      54     7.0740E+02  9.341E+07  1.000E-30  2.893E+00
    1004      1    158      1    135      1      54     4.2207E+02  3.601E+08  9.088E-06  1.041E+01
    1005      1    158      1    137      1      54     4.1363E+02  5.822E+07  1.000E-30  7.742E-01
    1007      1    158      1    142      1      54     2.2904E+02  1.359E+08  3.375E-05  6.618E+00
    1009      1    158      1    144      1      54     2.2296E+02  3.303E+07  1.000E-30  4.340E-01
    1011      1    158      1    150      1      54     9.6914E+01  4.051E+07  2.019E-04  4.354E+00
    1012      1    158      1    152      1      54     9.2248E+01  1.438E+07  1.000E-30  5.390E-01
    1014      1    158      1    157      1      54     2.5273E+00  2.771E+02  1.234E-04  2.746E+00
    1015      1    159      1    125      1      54     1.2019E+03  3.476E+09  2.364E-06  1.004E+01
    1016      1    159      1    127      1      54     1.1864E+03  2.582E+07  1.000E-30  3.020E+00
    1017      1    159      1    130      1      54     7.1248E+02  1.310E+09  7.388E-06  5.808E+00
    1018      1    159      1    132      1      54     7.0070E+02  2.955E+07  1.000E-30  1.751E+00
    1019      1    159      1    136      1      54     4.1747E+02  5.140E+08  2.718E-05  3.080E+00
    1020      1    159      1    138      1      54     4.0761E+02  2.394E+07  1.000E-30  5.296E-01
    1022      1    159      1    143      1      54     2.2610E+02  1.941E+08  1.060E-04  1.877E+00
    1023      1    159      1    145      1      54     2.1731E+02  1.580E+07  1.000E-30  2.151E-01
    1025      1    159      1    151      1      54     9.4977E+01  5.716E+07  6.838E-04  1.157E+00
    1026      1    159      1    153      1      54     8.6832E+01  6.981E+06  1.000E-30  1.897E-01
    1028      1    159      1    158      1      54     1.2307E+00  1.364E+01  1.353E-04  6.414E-01
    1029      1    160      1    126      1      54     1.2022E+03  3.557E+09  3.474E-06  4.991E+00
    1030      1    160      1    131      1      54     7.1513E+02  1.578E+09  1.262E-05  2.895E+00
    1031      1    160      1    133      1      54     7.0604E+02  6.248E+06  1.000E-30  1.178E+00
    1032      1    160      1    137      1      54     4.2136E+02  6.838E+08  5.274E-05  1.467E+00
    1033      1    160      1    139      1      54     4.1337E+02  9.017E+06  1.000E-30  3.910E-01
    1035      1    160      1    144      1      54     2.3069E+02  2.805E+08  2.235E-04  8.658E-01
    1036      1    160      1    146      1      54     2.2332E+02  8.497E+06  1.000E-30  1.580E-01
    1037      1    160      1    152      1      54     9.9979E+01  9.551E+07  1.599E-03  5.069E-01
    1038      1    160      1    154      1      54     9.2988E+01  5.535E+06  1.000E-30  8.885E-02
    1039      1    160      1    159      1      54     6.4994E+00  1.061E+03  1.285E-04  2.548E-01
    1040      1    161      1    127      1      54     1.1932E+03  2.080E+09  2.672E-06  3.019E+00
    1041      1    161      1    132      1      54     7.0745E+02  1.402E+09  1.489E-05  1.751E+00
    1042      1    161      1    138      1      54     4.1436E+02  7.163E+08  7.718E-05  8.594E-01
    1043      1    161      1    140      1      54     4.1312E+02  1.996E+06  1.000E-30  2.999E-01
    1044      1    161      1    145      1      54     2.2406E+02  3.082E+08  3.619E-04  4.988E-01
    1045      1    161      1    147      1      54     2.2323E+02  3.367E+06  1.000E-30  1.257E-01
    1046      1    161      1    153      1      54     9.3583E+01  9.565E+07  2.762E-03  2.792E-01
    1047      1    161      1    155      1      54     9.3001E+01  3.067E+06  1.000E-30  5.072E-02
    1048      1    161      1    160      1      54     2.5061E-01  2.813E-02  9.186E-05  1.282E-01
    1049      1    162      1    133      1      54     7.0646E+02  8.038E+08  1.043E-05  1.177E+00
    1050      1    162      1    139      1      54     4.1380E+02  6.528E+08  8.700E-05  5.708E-01
    1051      1    162      1    146      1      54     2.2375E+02  3.487E+08  5.178E-04  3.243E-01
    1052      1    162      1    148      1      54     2.2316E+02  8.516E+05  1.000E-30  1.032E-01
    1053      1    162      1    154      1      54     9.3412E+01  1.218E+08  4.606E-03  1.757E-01
    1054      1    162      1    161      1      54     1.7317E-01  5.554E-03  7.783E-05  7.403E-02
    1381      1    165      1    164      1       1     1.0199E+01  1.627E+02  1.067E-04  1.114E-02
    1384      1    167      1    164      1       1     1.0199E+01  3.255E+02  2.134E-04  1.114E-02
    1387      1    169      1    164      1       1     1.2088E+01  1.478E+02  4.043E-05  1.759E-02
    1389      1    169      1    166      1       1     1.8887E+00  3.101E+00  1.372E-05  1.837E-02
    1392      1    168      1    165      1       1     1.8887E+00  9.694E-02  6.077E-07  1.345E-02
    1394      1    168      1    167      1       1     1.8886E+00  1.939E-01  1.215E-06  1.345E-02
    1396      1    170      1    165      1       1     1.8887E+00  4.961E+00  4.727E-05  9.225E-03
    1398      1    170      1    167      1       1     1.8887E+00  9.917E+00  9.449E-05  9.228E-03
    1399      1    172      1    164      1       1     1.2749E+01  5.306E+01  1.031E-05  2.464E-02
    1401      1    172      1    166      1       1     2.5497E+00  1.506E+00  5.186E-07  1.437E-01
    1404      1    172      1    168      1       1     6.6104E-01  1.238E-01  2.040E-06  4.216E-02
    1405      1    172      1    170      1       1     6.6103E-01  1.404E-02  2.556E-07  3.794E-02
    1407      1    171      1    165      1       1     2.5497E+00  4.469E-02  6.165E-08  3.699E-02
    1409      1    171      1    167      1       1     2.5497E+00  8.938E-02  1.233E-07  3.699E-02
    1410      1    171      1    169      1       1     6.6103E-01  2.474E-02  3.926E-07  4.340E-02
    1414      1    173      1    165      1       1     2.5497E+00  1.788E+00  3.181E-06  2.907E-02
    1416      1    173      1    167      1       1     2.5497E+00  3.581E+00  6.373E-06  2.907E-02
    1417      1    173      1    169      1       1     6.6104E-01  4.741E-01  9.235E-06  3.549E-02
    1425      1    174      1    170      1       1     6.6103E-01  1.301E+00  3.483E-05  2.592E-02
    1426      1    176      1    164      1       1     1.3054E+01  7.991E+00  3.287E-06  3.535E-02
    1428      1    176      1    166      1       1     2.8557E+00  2.520E-01  4.157E-07  8.219E-02
    1430      1    176      1    168      1       1     9.6701E-01  2.824E-02  3.486E-07  8.947E-02
    1431      1    176      1    170      1       1     9.6699E-01  2.574E-03  3.322E-08  8.525E-02
    1433      1    176      1    171      1       1     3.0597E-01  4.015E-03  3.291E-07  1.121E-01
    1434      1    176      1    173      1       1     3.0596E-01  1.026E-03  9.031E-08  1.042E-01
    1437      1    175      1    165      1       1     2.8557E+00  7.261E-03  1.145E-08  8.588E-02
    1439      1    175      1    167      1       1     2.8556E+00  1.452E-02  2.290E-08  8.588E-02
    1440      1    175      1    169      1       1     9.6700E-01  5.193E-03  6.187E-08  9.229E-02
    1443      1    175      1    172      1       1     3.0596E-01  1.171E-03  9.433E-08  1.137E-01
    1447      1    177      1    165      1       1     2.8557E+00  2.664E-01  4.947E-07  7.321E-02
    1449      1    177      1    167      1       1     2.8557E+00  5.321E-01  9.880E-07  7.321E-02
    1450      1    177      1    169      1       1     9.6700E-01  9.711E-02  1.341E-06  7.963E-02
    1453      1    177      1    172      1       1     3.0597E-01  1.351E-02  1.221E-06  1.010E-01
    1456      1    177      1    174      1       1     3.0596E-01  4.586E-04  4.722E-08  8.900E-02
    1461      1    178      1    170      1       1     9.6699E-01  1.825E-01  3.079E-06  6.531E-02
    1463      1    178      1    173      1       1     3.0596E-01  3.287E-02  3.567E-06  8.425E-02
    1469      1    179      1    174      1       1     3.0596E-01  6.974E-02  1.000E-05  6.355E-02
    1470      1    181      1    164      1       1     1.3221E+01  5.364E-01  1.385E-06  4.612E-02
    1472      1    181      1    166      1       1     3.0219E+00  1.773E-02  1.086E-07  1.689E-01
    1473      1    181      1    168      1       1     1.1332E+00  2.223E-03  8.756E-08  1.762E-01
    1474      1    181      1    170      1       1     1.1332E+00  1.822E-04  7.326E-09  1.719E-01
    1476      1    181      1    171      1       1     4.7217E-01  4.324E-04  7.256E-08  1.988E-01
    1477      1    181      1    173      1       1     4.7216E-01  9.137E-05  1.594E-08  1.909E-01
    1480      1    181      1    175      1       1     1.6620E-01  8.310E-05  2.632E-08  2.473E-01
    1481      1    181      1    177      1       1     1.6620E-01  3.275E-05  1.098E-08  2.346E-01
    1484      1    180      1    165      1       1     3.0219E+00  5.077E-04  3.009E-09  1.745E-01
    1486      1    180      1    167      1       1     3.0218E+00  1.014E-03  6.008E-09  1.745E-01
    1487      1    180      1    169      1       1     1.1332E+00  3.931E-04  1.503E-08  1.809E-01
    1488      1    180      1    172      1       1     4.7217E-01  1.154E-04  1.901E-08  2.023E-01
    1491      1    180      1    176      1       1     1.6620E-01  3.054E-05  9.632E-09  2.492E-01
    1495      1    182      1    165      1       1     3.0219E+00  1.772E-02  1.176E-07  1.560E-01
    1497      1    182      1    167      1       1     3.0219E+00  3.553E-02  2.358E-07  1.560E-01
    1498      1    182      1    169      1       1     1.1332E+00  7.281E-03  3.099E-07  1.625E-01
    1499      1    182      1    172      1       1     4.7217E-01  1.395E-03  2.525E-07  1.839E-01
    1502      1    182      1    174      1       1     4.7216E-01  3.466E-05  6.726E-09  1.718E-01
    1503      1    182      1    176      1       1     1.6620E-01  2.557E-04  8.678E-08  2.307E-01
    1506      1    182      1    178      1       1     1.6620E-01  2.223E-05  8.305E-09  2.108E-01
    1509      1    183      1    170      1       1     1.1332E+00  1.165E-02  5.663E-07  1.423E-01
    1511      1    183      1    173      1       1     4.7216E-01  2.908E-03  6.005E-07  1.613E-01
    1513      1    183      1    177      1       1     1.6620E-01  5.762E-04  2.208E-07  2.050E-01
    1514      1    183      1    179      1       1     1.6620E-01  9.061E-06  4.010E-09  1.796E-01
    1517      1    184      1    174      1       1     4.7216E-01  3.987E-03  9.989E-07  1.328E-01
    1519      1    184      1    178      1       1     1.6620E-01  1.136E-03  5.169E-07  1.718E-01
    1521      1    185      1    179      1       1     1.6620E-01  2.063E-03  1.212E-06  1.336E-01
    1523      1    186      1    165      1       1     3.1221E+00  3.945E-05  8.855E-10  3.204E-01
    1524      1    186      1    167      1       1     3.1221E+00  7.889E-05  1.771E-09  3.204E-01
    1525      1    186      1    169      1       1     1.2334E+00  3.193E-05  3.506E-09  3.268E-01
    1526      1    186      1    172      1       1     5.7238E-01  1.028E-05  2.472E-09  3.482E-01
    1527      1    186      1    176      1       1     2.6642E-01  3.565E-06  1.000E-30  3.951E-01
    1530      1    186      1    181      1       1     1.0021E-01  1.047E-06  1.000E-30  4.815E-01
    1533      1    187      1    164      1       1     1.3321E+01  4.082E-02  6.310E-07  5.978E-02
    1534      1    187      1    166      1       1     3.1221E+00  1.388E-03  3.195E-08  3.124E-01
    1535      1    187      1    168      1       1     1.2334E+00  1.846E-04  2.081E-08  3.197E-01
    1536      1    187      1    170      1       1     1.2334E+00  1.418E-05  1.613E-09  3.155E-01
    1537      1    187      1    171      1       1     5.7238E-01  4.013E-05  9.854E-09  3.424E-01
    1538      1    187      1    173      1       1     5.7238E-01  7.642E-06  1.915E-09  3.345E-01
    1540      1    187      1    175      1       1     2.6642E-01  1.052E-05  1.000E-30  3.908E-01
    1541      1    187      1    177      1       1     2.6642E-01  3.497E-06  1.000E-30  3.782E-01
    1544      1    187      1    180      1       1     1.0022E-01  2.432E-06  1.000E-30  4.792E-01
    1545      1    187      1    182      1       1     1.0021E-01  1.268E-06  1.000E-30  4.608E-01
    1548      1    188      1    165      1       1     3.1221E+00  1.344E-03  3.278E-08  2.950E-01
    1549      1    188      1    167      1       1     3.1221E+00  2.688E-03  6.556E-08  2.950E-01
    1550      1    188      1    169      1       1     1.2334E+00  5.862E-04  6.977E-08  3.015E-01
    1551      1    188      1    172      1       1     5.7238E-01  1.262E-04  3.273E-08  3.228E-01
    1552      1    188      1    174      1       1     5.7238E-01  2.658E-06  7.184E-10  3.108E-01
    1553      1    188      1    176      1       1     2.6642E-01  3.198E-05  1.000E-30  3.697E-01
    1556      1    188      1    178      1       1     2.6642E-01  2.105E-06  1.000E-30  3.498E-01
    1558      1    188      1    181      1       1     1.0022E-01  7.058E-06  1.000E-30  4.562E-01
    1561      1    188      1    183      1       1     1.0021E-01  1.045E-06  1.000E-30  4.266E-01
    1564      1    189      1    170      1       1     1.2334E+00  8.610E-04  1.126E-07  2.745E-01
    1565      1    189      1    173      1       1     5.7238E-01  2.431E-04  6.944E-08  2.934E-01
    1567      1    189      1    177      1       1     2.6642E-01  6.688E-05  1.000E-30  3.371E-01
    1568      1    189      1    179      1       1     2.6642E-01  7.149E-07  1.000E-30  3.117E-01
    1570      1    189      1    182      1       1     1.0021E-01  1.504E-05  1.000E-30  4.197E-01
    1571      1    189      1    184      1       1     1.0021E-01  6.440E-07  1.000E-30  3.807E-01
    1573      1    190      1    174      1       1     5.7238E-01  2.748E-04  9.025E-08  2.558E-01
    1575      1    190      1    178      1       1     2.6642E-01  1.088E-04  1.000E-30  2.948E-01
    1577      1    190      1    183      1       1     1.0021E-01  2.808E-05  1.000E-30  3.716E-01
    1578      1    190      1    185      1       1     1.0021E-01  2.500E-07  1.000E-30  3.257E-01
    1580      1    191      1    179      1       1     2.6642E-01  1.234E-04  1.000E-30  2.452E-01
    1581      1    191      1    184      1       1     1.0021E-01  4.846E-05  1.000E-30  3.142E-01
    1583      1    192      1    185      1       1     1.0021E-01  7.990E-05  1.000E-30  2.509E-01
    1585      1    193      1    165      1       1     3.1872E+00  4.052E-06  3.401E-10  5.440E-01
    1586      1    193      1    167      1       1     3.1871E+00  8.103E-06  6.801E-10  5.440E-01
    1587      1    193      1    169      1       1     1.2985E+00  3.348E-06  1.325E-09  5.504E-01
    1588      1    193      1    172      1       1     6.3742E-01  1.128E-06  9.913E-10  5.718E-01
    1589      1    193      1    176      1       1     3.3146E-01  4.297E-07  3.101E-11  6.187E-01
    1590      1    193      1    181      1       1     1.6526E-01  1.673E-07  1.000E-30  7.052E-01
    1594      1    193      1    187      1       1     6.5043E-02  5.322E-08  2.427E-11  8.486E-01
    1596      1    194      1    164      1       1     1.3386E+01  4.133E-03  3.987E-08  5.385E-01
    1597      1    194      1    166      1       1     3.1871E+00  1.433E-04  1.227E-08  5.335E-01
    1598      1    194      1    168      1       1     1.2985E+00  1.957E-05  7.916E-09  5.408E-01
    1599      1    194      1    170      1       1     1.2985E+00  1.453E-06  5.897E-10  5.365E-01
    1600      1    194      1    171      1       1     6.3743E-01  4.532E-06  4.056E-09  5.634E-01
    1601      1    194      1    173      1       1     6.3742E-01  8.068E-07  7.306E-10  5.555E-01
    1602      1    194      1    175      1       1     3.3146E-01  1.328E-06  9.672E-11  6.119E-01
    1603      1    194      1    177      1       1     3.3146E-01  4.025E-07  3.153E-11  5.992E-01
    1605      1    194      1    180      1       1     1.6526E-01  4.181E-07  1.000E-30  7.003E-01
    1606      1    194      1    182      1       1     1.6526E-01  1.883E-07  1.000E-30  6.818E-01
    1608      1    194      1    186      1       1     6.5044E-02  1.103E-07  5.046E-11  8.460E-01
    1610      1    194      1    188      1       1     6.5043E-02  6.992E-08  3.297E-11  8.207E-01
    1613      1    195      1    165      1       1     3.1872E+00  1.359E-04  1.216E-08  5.108E-01
    1614      1    195      1    167      1       1     3.1871E+00  2.719E-04  2.431E-08  5.108E-01
    1615      1    195      1    169      1       1     1.2985E+00  6.120E-05  2.577E-08  5.172E-01
    1616      1    195      1    172      1       1     6.3742E-01  1.402E-05  1.308E-08  5.386E-01
    1617      1    195      1    174      1       1     6.3742E-01  2.662E-07  2.547E-10  5.266E-01
    1618      1    195      1    176      1       1     3.3146E-01  3.995E-06  3.047E-10  5.855E-01
    1619      1    195      1    178      1       1     3.3146E-01  2.251E-07  1.894E-11  5.655E-01
    1620      1    195      1    181      1       1     1.6526E-01  1.218E-06  1.000E-30  6.720E-01
    1623      1    195      1    183      1       1     1.6526E-01  1.404E-07  1.000E-30  6.423E-01
    1626      1    195      1    187      1       1     6.5044E-02  3.059E-07  1.452E-10  8.154E-01
    1628      1    195      1    189      1       1     6.5043E-02  6.460E-08  3.228E-11  7.743E-01
    1631      1    196      1    170      1       1     1.2985E+00  8.540E-05  3.857E-08  4.823E-01
    1632      1    196      1    173      1       1     6.3742E-01  2.568E-05  2.577E-08  5.012E-01
    1633      1    196      1    177      1       1     3.3146E-01  7.971E-06  6.866E-10  5.450E-01
    1634      1    196      1    179      1       1     3.3146E-01  6.908E-08  7.064E-12  5.195E-01
    1636      1    196      1    182      1       1     1.6526E-01  2.487E-06  1.000E-30  6.276E-01
    1637      1    196      1    184      1       1     1.6526E-01  7.549E-08  1.000E-30  5.886E-01
    1639      1    196      1    188      1       1     6.5043E-02  6.254E-07  3.157E-10  7.664E-01
    1640      1    196      1    190      1       1     6.5043E-02  4.804E-08  2.613E-11  7.114E-01
    1642      1    197      1    174      1       1     6.3742E-01  2.603E-05  2.895E-08  4.531E-01
    1643      1    197      1    178      1       1     3.3146E-01  1.166E-05  1.127E-09  4.921E-01
    1645      1    197      1    183      1       1     1.6526E-01  4.194E-06  1.000E-30  5.689E-01
    1646      1    197      1    185      1       1     1.6526E-01  2.421E-08  1.000E-30  5.230E-01
    1648      1    197      1    189      1       1     6.5043E-02  1.117E-06  6.165E-10  7.009E-01
    1649      1    197      1    191      1       1     6.5043E-02  2.821E-08  1.721E-11  6.344E-01
    1651      1    198      1    179      1       1     3.3146E-01  1.064E-05  1.317E-09  4.293E-01
    1652      1    198      1    184      1       1     1.6526E-01  5.854E-06  1.000E-30  4.983E-01
    1653      1    198      1    190      1       1     6.5043E-02  1.865E-06  1.162E-09  6.212E-01
    1654      1    198      1    192      1       1     6.5043E-02  1.062E-08  7.522E-12  5.464E-01
    1656      1    199      1    185      1       1     1.6526E-01  5.837E-06  1.000E-30  4.191E-01
    1657      1    199      1    191      1       1     6.5043E-02  2.952E-06  2.153E-09  5.305E-01
    1659      1    200      1    192      1       1     6.5043E-02  4.536E-06  4.055E-09  4.328E-01
    1661      1    201      1    165      1       1     3.2317E+00  5.302E-07  1.466E-10  8.693E-01
    1662      1    201      1    167      1       1     3.2317E+00  1.060E-06  2.931E-10  8.693E-01
    1663      1    201      1    169      1       1     1.3431E+00  4.443E-07  5.645E-10  8.757E-01
    1664      1    201      1    172      1       1     6.8202E-01  1.543E-07  4.344E-10  8.971E-01
    1665      1    201      1    176      1       1     3.7605E-01  6.146E-08  4.551E-11  9.440E-01
    1666      1    201      1    181      1       1     2.0985E-01  2.633E-08  1.000E-30  1.030E+00
    1668      1    201      1    187      1       1     1.0964E-01  1.112E-08  6.981E-12  1.174E+00
    1671      1    201      1    194      1       1     4.4593E-02  3.780E-09  1.823E-12  1.395E+00
    1673      1    202      1    164      1       1     1.3431E+01  5.357E-04  1.725E-08  8.607E-01
    1674      1    202      1    166      1       1     3.2317E+00  1.885E-05  5.292E-09  8.557E-01
    1675      1    202      1    168      1       1     1.3431E+00  2.642E-06  3.420E-09  8.630E-01
    1676      1    202      1    170      1       1     1.3430E+00  1.891E-07  2.449E-10  8.588E-01
    1677      1    202      1    171      1       1     6.8202E-01  6.285E-07  1.798E-09  8.856E-01
    1678      1    202      1    173      1       1     6.8201E-01  1.078E-07  3.105E-10  8.777E-01
    1679      1    202      1    175      1       1     3.7606E-01  1.953E-07  1.461E-10  9.341E-01
    1680      1    202      1    177      1       1     3.7605E-01  5.560E-08  4.269E-11  9.214E-01
    1681      1    202      1    180      1       1     2.0985E-01  6.917E-08  1.000E-30  1.023E+00
    1682      1    202      1    182      1       1     2.0985E-01  2.834E-08  1.000E-30  1.004E+00
    1683      1    202      1    186      1       1     1.0964E-01  2.479E-08  1.564E-11  1.168E+00
    1685      1    202      1    188      1       1     1.0964E-01  1.371E-08  8.846E-12  1.143E+00
    1687      1    202      1    193      1       1     4.4594E-02  7.169E-09  3.465E-12  1.392E+00
    1689      1    202      1    195      1       1     4.4593E-02  5.235E-09  2.592E-12  1.359E+00
    1692      1    203      1    165      1       1     3.2317E+00  1.763E-05  5.122E-09  8.270E-01
    1693      1    203      1    167      1       1     3.2317E+00  3.526E-05  1.024E-08  8.270E-01
    1694      1    203      1    169      1       1     1.3431E+00  8.096E-06  1.081E-08  8.335E-01
    1695      1    203      1    172      1       1     6.8202E-01  1.924E-06  5.685E-09  8.549E-01
    1696      1    203      1    174      1       1     6.8201E-01  3.422E-08  1.028E-10  8.428E-01
    1697      1    203      1    176      1       1     3.7605E-01  5.827E-07  4.517E-10  9.017E-01
    1698      1    203      1    178      1       1     3.7605E-01  2.972E-08  2.393E-11  8.818E-01
    1699      1    203      1    181      1       1     2.0985E-01  2.000E-07  1.000E-30  9.882E-01
    1700      1    203      1    183      1       1     2.0985E-01  1.994E-08  1.000E-30  9.586E-01
    1702      1    203      1    187      1       1     1.0964E-01  6.923E-08  4.510E-11  1.132E+00
    1704      1    203      1    189      1       1     1.0964E-01  1.163E-08  7.862E-12  1.091E+00
    1706      1    203      1    194      1       1     4.4594E-02  1.917E-08  9.531E-12  1.353E+00
    1708      1    203      1    196      1       1     4.4593E-02  5.236E-09  2.713E-12  1.298E+00
    1710      1    204      1    170      1       1     1.3430E+00  1.094E-05  1.542E-08  7.896E-01
    1711      1    204      1    173      1       1     6.8202E-01  3.412E-06  1.067E-08  8.085E-01
    1712      1    204      1    177      1       1     3.7605E-01  1.128E-06  9.365E-10  8.523E-01
    1713      1    204      1    179      1       1     3.7605E-01  8.572E-09  7.573E-12  8.268E-01
    1714      1    204      1    182      1       1     2.0985E-01  3.985E-07  1.000E-30  9.349E-01
    1715      1    204      1    184      1       1     2.0985E-01  9.903E-09  1.000E-30  8.959E-01
    1717      1    204      1    188      1       1     1.0964E-01  1.385E-07  9.506E-11  1.074E+00
    1718      1    204      1    190      1       1     1.0964E-01  7.797E-09  5.642E-12  1.019E+00
    1720      1    204      1    195      1       1     4.4593E-02  3.793E-08  1.979E-11  1.289E+00
    1721      1    204      1    197      1       1     4.4593E-02  4.360E-09  2.412E-12  1.216E+00
    1723      1    205      1    174      1       1     6.8201E-01  3.244E-06  1.098E-08  7.484E-01
    1724      1    205      1    178      1       1     3.7605E-01  1.546E-06  1.394E-09  7.874E-01
    1725      1    205      1    183      1       1     2.0985E-01  6.298E-07  1.000E-30  8.642E-01
    1726      1    205      1    185      1       1     2.0985E-01  2.828E-09  1.000E-30  8.183E-01
    1728      1    205      1    189      1       1     1.0964E-01  2.345E-07  1.735E-10  9.962E-01
    1729      1    205      1    191      1       1     1.0964E-01  3.960E-09  3.140E-12  9.297E-01
    1731      1    205      1    196      1       1     4.4593E-02  6.584E-08  3.678E-11  1.204E+00
    1732      1    205      1    198      1       1     4.4593E-02  3.075E-09  1.857E-12  1.114E+00
    1734      1    206      1    179      1       1     3.7605E-01  1.240E-06  1.277E-09  7.096E-01
    1735      1    206      1    184      1       1     2.0985E-01  7.740E-07  1.000E-30  7.787E-01
    1736      1    206      1    190      1       1     1.0964E-01  3.454E-07  2.824E-10  9.016E-01
    1738      1    206      1    197      1       1     4.4593E-02  1.070E-07  6.551E-11  1.099E+00
    1741      1    207      1    185      1       1     2.0985E-01  6.078E-07  1.000E-30  6.816E-01
    1742      1    207      1    191      1       1     1.0964E-01  4.308E-07  4.005E-10  7.930E-01
    1743      1    207      1    198      1       1     4.4593E-02  1.640E-07  1.129E-10  9.770E-01
    1746      1    208      1    185      1       1     2.4771E-01  9.176E-08  1.000E-30  1.065E+00
    1747      1    208      1    191      1       1     1.4750E-01  7.949E-08  1.259E-10  1.177E+00
    1748      1    208      1    198      1       1     8.2456E-02  4.840E-08  3.203E-11  1.360E+00
    1750      1    208      1    206      1       1     3.7863E-02  2.493E-08  1.198E-11  1.641E+00
    1752      1    209      1    170      1       1     1.3809E+00  1.756E-06  6.966E-09  1.223E+00
    1753      1    209      1    173      1       1     7.1991E-01  5.710E-07  4.987E-09  1.242E+00
    1754      1    209      1    177      1       1     4.1395E-01  2.008E-07  6.219E-10  1.286E+00
    1756      1    209      1    182      1       1     2.4775E-01  7.862E-08  1.000E-30  1.369E+00
    1758      1    209      1    188      1       1     1.4753E-01  3.310E-08  4.091E-11  1.507E+00
    1761      1    209      1    195      1       1     8.2489E-02  1.436E-08  7.495E-12  1.723E+00
    1764      1    209      1    203      1       1     3.7896E-02  6.187E-09  2.389E-12  2.039E+00
    1767      1    210      1    179      1       1     4.1400E-01  1.947E-07  7.104E-10  1.113E+00
    1768      1    210      1    184      1       1     2.4780E-01  1.350E-07  1.000E-30  1.182E+00
    1769      1    210      1    190      1       1     1.4759E-01  7.338E-08  1.047E-10  1.305E+00
    1771      1    210      1    197      1       1     8.2546E-02  3.619E-08  2.164E-11  1.502E+00
    1773      1    210      1    205      1       1     3.7953E-02  1.667E-08  7.280E-12  1.798E+00
    1775      1    211      1    164      1       1     1.3469E+01  8.599E-05  8.234E-09  1.311E+00
    1776      1    211      1    166      1       1     3.2697E+00  3.049E-06  2.507E-09  1.306E+00
    1777      1    211      1    168      1       1     1.3810E+00  4.364E-07  1.619E-09  1.313E+00
    1778      1    211      1    170      1       1     1.3810E+00  3.080E-08  1.142E-10  1.309E+00
    1779      1    211      1    171      1       1     7.2000E-01  1.085E-07  8.828E-10  1.336E+00
    1780      1    211      1    173      1       1     7.1999E-01  1.807E-08  1.476E-10  1.328E+00
    1781      1    211      1    175      1       1     4.1404E-01  3.584E-08  1.023E-10  1.384E+00
    1782      1    211      1    177      1       1     4.1403E-01  9.774E-09  2.838E-11  1.372E+00
    1783      1    211      1    180      1       1     2.4783E-01  1.398E-08  1.000E-30  1.473E+00
    1784      1    211      1    182      1       1     2.4783E-01  5.407E-09  1.000E-30  1.454E+00
    1785      1    211      1    186      1       1     1.4762E-01  6.019E-09  6.920E-12  1.619E+00
    1786      1    211      1    188      1       1     1.4762E-01  3.062E-09  3.577E-12  1.593E+00
    1787      1    211      1    193      1       1     8.2573E-02  2.720E-09  1.325E-12  1.842E+00
    1796      1    212      1    165      1       1     3.2697E+00  2.827E-06  2.390E-09  1.271E+00
    1797      1    212      1    167      1       1     3.2697E+00  5.655E-06  4.780E-09  1.271E+00
    1798      1    212      1    169      1       1     1.3810E+00  1.332E-06  5.060E-09  1.277E+00
    1799      1    212      1    172      1       1     7.2001E-01  3.280E-07  2.738E-09  1.299E+00
    1800      1    212      1    174      1       1     7.2000E-01  5.592E-09  4.721E-11  1.287E+00
    1801      1    212      1    176      1       1     4.1404E-01  1.061E-07  3.119E-10  1.345E+00
    1802      1    212      1    178      1       1     4.1404E-01  5.051E-09  1.521E-11  1.326E+00
    1803      1    212      1    181      1       1     2.4784E-01  4.033E-08  1.000E-30  1.432E+00
    1804      1    212      1    183      1       1     2.4784E-01  3.657E-09  1.000E-30  1.402E+00
    1805      1    212      1    187      1       1     1.4763E-01  1.684E-08  1.989E-11  1.575E+00
    1806      1    212      1    189      1       1     1.4763E-01  2.476E-09  3.003E-12  1.534E+00
    1808      1    212      1    194      1       1     8.2583E-02  7.350E-09  3.673E-12  1.796E+00
    1812      1    212      1    202      1       1     3.7989E-02  3.250E-09  1.202E-12  2.118E+00
    1815      1    213      1    165      1       1     3.2697E+00  8.559E-08  6.948E-11  1.323E+00
    1816      1    213      1    167      1       1     3.2697E+00  1.712E-07  1.390E-10  1.323E+00
    1817      1    213      1    169      1       1     1.3810E+00  7.324E-08  2.673E-10  1.329E+00
    1818      1    213      1    172      1       1     7.2001E-01  2.619E-08  2.102E-10  1.351E+00
    1819      1    213      1    176      1       1     4.1404E-01  1.103E-08  3.121E-11  1.398E+00
    1820      1    213      1    181      1       1     2.4784E-01  5.168E-09  1.000E-30  1.484E+00
    1821      1    213      1    187      1       1     1.4763E-01  2.595E-09  2.967E-12  1.628E+00
    1829      1    214      1    174      1       1     7.2002E-01  5.170E-07  4.805E-09  1.169E+00
    1830      1    214      1    178      1       1     4.1406E-01  2.629E-07  8.690E-10  1.208E+00
    1831      1    214      1    183      1       1     2.4786E-01  1.191E-07  1.000E-30  1.285E+00
    1833      1    214      1    189      1       1     1.4764E-01  5.368E-08  7.050E-11  1.416E+00
    1836      1    214      1    196      1       1     8.2598E-02  2.423E-08  1.338E-11  1.624E+00
    1838      1    214      1    204      1       1     3.8005E-02  1.067E-08  4.324E-12  1.931E+00
