#  File format type:   4
#
#  SPECT3D transition powers file.
#  RUN NAME:  xe_20-200ev_1e18-1e21_4mm
#  Total number of transitions   =     1890
#  Number of written transitions =      771
#  Plasma temperature (eV)       =     8.0000E+01
#  Mass density (g/cm3)          =     4.4865E-04
#  Cell areal density (g/cm2)    =     1.7946E-04
#  Material mass fractions       =     1.0000E+00
#  DCA material number fractions =     1.3000E-02    9.8700E-01
# -----------------------------------------------------
#
#
#   Trans.  Trans  Upper  Upper  Lower  Lower   Ioniz   Energy     Line Power Line Center Line Width
#   Index   Model  Level  Model  Level  Model   Stage   (eV)       (W/cm2)    Opt. Depth      eV
# --------------------------------------------------------------------------------------------------
       1      1      3      1      2      1      52     1.1982E+02  1.736E+08  6.378E-10  7.314E-03
       2      1      4      1      2      1      52     4.9234E+02  3.242E+10  4.102E-01  2.993E-02
       4      1      6      1      5      1      52     1.0651E+02  6.605E+08  4.115E-04  7.871E+01
       6      1      7      1      6      1      52     6.8034E+01  8.659E+07  5.737E-05  9.466E+01
       7      1      9      1      8      1      52     3.8672E+01  3.842E+07  1.373E-03  2.871E+01
       9      1     10      1      9      1      52     3.4641E+01  2.478E+07  3.757E-04  3.134E+01
      11      1     11      1     10      1      52     9.4480E+00  8.616E+04  1.420E-04  8.525E+00
      13      1     12      1      9      1      52     8.3242E+02  1.426E+12  1.000E-30  4.472E+01
      14      1     13      1      8      1      52     8.9349E+02  1.130E+12  3.458E-03  2.723E+01
      16      1     13      1     10      1      52     8.2018E+02  3.772E+11  1.000E-30  1.544E+01
      17      1     13      1     12      1      52     2.2396E+01  1.088E+07  3.481E-03  1.655E+01
      19      1     14      1      9      1      52     8.6975E+02  2.416E+12  1.938E-03  3.749E+01
      21      1     14      1     11      1      52     8.2566E+02  8.999E+10  1.000E-30  2.918E+00
      23      1     14      1     13      1      52     1.4925E+01  2.321E+06  6.829E-04  2.020E+01
      25      1     15      1     10      1      52     8.3968E+02  4.055E+12  6.393E-03  1.282E+01
      28      1     15      1     14      1      52     4.5752E+00  1.699E+04  4.806E-04  4.376E+00
      30      1     16      1     11      1      52     8.3260E+02  6.511E+12  1.664E-02  5.878E+00
      32      1     16      1     15      1      52     2.3647E+00  7.081E+02  2.605E-04  1.742E+00
      34      1     17      1      9      1      52     1.3019E+03  1.196E+12  1.000E-30  4.462E+01
      36      1     17      1     13      1      52     4.4709E+02  3.032E+11  1.000E-30  2.760E+01
      38      1     18      1      8      1      52     1.3534E+03  1.070E+12  1.616E-03  1.586E+01
      40      1     18      1     10      1      52     1.2800E+03  2.922E+11  1.000E-30  8.546E+00
      41      1     18      1     12      1      52     4.8226E+02  1.938E+11  6.565E-03  1.575E+01
      43      1     18      1     14      1      52     4.4493E+02  1.012E+11  1.000E-30  9.466E+00
      45      1     18      1     17      1      52     1.2770E+01  2.413E+06  7.404E-03  9.376E+00
      47      1     19      1      9      1      52     1.3234E+03  2.174E+12  4.586E-04  4.040E+01
      49      1     19      1     11      1      52     1.2793E+03  5.948E+10  1.000E-30  4.011E+00
      51      1     19      1     13      1      52     4.6860E+02  3.774E+11  3.109E-03  2.337E+01
      53      1     19      1     15      1      52     4.4910E+02  3.698E+10  1.000E-30  1.758E+00
      56      1     19      1     18      1      52     8.7378E+00  6.027E+05  1.529E-03  1.169E+01
      58      1     20      1     10      1      52     1.2912E+03  3.133E+12  1.195E-03  1.445E+01
      61      1     20      1     14      1      52     4.5609E+02  6.061E+11  1.218E-02  6.325E+00
      63      1     20      1     16      1      52     4.4915E+02  1.041E+10  1.000E-30  6.932E-01
      65      1     20      1     19      1      52     2.4178E+00  3.232E+03  1.077E-03  2.520E+00
      67      1     21      1     11      1      52     1.2829E+03  3.290E+12  1.919E-03  6.886E+00
      69      1     21      1     15      1      52     4.5271E+02  9.049E+11  2.995E-02  2.877E+00
      72      1     21      1     20      1      52     1.2002E+00  1.564E+02  7.585E-04  1.011E+00
      75      1     22      1     16      1      52     4.5135E+02  1.281E+12  6.122E-02  1.630E+00
      77      1     22      1     21      1      52     1.0028E+00  4.114E+01  5.200E-04  5.170E-01
      79      1     23      1     13      1      52     7.2854E+02  2.907E+11  1.000E-30  2.755E+01
      81      1     23      1     18      1      52     2.6868E+02  8.516E+10  1.000E-30  1.593E+01
      83      1     24      1     12      1      52     7.5883E+02  2.093E+11  2.866E-03  9.934E+00
      85      1     24      1     14      1      52     7.2151E+02  9.023E+10  1.000E-30  5.045E+00
      86      1     24      1     17      1      52     2.8935E+02  4.561E+10  1.145E-02  9.908E+00
      88      1     24      1     19      1      52     2.6784E+02  3.185E+10  1.000E-30  6.199E+00
      90      1     24      1     23      1      52     7.9016E+00  6.559E+05  1.386E-02  5.800E+00
      92      1     25      1     13      1      52     7.4204E+02  3.965E+11  7.716E-04  2.486E+01
      94      1     25      1     15      1      52     7.2254E+02  2.916E+10  1.000E-30  1.724E+00
      96      1     25      1     18      1      52     2.8218E+02  8.450E+10  5.630E-03  1.330E+01
      98      1     25      1     20      1      52     2.7102E+02  1.428E+10  1.000E-30  1.191E+00
     101      1     25      1     24      1      52     5.5989E+00  1.933E+05  2.976E-03  7.331E+00
     103      1     26      1     14      1      52     7.2843E+02  5.924E+11  2.536E-03  7.180E+00
     105      1     26      1     16      1      52     7.2149E+02  6.853E+09  1.000E-30  1.168E+00
     107      1     26      1     19      1      52     2.7476E+02  1.281E+11  2.120E-02  3.560E+00
     109      1     26      1     21      1      52     2.7114E+02  6.081E+09  1.000E-30  4.314E-01
     112      1     26      1     25      1      52     1.3194E+00  6.299E+02  2.025E-03  1.609E+00
     114      1     27      1     15      1      52     7.2446E+02  7.408E+11  4.880E-03  3.397E+00
     117      1     27      1     20      1      52     2.7295E+02  1.785E+11  4.932E-02  1.614E+00
     119      1     27      1     22      1      52     2.7075E+02  1.797E+09  1.000E-30  2.386E-01
     121      1     27      1     26      1      52     6.0740E-01  2.740E+01  1.597E-03  6.493E-01
     123      1     28      1     16      1      52     7.2273E+02  6.823E+11  6.025E-03  1.994E+00
     125      1     28      1     21      1      52     2.7238E+02  2.402E+11  9.718E-02  9.164E-01
     128      1     28      1     27      1      52     6.3240E-01  1.929E+01  1.503E-03  3.338E-01
     129      1     29      1     13      1      52     9.1039E+02  2.312E+11  1.000E-30  2.751E+01
     131      1     29      1     18      1      52     4.5053E+02  8.852E+10  1.000E-30  1.589E+01
     134      1     29      1     24      1      52     1.7396E+02  2.819E+10  1.000E-30  1.004E+01
     136      1     30      1     12      1      52     9.3797E+02  1.763E+11  1.897E-03  6.684E+00
     137      1     30      1     14      1      52     9.0065E+02  6.858E+10  1.000E-30  4.423E+00
     138      1     30      1     17      1      52     4.6848E+02  5.371E+10  4.671E-03  6.659E+00
     140      1     30      1     19      1      52     4.4698E+02  3.135E+10  1.000E-30  3.481E+00
     142      1     30      1     23      1      52     1.8704E+02  1.330E+10  1.862E-02  6.645E+00
     144      1     30      1     25      1      52     1.7354E+02  1.140E+10  1.000E-30  4.280E+00
     146      1     30      1     29      1      52     5.1810E+00  2.056E+05  2.389E-02  3.797E+00
     147      1     31      1     13      1      52     9.1941E+02  3.309E+11  3.270E-04  2.571E+01
     148      1     31      1     15      1      52     8.9991E+02  2.070E+10  1.000E-30  2.447E+00
     150      1     31      1     18      1      52     4.5956E+02  9.865E+10  1.420E-03  1.416E+01
     152      1     31      1     20      1      52     4.4840E+02  1.272E+10  1.000E-30  9.081E-01
     155      1     31      1     24      1      52     1.8298E+02  2.384E+10  9.450E-03  8.246E+00
     157      1     31      1     26      1      52     1.7606E+02  5.828E+09  1.000E-30  8.582E-01
     160      1     31      1     30      1      52     3.8407E+00  7.405E+04  5.258E-03  4.950E+00
     161      1     32      1     14      1      52     9.0519E+02  4.695E+11  9.822E-04  7.646E+00
     162      1     32      1     16      1      52     8.9825E+02  4.422E+09  1.000E-30  1.634E+00
     164      1     32      1     19      1      52     4.5152E+02  1.451E+11  4.656E-03  4.032E+00
     166      1     32      1     21      1      52     4.4790E+02  4.739E+09  1.000E-30  5.938E-01
     169      1     32      1     25      1      52     1.7808E+02  3.430E+10  3.431E-02  2.203E+00
     171      1     32      1     27      1      52     1.7615E+02  2.992E+09  1.000E-30  3.131E-01
     174      1     32      1     31      1      52     7.0280E-01  1.101E+02  3.417E-03  1.105E+00
     175      1     33      1     15      1      52     9.0089E+02  5.282E+11  1.652E-03  3.709E+00
     177      1     33      1     20      1      52     4.4938E+02  1.884E+11  9.317E-03  1.913E+00
     179      1     33      1     22      1      52     4.4717E+02  1.162E+09  1.000E-30  4.476E-01
     181      1     33      1     26      1      52     1.7704E+02  4.569E+10  7.758E-02  9.979E-01
     183      1     33      1     28      1      52     1.7580E+02  1.333E+09  1.000E-30  1.660E-01
     185      1     33      1     32      1      52     2.7490E-01  3.233E+00  2.882E-03  4.567E-01
     186      1     34      1     16      1      52     8.9895E+02  3.902E+11  1.609E-03  2.202E+00
     188      1     34      1     21      1      52     4.4860E+02  2.127E+11  1.409E-02  1.124E+00
     191      1     34      1     27      1      52     1.7685E+02  5.761E+10  1.460E-01  5.642E-01
     194      1     34      1     33      1      52     4.2420E-01  8.285E+00  2.959E-03  2.426E-01
     195      1     35      1     13      1      52     1.0346E+03  1.783E+11  1.000E-30  2.753E+01
     196      1     35      1     18      1      52     5.7478E+02  7.516E+10  1.000E-30  1.590E+01
     198      1     35      1     24      1      52     2.9820E+02  3.158E+10  1.000E-30  9.995E+00
     201      1     35      1     30      1      52     1.1906E+02  1.078E+10  1.000E-30  6.724E+00
     203      1     36      1     12      1      52     1.0606E+03  1.409E+11  1.476E-03  4.749E+00
     204      1     36      1     14      1      52     1.0233E+03  5.148E+10  1.000E-30  5.166E+00
     205      1     36      1     17      1      52     5.9109E+02  4.848E+10  2.954E-03  4.723E+00
     206      1     36      1     19      1      52     5.6958E+02  2.561E+10  1.000E-30  2.578E+00
     207      1     36      1     23      1      52     3.0964E+02  1.683E+10  7.220E-03  4.703E+00
     209      1     36      1     25      1      52     2.9614E+02  1.219E+10  1.000E-30  2.568E+00
     211      1     36      1     29      1      52     1.2779E+02  4.531E+09  2.865E-02  4.681E+00
     213      1     36      1     31      1      52     1.1877E+02  4.582E+09  1.000E-30  3.091E+00
     215      1     36      1     35      1      52     3.5433E+00  7.122E+04  3.802E-02  2.634E+00
     216      1     37      1     13      1      52     1.0410E+03  2.626E+11  1.752E-04  2.625E+01
     217      1     37      1     15      1      52     1.0215E+03  1.487E+10  1.000E-30  2.985E+00
     218      1     37      1     18      1      52     5.8110E+02  8.832E+10  6.057E-04  1.469E+01
     219      1     37      1     20      1      52     5.6995E+02  9.800E+09  1.000E-30  1.253E+00
     221      1     37      1     24      1      52     3.0452E+02  2.999E+10  2.396E-03  8.778E+00
     223      1     37      1     26      1      52     2.9760E+02  5.687E+09  1.000E-30  5.761E-01
     226      1     37      1     30      1      52     1.2539E+02  7.971E+09  1.482E-02  5.507E+00
     228      1     37      1     32      1      52     1.2084E+02  2.556E+09  1.000E-30  6.564E-01
     231      1     37      1     36      1      52     2.7803E+00  3.289E+04  8.723E-03  3.511E+00
     232      1     38      1     14      1      52     1.0264E+03  3.596E+11  4.978E-04  7.920E+00
     233      1     38      1     16      1      52     1.0194E+03  2.975E+09  1.000E-30  1.934E+00
     234      1     38      1     19      1      52     5.7269E+02  1.264E+11  1.844E-03  4.332E+00
     235      1     38      1     21      1      52     5.6908E+02  3.363E+09  1.000E-30  8.630E-01
     237      1     38      1     25      1      52     2.9925E+02  4.323E+10  7.747E-03  2.497E+00
     239      1     38      1     27      1      52     2.9733E+02  2.630E+09  1.000E-30  3.464E-01
     242      1     38      1     31      1      52     1.2188E+02  1.090E+10  5.201E-02  1.475E+00
     244      1     38      1     33      1      52     1.2090E+02  1.466E+09  1.000E-30  2.574E-01
     247      1     38      1     37      1      52     3.3030E-01  1.325E+01  5.392E-03  8.124E-01
     248      1     39      1     15      1      52     1.0219E+03  3.779E+11  7.698E-04  3.899E+00
     249      1     39      1     20      1      52     5.7035E+02  1.544E+11  3.362E-03  2.103E+00
     250      1     39      1     22      1      52     5.6815E+02  7.381E+08  1.000E-30  6.315E-01
     252      1     39      1     26      1      52     2.9801E+02  5.624E+10  1.557E-02  1.182E+00
     254      1     39      1     28      1      52     2.9677E+02  1.017E+09  1.000E-30  2.678E-01
     256      1     39      1     32      1      52     1.2125E+02  1.382E+10  1.119E-01  6.771E-01
     258      1     39      1     34      1      52     1.2055E+02  7.834E+08  1.000E-30  1.413E-01
     260      1     39      1     38      1      52     7.3900E-02  7.492E-02  5.474E-03  2.884E-01
     261      1     40      1     16      1      52     1.0198E+03  2.461E+11  6.537E-04  2.340E+00
     262      1     40      1     21      1      52     5.6945E+02  1.544E+11  4.405E-03  1.256E+00
     264      1     40      1     27      1      52     2.9770E+02  6.699E+10  2.484E-02  6.968E-01
     267      1     40      1     33      1      52     1.2127E+02  1.687E+10  2.031E-01  3.912E-01
     270      1     40      1     39      1      52     2.9800E-01  3.657E+00  4.512E-03  2.004E-01
     271      1     41      1     13      1      52     1.1233E+03  1.376E+11  1.000E-30  2.755E+01
     272      1     41      1     18      1      52     6.6340E+02  6.099E+10  1.000E-30  1.593E+01
     273      1     41      1     24      1      52     3.8682E+02  2.811E+10  1.000E-30  1.002E+01
     275      1     41      1     30      1      52     2.0768E+02  1.263E+10  1.000E-30  6.745E+00
     278      1     41      1     36      1      52     8.5076E+01  4.547E+09  1.000E-30  4.769E+00
     280      1     42      1     12      1      52     1.1482E+03  1.112E+11  1.243E-03  3.508E+00
     281      1     42      1     14      1      52     1.1108E+03  3.901E+10  1.000E-30  5.962E+00
     282      1     42      1     17      1      52     6.7867E+02  4.081E+10  2.227E-03  3.482E+00
     283      1     42      1     19      1      52     6.5716E+02  2.024E+10  1.000E-30  2.721E+00
     284      1     42      1     23      1      52     3.9722E+02  1.603E+10  4.390E-03  3.468E+00
     285      1     42      1     25      1      52     3.8372E+02  1.054E+10  1.000E-30  1.789E+00
     286      1     42      1     29      1      52     2.1536E+02  6.107E+09  1.064E-02  3.459E+00
     288      1     42      1     31      1      52     2.0634E+02  5.195E+09  1.000E-30  1.978E+00
     290      1     42      1     35      1      52     9.1119E+01  1.743E+09  4.198E-02  3.450E+00
     292      1     42      1     37      1      52     8.4795E+01  2.017E+09  1.000E-30  2.328E+00
     294      1     42      1     41      1      52     2.4992E+00  2.668E+04  5.517E-02  1.980E+00
     295      1     43      1     13      1      52     1.1279E+03  2.062E+11  1.065E-04  2.665E+01
     296      1     43      1     15      1      52     1.1084E+03  1.093E+10  1.000E-30  3.358E+00
     297      1     43      1     18      1      52     6.6800E+02  7.396E+10  3.262E-04  1.503E+01
     298      1     43      1     20      1      52     6.5684E+02  7.434E+09  1.000E-30  1.582E+00
     299      1     43      1     24      1      52     3.9142E+02  2.838E+10  1.026E-03  9.119E+00
     300      1     43      1     26      1      52     3.8450E+02  4.668E+09  1.000E-30  7.248E-01
     302      1     43      1     30      1      52     2.1228E+02  1.059E+10  3.762E-03  5.835E+00
     304      1     43      1     32      1      52     2.0774E+02  2.672E+09  1.000E-30  4.360E-01
     307      1     43      1     36      1      52     8.9678E+01  3.026E+09  2.210E-02  3.872E+00
     309      1     43      1     38      1      52     8.6568E+01  1.198E+09  1.000E-30  5.349E-01
     312      1     43      1     42      1      52     2.1031E+00  1.638E+04  1.361E-02  2.608E+00
     313      1     44      1     15      1      52     1.1084E+03  2.783E+11  4.290E-04  4.034E+00
     314      1     44      1     20      1      52     6.5688E+02  1.210E+11  1.623E-03  2.232E+00
     315      1     44      1     22      1      52     6.5468E+02  4.943E+08  1.000E-30  7.611E-01
     316      1     44      1     26      1      52     3.8454E+02  5.057E+10  5.764E-03  1.317E+00
     317      1     44      1     28      1      52     3.8330E+02  7.166E+08  1.000E-30  3.904E-01
     319      1     44      1     32      1      52     2.0778E+02  1.923E+10  2.316E-02  8.074E-01
     321      1     44      1     34      1      52     2.0708E+02  6.751E+08  1.000E-30  1.940E-01
     323      1     44      1     38      1      52     8.6605E+01  4.824E+09  1.504E-01  5.051E-01
     325      1     44      1     40      1      52     8.6233E+01  4.397E+08  1.000E-30  1.423E-01
     327      1     45      1     14      1      52     1.1130E+03  2.763E+11  2.920E-04  8.133E+00
     328      1     45      1     16      1      52     1.1061E+03  2.083E+09  1.000E-30  2.141E+00
     329      1     45      1     19      1      52     6.5935E+02  1.037E+11  9.467E-04  4.532E+00
     330      1     45      1     21      1      52     6.5574E+02  2.432E+09  1.000E-30  1.063E+00
     331      1     45      1     25      1      52     3.8591E+02  4.039E+10  3.099E-03  2.697E+00
     332      1     45      1     27      1      52     3.8399E+02  2.018E+09  1.000E-30  5.126E-01
     334      1     45      1     31      1      52     2.0854E+02  1.490E+10  1.187E-02  1.669E+00
     336      1     45      1     33      1      52     2.0756E+02  1.415E+09  1.000E-30  2.473E-01
     339      1     45      1     37      1      52     8.6990E+01  3.941E+09  7.350E-02  1.064E+00
     341      1     45      1     39      1      52     8.6586E+01  7.422E+08  1.000E-30  2.341E-01
     344      1     45      1     43      1      52     9.2200E-02  3.249E-01  1.113E-02  4.472E-01
     345      1     45      1     44      1      52     5.4600E-02  4.571E-02  1.000E-30  1.784E-01
     346      1     46      1     16      1      52     1.1062E+03  1.658E+11  3.311E-04  2.437E+00
     347      1     46      1     21      1      52     6.5590E+02  1.116E+11  1.930E-03  1.353E+00
     348      1     46      1     27      1      52     3.8415E+02  5.640E+10  8.324E-03  7.950E-01
     350      1     46      1     33      1      52     2.0772E+02  2.330E+10  3.723E-02  4.843E-01
     353      1     46      1     39      1      52     8.6749E+01  5.753E+09  2.533E-01  3.057E-01
     355      1     46      1     44      1      52     2.1720E-01  1.701E+00  5.553E-03  1.904E-01
     357      1     48      1     47      1      52     3.1750E+02  5.086E+09  2.816E-04  1.839E+02
     358      1     49      1     48      1      52     3.6284E+02  2.758E+10  1.548E-05  2.762E+02
     359      1     51      1     50      1      52     7.7750E-01  7.233E+01  1.318E-04  1.384E+02
     360      1     52      1     51      1      52     6.6689E+02  4.282E+11  1.000E-30  4.204E+02
     361      1     54      1     53      1      52     3.0082E+01  2.564E+07  1.000E-30  1.845E+02
     362      1     55      1     53      1      52     1.0120E+02  5.287E+08  3.743E-04  8.075E+01
     363      1     56      1     54      1      52     1.0442E+02  5.933E+08  4.154E-04  7.434E+01
     364      1     56      1     55      1      52     3.3297E+01  3.453E+07  1.000E-30  1.922E+02
     365      1     57      1     55      1      52     9.2670E+01  2.954E+08  6.613E-05  1.109E+02
     367      1     58      1     56      1      52     9.3608E+01  3.061E+08  6.929E-05  1.064E+02
     368      1     58      1     57      1      52     3.4235E+01  3.748E+07  1.000E-30  1.948E+02
     369      1     61      1     60      1      53     7.7081E+01  2.051E+07  1.615E-10  4.743E-03
     370      1     62      1     60      1      53     8.3045E+01  3.086E+07  1.000E-30  5.101E-03
     373      1     63      1     61      1      53     8.0094E+00  5.349E+01  1.000E-30  5.971E-04
     375      1     64      1     60      1      53     4.6515E+02  2.813E+10  2.644E-01  2.824E-02
     378      1     65      1     60      1      53     5.0090E+02  1.449E+10  6.495E-11  3.036E-02
     380      1     65      1     63      1      53     4.1581E+02  1.028E+10  5.731E-01  2.527E-02
     381      1     67      1     66      1      53     9.2071E+01  3.548E+08  4.701E-04  5.729E+01
     383      1     68      1     67      1      53     2.1266E+02  4.649E+09  8.963E-05  3.995E+01
     385      1     69      1     67      1      53     2.3259E+02  3.583E+09  1.000E-30  2.161E+01
     386      1     71      1     70      1      53     1.8245E+01  2.353E+06  1.794E-03  1.282E+01
     388      1     72      1     71      1      53     7.1086E+01  4.203E+08  6.770E-04  3.416E+01
     390      1     73      1     72      1      53     1.1156E+02  1.614E+09  1.370E-03  1.007E+01
     392      1     74      1     71      1      53     8.8734E+02  1.696E+12  1.000E-30  4.806E+01
     393      1     75      1     70      1      53     9.0769E+02  1.209E+12  3.248E-03  2.960E+01
     395      1     75      1     72      1      53     8.1835E+02  3.545E+11  1.000E-30  1.672E+01
     396      1     75      1     74      1      53     2.1014E+00  4.925E+03  6.694E-03  4.744E+00
     398      1     76      1     71      1      53     9.4411E+02  3.263E+12  1.895E-03  4.050E+01
     400      1     76      1     73      1      53     7.6146E+02  6.264E+10  1.000E-30  3.153E+00
     402      1     76      1     75      1      53     5.4666E+01  3.904E+08  2.083E-03  2.271E+01
     404      1     77      1     72      1      53     9.7713E+02  7.149E+12  6.617E-03  1.386E+01
     407      1     77      1     76      1      53     1.0411E+02  4.305E+09  8.815E-03  5.197E+00
     409      1     78      1     73      1      53     1.0763E+03  1.747E+13  1.910E-02  6.383E+00
     411      1     78      1     77      1      53     2.1071E+02  3.117E+10  1.360E-02  2.116E+00
     412      1     79      1     70      1      53     1.3871E+03  1.172E+12  1.455E-03  1.791E+01
     414      1     79      1     72      1      53     1.2978E+03  2.933E+11  1.000E-30  9.316E+00
     415      1     79      1     74      1      53     4.8154E+02  1.943E+11  6.109E-03  1.703E+01
     417      1     79      1     76      1      53     4.2478E+02  7.974E+10  1.000E-30  1.024E+01
     420      1     80      1     71      1      53     1.3753E+03  1.384E+12  1.000E-30  4.802E+01
     422      1     80      1     75      1      53     4.8588E+02  3.930E+11  1.000E-30  2.965E+01
     424      1     80      1     79      1      53     6.4349E+00  5.070E+05  1.000E-30  1.649E+01
     426      1     81      1     71      1      53     1.4208E+03  2.786E+12  4.393E-04  4.367E+01
     428      1     81      1     73      1      53     1.2382E+03  5.038E+10  1.000E-30  4.318E+00
     430      1     81      1     75      1      53     5.3137E+02  6.069E+11  3.176E-03  2.524E+01
     432      1     81      1     77      1      53     3.7259E+02  1.694E+10  1.000E-30  1.909E+00
     434      1     81      1     79      1      53     5.1923E+01  6.908E+08  7.561E-03  1.303E+01
     438      1     82      1     76      1      53     5.7966E+02  1.512E+12  1.370E-02  6.851E+00
     440      1     82      1     78      1      53     2.6484E+02  1.215E+09  1.000E-30  7.519E-01
     442      1     82      1     81      1      53     1.0296E+02  9.606E+09  3.648E-02  3.011E+00
     443      1     83      1     74      1      53     7.7070E+02  2.211E+11  2.603E-03  1.102E+01
     445      1     83      1     76      1      53     7.1393E+02  8.204E+10  1.000E-30  5.469E+00
     447      1     83      1     80      1      53     2.8272E+02  4.187E+10  1.044E-02  1.068E+01
     448      1     83      1     81      1      53     2.3723E+02  1.858E+10  1.000E-30  6.704E+00
     451      1     84      1     75      1      53     7.7945E+02  3.560E+11  1.000E-30  2.961E+01
     452      1     84      1     79      1      53     3.0001E+02  1.221E+11  1.000E-30  1.709E+01
     455      1     84      1     83      1      53     1.0851E+01  3.561E+06  1.000E-30  1.124E+01
     457      1     85      1     75      1      53     8.2063E+02  5.768E+11  7.700E-04  2.679E+01
     459      1     85      1     77      1      53     6.6185E+02  1.985E+10  1.000E-30  1.856E+00
     460      1     85      1     79      1      53     3.4119E+02  1.754E+11  6.142E-03  1.433E+01
     463      1     85      1     82      1      53     1.8630E+02  3.082E+09  1.000E-30  1.280E+00
     464      1     85      1     83      1      53     5.2031E+01  1.305E+09  2.317E-02  8.167E+00
     467      1     86      1     77      1      53     6.7729E+02  4.284E+12  3.938E-02  3.134E+00
     470      1     86      1     82      1      53     2.0174E+02  7.535E+10  6.976E-02  1.225E+00
     473      1     87      1     78      1      53     5.1236E+02  2.053E+12  6.118E-02  1.788E+00
     475      1     87      1     86      1      53     4.5782E+01  1.677E+08  1.892E-02  6.251E-01
     477      1     88      1     76      1      53     8.6948E+02  1.158E+12  2.694E-03  7.770E+00
     479      1     88      1     78      1      53     5.5466E+02  2.321E+09  1.000E-30  1.274E+00
     481      1     88      1     81      1      53     3.9278E+02  5.082E+11  2.671E-02  3.867E+00
     484      1     88      1     85      1      53     1.0351E+02  1.797E+10  1.168E-01  1.914E+00
     485      1     88      1     86      1      53     8.8076E+01  9.652E+07  1.000E-30  4.616E-01
     487      1     89      1     74      1      53     9.5869E+02  1.902E+11  1.648E-03  7.774E+00
     488      1     89      1     76      1      53     9.0192E+02  6.562E+10  1.000E-30  4.808E+00
     490      1     89      1     80      1      53     4.7071E+02  5.450E+10  4.261E-03  7.299E+00
     491      1     89      1     81      1      53     4.2522E+02  2.444E+10  1.000E-30  3.763E+00
     494      1     89      1     84      1      53     1.7714E+02  1.081E+10  1.650E-02  7.156E+00
     495      1     89      1     85      1      53     1.3596E+02  4.087E+09  1.000E-30  4.604E+00
     497      1     90      1     75      1      53     9.7022E+02  2.792E+11  1.000E-30  2.963E+01
     498      1     90      1     79      1      53     4.9078E+02  1.164E+11  1.000E-30  1.710E+01
     501      1     90      1     83      1      53     2.0163E+02  4.717E+10  1.000E-30  1.075E+01
     504      1     90      1     89      1      53     1.3639E+01  6.084E+06  1.000E-30  3.886E+00
     505      1     91      1     75      1      53     1.0099E+03  4.659E+11  3.225E-04  2.771E+01
     506      1     91      1     77      1      53     8.5110E+02  1.598E+10  1.000E-30  2.637E+00
     507      1     91      1     79      1      53     5.3043E+02  1.695E+11  1.474E-03  1.525E+01
     510      1     91      1     82      1      53     3.7555E+02  6.035E+09  1.000E-30  9.652E-01
     511      1     91      1     83      1      53     2.4127E+02  6.995E+10  1.125E-02  8.890E+00
     515      1     91      1     88      1      53     8.5729E+01  3.159E+08  1.000E-30  9.271E-01
     516      1     91      1     89      1      53     5.3287E+01  2.393E+09  6.258E-02  5.439E+00
     518      1     92      1     74      1      53     1.0879E+03  1.540E+11  1.178E-03  6.025E+00
     519      1     92      1     76      1      53     1.0312E+03  5.045E+10  1.000E-30  5.602E+00
     520      1     92      1     80      1      53     5.9995E+02  5.095E+10  2.636E-03  5.319E+00
     521      1     92      1     81      1      53     5.5446E+02  2.189E+10  1.000E-30  2.801E+00
     523      1     92      1     84      1      53     3.0638E+02  1.600E+10  6.514E-03  5.112E+00
     524      1     92      1     85      1      53     2.6520E+02  7.444E+09  1.000E-30  2.771E+00
     527      1     92      1     90      1      53     1.1560E+02  3.077E+09  2.430E-02  5.031E+00
     528      1     92      1     91      1      53     7.5952E+01  7.287E+08  1.000E-30  3.318E+00
     529      1     93      1     75      1      53     1.1014E+03  2.146E+11  1.000E-30  2.964E+01
     530      1     93      1     79      1      53     6.2192E+02  9.681E+10  1.000E-30  1.712E+01
     531      1     93      1     83      1      53     3.3276E+02  4.572E+10  1.000E-30  1.076E+01
     534      1     93      1     89      1      53     1.4478E+02  2.170E+10  1.000E-30  7.237E+00
     537      1     93      1     92      1      53     1.5538E+01  2.546E+07  1.000E-30  5.279E+00
     538      1     94      1     76      1      53     1.0597E+03  8.484E+11  1.019E-03  8.301E+00
     539      1     94      1     78      1      53     7.4491E+02  2.021E+09  1.000E-30  1.773E+00
     541      1     94      1     81      1      53     5.8303E+02  3.862E+11  5.326E-03  4.372E+00
     544      1     94      1     85      1      53     2.9377E+02  2.397E+11  5.021E-02  2.394E+00
     545      1     94      1     86      1      53     2.7833E+02  6.824E+08  1.000E-30  6.331E-01
     549      1     94      1     91      1      53     1.0453E+02  2.771E+10  3.097E-01  1.307E+00
     552      1     95      1     77      1      53     9.6122E+02  2.203E+12  5.725E-03  3.700E+00
     555      1     95      1     82      1      53     4.8567E+02  1.664E+12  7.766E-02  1.759E+00
     558      1     95      1     87      1      53     2.3815E+02  1.038E+09  1.000E-30  2.677E-01
     559      1     95      1     88      1      53     1.9586E+02  1.239E+11  2.286E-01  7.982E-01
     561      1     95      1     94      1      53     5.5996E+00  2.445E+04  3.464E-03  3.419E-01
     562      1     96      1     75      1      53     1.1409E+03  3.655E+11  1.718E-04  2.830E+01
     563      1     96      1     77      1      53     9.8211E+02  1.226E+10  1.000E-30  3.220E+00
     564      1     96      1     79      1      53     6.6145E+02  1.433E+11  6.204E-04  1.578E+01
     565      1     96      1     82      1      53     5.0657E+02  5.912E+09  1.000E-30  1.336E+00
     566      1     96      1     83      1      53     3.7229E+02  6.471E+10  2.636E-03  9.422E+00
     569      1     96      1     88      1      53     2.1675E+02  1.543E+09  1.000E-30  6.171E-01
     570      1     96      1     89      1      53     1.8430E+02  3.599E+10  1.972E-02  5.926E+00
     573      1     96      1     92      1      53     5.5065E+01  4.045E+09  1.509E-01  3.834E+00
     575      1     96      1     94      1      53     2.6491E+01  5.541E+06  1.000E-30  7.106E-01
     578      1     97      1     78      1      53     7.9354E+02  9.529E+11  5.822E-03  2.177E+00
     580      1     97      1     86      1      53     3.2696E+02  4.760E+11  1.036E-01  9.920E-01
     584      1     97      1     95      1      53     4.3029E+01  3.579E+08  7.948E-02  4.118E-01
     585      1     98      1     74      1      53     1.1808E+03  1.228E+11  8.714E-04  5.078E+00
     586      1     98      1     76      1      53     1.1240E+03  3.884E+10  1.000E-30  6.463E+00
     587      1     98      1     80      1      53     6.9278E+02  4.379E+10  1.891E-03  4.135E+00
     588      1     98      1     81      1      53     6.4729E+02  1.814E+10  1.000E-30  2.950E+00
     589      1     98      1     84      1      53     3.9921E+02  1.618E+10  3.944E-03  3.838E+00
     590      1     98      1     85      1      53     3.5803E+02  7.599E+09  1.000E-30  1.933E+00
     592      1     98      1     90      1      53     2.0843E+02  5.315E+09  9.420E-03  3.745E+00
     593      1     98      1     91      1      53     1.6878E+02  2.212E+09  1.000E-30  2.128E+00
     595      1     98      1     93      1      53     7.7294E+01  9.197E+08  3.349E-02  3.696E+00
     597      1     98      1     96      1      53     3.7767E+01  7.516E+07  1.000E-30  2.490E+00
     598      1     99      1     75      1      53     1.1956E+03  1.660E+11  1.000E-30  2.967E+01
     599      1     99      1     79      1      53     7.1611E+02  7.769E+10  1.000E-30  1.714E+01
     600      1     99      1     83      1      53     4.2696E+02  3.909E+10  1.000E-30  1.079E+01
     601      1     99      1     89      1      53     2.3897E+02  2.070E+10  1.000E-30  7.258E+00
     604      1     99      1     92      1      53     1.0973E+02  1.160E+10  1.000E-30  5.108E+00
     607      1     99      1     98      1      53     1.6897E+01  6.740E+07  1.000E-30  3.945E+00
     608      1    100      1     75      1      53     1.2357E+03  2.862E+11  1.044E-04  2.871E+01
     609      1    100      1     77      1      53     1.0769E+03  9.403E+09  1.000E-30  3.619E+00
     610      1    100      1     79      1      53     7.5626E+02  1.174E+11  3.312E-04  1.619E+01
     611      1    100      1     82      1      53     6.0138E+02  5.064E+09  1.000E-30  1.691E+00
     612      1    100      1     83      1      53     4.6710E+02  5.574E+10  1.101E-03  9.827E+00
     613      1    100      1     88      1      53     3.1156E+02  1.939E+09  1.000E-30  7.747E-01
     614      1    100      1     89      1      53     2.7912E+02  3.068E+10  4.458E-03  6.280E+00
     617      1    100      1     92      1      53     1.4988E+02  2.264E+10  3.348E-02  4.162E+00
     619      1    100      1     94      1      53     1.2130E+02  2.992E+08  1.000E-30  4.639E-01
     621      1    100      1     98      1      53     5.7044E+01  6.112E+09  3.281E-01  2.833E+00
     623      1    101      1     76      1      53     1.1918E+03  6.284E+11  5.134E-04  8.576E+00
     624      1    101      1     78      1      53     8.7698E+02  1.577E+09  1.000E-30  2.099E+00
     625      1    101      1     81      1      53     7.1510E+02  2.948E+11  2.041E-03  4.692E+00
     627      1    101      1     85      1      53     4.2583E+02  1.694E+11  9.747E-03  2.707E+00
     628      1    101      1     86      1      53     4.1039E+02  8.799E+08  1.000E-30  9.208E-01
     631      1    101      1     91      1      53     2.3659E+02  1.416E+11  8.915E-02  1.601E+00
     634      1    101      1     95      1      53     1.2646E+02  1.044E+08  1.000E-30  3.740E-01
     635      1    101      1     96      1      53     1.0557E+02  3.599E+10  7.070E-01  9.568E-01
     638      1    101      1    100      1      53     1.0760E+01  2.281E+05  3.840E-03  5.673E-01
     639      1    102      1     77      1      53     1.1469E+03  1.337E+12  1.866E-03  4.031E+00
     641      1    102      1     82      1      53     6.7131E+02  8.970E+11  1.227E-02  2.084E+00
     644      1    102      1     87      1      53     4.2378E+02  9.045E+08  1.000E-30  4.900E-01
     645      1    102      1     88      1      53     3.8149E+02  8.498E+11  1.403E-01  1.104E+00
     647      1    102      1     94      1      53     1.9123E+02  1.590E+11  5.839E-01  5.643E-01
     650      1    102      1     97      1      53     1.4260E+02  5.541E+08  1.000E-30  1.888E-01
     652      1    102      1    101      1      53     5.9168E+01  3.502E+07  4.989E-03  2.877E-01
     653      1    103      1     76      1      53     1.2875E+03  4.767E+11  2.990E-04  8.854E+00
     654      1    103      1     78      1      53     9.7272E+02  1.210E+09  1.000E-30  2.319E+00
     655      1    103      1     81      1      53     8.1083E+02  2.282E+11  1.034E-03  4.912E+00
     656      1    103      1     85      1      53     5.2157E+02  1.299E+11  3.729E-03  2.921E+00
     657      1    103      1     86      1      53     5.0613E+02  8.317E+08  1.000E-30  1.135E+00
     659      1    103      1     91      1      53     3.3233E+02  9.193E+10  1.676E-02  1.815E+00
     662      1    103      1     95      1      53     2.2220E+02  2.268E+08  1.000E-30  5.525E-01
     663      1    103      1     96      1      53     2.0131E+02  9.941E+10  1.513E-01  1.151E+00
     665      1    103      1    100      1      53     1.0650E+02  3.969E+10  1.437E+00  7.445E-01
     667      1    103      1    102      1      53     3.6571E+01  3.277E+06  1.000E-30  2.668E-01
     668      1    104      1     78      1      53     9.7661E+02  5.231E+11  1.542E-03  2.404E+00
     670      1    104      1     86      1      53     5.1003E+02  3.419E+11  1.430E-02  1.212E+00
     674      1    104      1     95      1      53     2.2610E+02  1.457E+11  1.627E-01  6.232E-01
     677      1    104      1    102      1      53     4.0464E+01  5.104E+08  2.189E-01  3.004E-01
     679      1    105      1     77      1      53     1.2750E+03  8.822E+11  8.519E-04  4.235E+00
     680      1    105      1     82      1      53     7.9944E+02  5.748E+11  4.182E-03  2.288E+00
     682      1    105      1     87      1      53     5.5191E+02  6.356E+08  1.000E-30  6.879E-01
     683      1    105      1     88      1      53     5.0962E+02  4.571E+11  2.322E-02  1.302E+00
     685      1    105      1     94      1      53     3.1936E+02  5.157E+11  2.328E-01  7.525E-01
     688      1    105      1     97      1      53     2.7073E+02  6.803E+08  1.000E-30  2.969E-01
     690      1    105      1    101      1      53     1.8730E+02  1.680E+11  1.249E+00  4.375E-01
     692      1    105      1    103      1      53     9.1560E+01  5.660E+07  2.351E-03  2.610E-01
     693      1    105      1    104      1      53     8.7667E+01  2.109E+08  1.000E-30  1.615E-01
     694      1    106      1     78      1      53     1.1024E+03  3.231E+11  6.240E-04  2.548E+00
     695      1    106      1     86      1      53     6.3583E+02  2.310E+11  4.383E-03  1.357E+00
     698      1    106      1     95      1      53     3.5190E+02  1.258E+11  2.566E-02  7.668E-01
     701      1    106      1    102      1      53     1.6626E+02  5.517E+10  2.407E-01  4.344E-01
     704      1    106      1    105      1      53     3.8133E+01  6.015E+08  4.521E-01  2.459E-01
     705      1    107      1     77      1      53     1.3672E+03  6.171E+11  4.670E-04  4.379E+00
     706      1    107      1     82      1      53     8.9170E+02  3.954E+11  1.946E-03  2.432E+00
     707      1    107      1     87      1      53     6.4417E+02  4.492E+08  1.000E-30  8.303E-01
     708      1    107      1     88      1      53     6.0188E+02  2.918E+11  7.928E-03  1.445E+00
     710      1    107      1     94      1      53     4.1162E+02  2.766E+11  3.939E-02  8.963E-01
     712      1    107      1     97      1      53     3.6299E+02  5.555E+08  1.000E-30  4.298E-01
     714      1    107      1    101      1      53     2.7956E+02  3.600E+11  3.592E-01  5.697E-01
     716      1    107      1    103      1      53     1.8382E+02  1.894E+11  2.214E+00  3.752E-01
     717      1    107      1    104      1      53     1.7993E+02  3.710E+08  1.000E-30  2.180E-01
     719      1    107      1    106      1      53     5.4126E+01  6.597E+07  1.000E-30  1.620E-01
     720      1    108      1     78      1      53     1.1926E+03  2.154E+11  3.165E-04  2.644E+00
     721      1    108      1     86      1      53     7.2599E+02  1.615E+11  1.908E-03  1.459E+00
     723      1    108      1     95      1      53     4.4206E+02  9.444E+10  8.426E-03  8.626E-01
     725      1    108      1    102      1      53     2.5642E+02  5.190E+10  4.026E-02  5.327E-01
     728      1    108      1    105      1      53     1.2829E+02  2.482E+10  3.211E-01  3.403E-01
     730      1    108      1    107      1      53     3.6034E+01  7.717E+08  7.412E-01  2.288E-01
     731      1    110      1    109      1      53     1.0325E+02  9.636E+08  1.000E-30  3.596E+02
     732      1    111      1    109      1      53     6.2828E+02  2.442E+11  1.812E-05  4.026E+02
     733      1    114      1    113      1      54     7.1415E+00  2.940E+03  1.000E-30  5.412E-04
     735      1    115      1    114      1      54     4.2027E+02  1.643E+10  3.849E-01  2.549E-02
     736      1    117      1    116      1      54     8.2284E+01  3.913E+07  4.140E+00  5.582E-03
     737      1    118      1    117      1      54     6.5579E+01  6.897E+07  4.879E-05  9.899E+01
     739      1    120      1    119      1      54     2.7707E+01  2.421E+06  6.490E+00  3.770E-03
     740      1    121      1    120      1      54     3.4184E+01  2.174E+07  3.047E-04  3.528E+01
     743      1    122      1    121      1      54     1.1729E+01  1.900E+05  1.389E-04  1.004E+01
     745      1    124      1    119      1      54     9.4819E+02  1.445E+12  3.216E-03  3.132E+01
     746      1    124      1    121      1      54     8.8629E+02  4.617E+11  1.000E-30  1.766E+01
     747      1    123      1    120      1      54     9.0352E+02  1.685E+12  1.000E-30  5.147E+01
     749      1    124      1    123      1      54     1.6956E+01  1.501E+06  1.799E+00  1.636E-02
     750      1    125      1    120      1      54     9.3511E+02  3.056E+12  1.720E-03  4.298E+01
     753      1    125      1    122      1      54     8.8920E+02  1.125E+11  1.000E-30  3.400E+00
     754      1    125      1    124      1      54     1.4632E+01  1.997E+06  5.640E-04  2.233E+01
     757      1    126      1    121      1      54     9.0719E+02  5.126E+12  5.479E-03  1.497E+01
     759      1    126      1    125      1      54     6.2624E+00  5.497E+04  5.128E-04  5.177E+00
     761      1    127      1    122      1      54     9.0472E+02  8.434E+12  1.438E-02  6.844E+00
     763      1    127      1    126      1      54     9.2648E+00  6.590E+04  3.443E-04  2.039E+00
     765      1    129      1    121      1      54     1.3816E+03  3.581E+11  1.000E-30  9.945E+00
     767      1    129      1    123      1      54     5.1224E+02  2.501E+11  6.146E-03  1.810E+01
     768      1    129      1    125      1      54     4.8065E+02  1.241E+11  1.000E-30  1.081E+01
     770      1    128      1    120      1      54     1.4063E+03  1.412E+12  1.000E-30  5.134E+01
     772      1    128      1    124      1      54     4.8585E+02  3.622E+11  1.000E-30  3.177E+01
     775      1    129      1    128      1      54     9.4325E+00  3.076E+05  1.801E+00  1.875E-02
     777      1    130      1    120      1      54     1.4246E+03  1.802E+12  3.422E-03  3.610E+00
     779      1    130      1    122      1      54     1.3787E+03  7.489E+10  1.000E-30  4.647E+00
     780      1    130      1    124      1      54     5.0408E+02  4.787E+11  2.756E-03  2.685E+01
     783      1    130      1    126      1      54     4.8319E+02  4.621E+10  1.000E-30  2.054E+00
     785      1    130      1    129      1      54     8.7978E+00  5.719E+05  1.281E-03  1.297E+01
     788      1    131      1    121      1      54     1.3942E+03  3.950E+12  1.025E-03  1.687E+01
     790      1    131      1    125      1      54     4.9329E+02  7.695E+11  1.043E-02  7.395E+00
     791      1    131      1    127      1      54     4.7777E+02  1.243E+10  1.000E-30  8.027E-01
     793      1    131      1    130      1      54     3.8408E+00  1.883E+04  1.310E-03  3.011E+00
     795      1    132      1    122      1      54     1.3904E+03  4.199E+12  1.650E-03  8.029E+00
     797      1    132      1    126      1      54     4.9497E+02  1.195E+12  2.582E-02  3.355E+00
     799      1    132      1    131      1      54     7.9348E+00  7.655E+04  1.092E-03  1.190E+00
     800      1    133      1    127      1      54     4.8686E+02  1.626E+12  5.254E-02  1.900E+00
     801      1    133      1    132      1      54     1.1594E+00  6.813E+01  4.790E-04  6.011E-01
     802      1    134      1    124      1      54     7.8763E+02  3.456E+11  1.000E-30  3.169E+01
     804      1    134      1    129      1      54     2.9235E+02  1.017E+11  1.000E-30  1.835E+01
     808      1    135      1    123      1      54     8.1021E+02  2.686E+11  2.615E-03  1.147E+01
     809      1    135      1    125      1      54     7.7862E+02  1.108E+11  1.000E-30  1.001E+01
     811      1    135      1    128      1      54     3.0740E+02  5.888E+10  1.072E-02  1.138E+01
     812      1    135      1    130      1      54     2.8917E+02  3.892E+10  1.000E-30  5.788E+00
     814      1    135      1    134      1      54     5.6221E+00  1.712E+05  1.921E-02  3.056E+00
     815      1    136      1    124      1      54     7.9909E+02  5.009E+11  6.126E-04  3.167E+01
     818      1    136      1    126      1      54     7.7820E+02  3.661E+10  1.000E-30  4.976E+00
     819      1    136      1    129      1      54     3.0380E+02  1.081E+11  4.173E-03  1.831E+01
     822      1    136      1    131      1      54     2.9116E+02  1.772E+10  1.000E-30  2.883E+00
     825      1    136      1    135      1      54     5.8334E+00  2.094E+05  2.540E-03  8.227E+00
     827      1    137      1    125      1      54     7.8707E+02  7.493E+11  1.821E-03  1.002E+01
     828      1    137      1    127      1      54     7.7154E+02  8.380E+09  1.000E-30  3.006E+00
     830      1    137      1    130      1      54     2.9761E+02  1.651E+11  1.304E-02  5.802E+00
     831      1    137      1    132      1      54     2.8584E+02  6.991E+09  1.000E-30  1.740E+00
     833      1    137      1    136      1      54     2.6080E+00  7.804E+03  2.757E-03  1.897E+00
     835      1    138      1    126      1      54     7.8806E+02  9.651E+11  3.365E-03  4.978E+00
     837      1    138      1    131      1      54     3.0103E+02  2.531E+11  2.835E-02  2.885E+00
     838      1    138      1    133      1      54     2.9194E+02  2.262E+09  1.000E-30  1.167E+00
     840      1    138      1    137      1      54     7.2571E+00  8.253E+04  2.420E-03  7.575E-01
     841      1    139      1    127      1      54     7.7953E+02  8.580E+11  3.984E-03  3.007E+00
     842      1    139      1    132      1      54     2.9383E+02  3.183E+11  5.096E-02  1.741E+00
     843      1    139      1    138      1      54     7.3047E-01  3.181E+01  1.393E-03  3.857E-01
     844      1    140      1    133      1      54     2.9317E+02  4.210E+11  8.692E-02  1.164E+00
     845      1    140      1    139      1      54     5.0455E-01  3.986E+00  7.334E-04  2.268E-01
     846      1    141      1    124      1      54     9.8280E+02  2.752E+11  1.000E-30  3.167E+01
     847      1    141      1    129      1      54     4.8751E+02  1.060E+11  1.000E-30  1.830E+01
     851      1    141      1    135      1      54     1.8954E+02  3.398E+10  1.000E-30  1.151E+01
     853      1    142      1    123      1      54     1.0032E+03  2.254E+11  1.718E-03  7.713E+00
     854      1    142      1    125      1      54     9.7165E+02  8.415E+10  1.000E-30  1.004E+01
     856      1    142      1    128      1      54     5.0043E+02  6.918E+10  4.275E-03  7.685E+00
     857      1    142      1    130      1      54     4.8220E+02  3.833E+10  1.000E-30  5.813E+00
     859      1    142      1    134      1      54     1.9865E+02  1.718E+10  1.751E-02  7.605E+00
     861      1    142      1    136      1      54     1.8719E+02  1.394E+10  1.000E-30  4.881E+00
     863      1    142      1    141      1      54     3.4847E+00  4.400E+04  3.350E-02  1.930E+00
     864      1    143      1    124      1      54     9.9046E+02  4.169E+11  2.677E-04  3.166E+01
     865      1    143      1    126      1      54     9.6956E+02  2.603E+10  1.000E-30  4.994E+00
     866      1    143      1    129      1      54     4.9517E+02  1.248E+11  1.111E-03  1.830E+01
     869      1    143      1    131      1      54     4.8253E+02  1.589E+10  1.000E-30  2.902E+00
     872      1    143      1    135      1      54     1.9720E+02  3.059E+10  8.429E-03  9.463E+00
     874      1    143      1    137      1      54     1.8876E+02  7.172E+09  1.000E-30  9.988E-01
     877      1    143      1    142      1      54     4.1712E+00  9.084E+04  4.528E-03  5.486E+00
     878      1    144      1    125      1      54     9.7774E+02  5.921E+11  7.482E-04  1.004E+01
     879      1    144      1    127      1      54     9.6221E+02  5.428E+09  1.000E-30  3.024E+00
     881      1    144      1    130      1      54     4.8829E+02  1.842E+11  3.235E-03  5.816E+00
     882      1    144      1    132      1      54     4.7651E+02  5.661E+09  1.000E-30  1.758E+00
     884      1    144      1    136      1      54     1.9328E+02  4.436E+10  2.958E-02  2.568E+00
     885      1    144      1    138      1      54     1.8342E+02  3.272E+09  1.000E-30  3.579E-01
     887      1    144      1    143      1      54     1.9160E+00  3.863E+03  5.079E-03  1.289E+00
     888      1    145      1    126      1      54     9.7835E+02  6.810E+11  1.234E-03  4.995E+00
     890      1    145      1    131      1      54     4.9132E+02  2.503E+11  6.217E-03  2.902E+00
     891      1    145      1    133      1      54     4.8223E+02  1.464E+09  1.000E-30  1.184E+00
     893      1    145      1    137      1      54     1.9755E+02  6.597E+10  6.909E-02  1.152E+00
     894      1    145      1    139      1      54     1.8956E+02  1.671E+09  1.000E-30  1.865E-01
     896      1    145      1    144      1      54     6.8766E+00  8.934E+04  4.434E-03  5.257E-01
     897      1    146      1    127      1      54     9.6958E+02  4.893E+11  1.172E-03  3.022E+00
     898      1    146      1    132      1      54     4.8388E+02  2.688E+11  9.019E-03  1.756E+00
     899      1    146      1    138      1      54     1.9078E+02  7.388E+10  1.268E-01  6.501E-01
     900      1    146      1    140      1      54     1.8955E+02  5.122E+08  1.000E-30  1.253E-01
     901      1    146      1    145      1      54     4.8959E-01  1.359E+01  2.761E-03  2.769E-01
     902      1    147      1    133      1      54     4.8306E+02  2.254E+11  9.262E-03  1.179E+00
     903      1    147      1    139      1      54     1.9039E+02  9.005E+10  2.180E-01  4.169E-01
     904      1    147      1    146      1      54     3.3818E-01  2.264E+00  1.873E-03  1.683E-01
     905      1    148      1    140      1      54     1.9013E+02  1.059E+11  3.542E-01  2.888E-01
     906      1    148      1    147      1      54     2.4746E-01  3.521E-01  9.558E-04  1.107E-01
     907      1    149      1    124      1      54     1.1162E+03  2.123E+11  1.000E-30  3.167E+01
     908      1    149      1    129      1      54     6.2092E+02  8.998E+10  1.000E-30  1.830E+01
     910      1    149      1    135      1      54     3.2295E+02  3.787E+10  1.000E-30  1.153E+01
     913      1    149      1    142      1      54     1.2992E+02  1.298E+10  1.000E-30  7.747E+00
     915      1    150      1    123      1      54     1.1354E+03  1.799E+11  1.338E-03  5.450E+00
     916      1    150      1    125      1      54     1.1038E+03  6.322E+10  1.000E-30  1.006E+01
     917      1    150      1    128      1      54     6.3256E+02  6.223E+10  2.695E-03  5.422E+00
     918      1    150      1    130      1      54     6.1433E+02  3.142E+10  1.000E-30  5.832E+00
     919      1    150      1    134      1      54     3.3078E+02  2.159E+10  6.612E-03  5.400E+00
     921      1    150      1    136      1      54     3.1933E+02  1.492E+10  1.000E-30  2.926E+00
     923      1    150      1    141      1      54     1.3562E+02  5.847E+09  2.685E-02  5.376E+00
     925      1    150      1    143      1      54     1.2796E+02  5.575E+09  1.000E-30  3.524E+00
     927      1    150      1    149      1      54     2.2069E+00  1.154E+04  5.635E-02  1.220E+00
     928      1    151      1    124      1      54     1.1216E+03  3.301E+11  1.460E-04  3.165E+01
     929      1    151      1    126      1      54     1.1007E+03  1.871E+10  1.000E-30  5.013E+00
     930      1    151      1    129      1      54     6.2630E+02  1.117E+11  4.909E-04  1.829E+01
     931      1    151      1    131      1      54     6.1366E+02  1.227E+10  1.000E-30  2.920E+00
     933      1    151      1    135      1      54     3.2833E+02  3.806E+10  2.117E-03  1.006E+01
     935      1    151      1    137      1      54     3.1989E+02  7.062E+09  1.000E-30  6.593E-01
     937      1    151      1    142      1      54     1.3530E+02  1.028E+10  1.326E-02  6.305E+00
     939      1    151      1    144      1      54     1.2921E+02  3.111E+09  1.000E-30  7.554E-01
     941      1    151      1    150      1      54     3.1681E+00  4.644E+04  7.573E-03  3.854E+00
     942      1    152      1    125      1      54     1.1084E+03  4.532E+11  3.922E-04  1.006E+01
     943      1    152      1    127      1      54     1.0929E+03  3.666E+09  1.000E-30  3.041E+00
     944      1    152      1    130      1      54     6.1900E+02  1.599E+11  1.371E-03  5.835E+00
     945      1    152      1    132      1      54     6.0722E+02  4.085E+09  1.000E-30  1.776E+00
     947      1    152      1    136      1      54     3.2399E+02  5.495E+10  6.655E-03  2.906E+00
     948      1    152      1    138      1      54     3.1413E+02  3.049E+09  1.000E-30  3.902E-01
     950      1    152      1    143      1      54     1.3263E+02  1.426E+10  4.497E-02  1.716E+00
     951      1    152      1    145      1      54     1.2383E+02  1.502E+09  1.000E-30  2.887E-01
     953      1    152      1    151      1      54     1.4980E+00  2.136E+03  8.124E-03  9.370E-01
     954      1    153      1    126      1      54     1.1088E+03  4.858E+11  6.024E-04  5.012E+00
     955      1    153      1    131      1      54     6.2180E+02  2.023E+11  2.448E-03  2.919E+00
     956      1    153      1    133      1      54     6.1271E+02  9.303E+08  1.000E-30  1.201E+00
     958      1    153      1    137      1      54     3.2803E+02  7.669E+10  1.372E-02  1.368E+00
     959      1    153      1    139      1      54     3.2004E+02  1.284E+09  1.000E-30  2.989E-01
     961      1    153      1    144      1      54     1.3736E+02  2.130E+10  1.020E-01  7.797E-01
     962      1    153      1    146      1      54     1.2999E+02  9.852E+08  1.000E-30  1.547E-01
     963      1    153      1    152      1      54     6.6466E+00  9.649E+04  7.034E-03  3.997E-01
     964      1    154      1    127      1      54     1.0999E+03  3.084E+11  5.024E-04  3.038E+00
     965      1    154      1    132      1      54     6.1421E+02  1.938E+11  3.118E-03  1.773E+00
     966      1    154      1    138      1      54     3.2112E+02  8.445E+10  2.161E-02  8.016E-01
     967      1    154      1    140      1      54     3.1988E+02  3.208E+08  1.000E-30  2.389E-01
     968      1    154      1    145      1      54     1.3082E+02  2.174E+10  1.771E-01  4.457E-01
     969      1    154      1    147      1      54     1.3000E+02  4.548E+08  1.000E-30  1.038E-01
     970      1    154      1    153      1      54     3.4390E-01  6.025E+00  4.379E-03  2.226E-01
     971      1    155      1    133      1      54     6.1329E+02  1.279E+11  2.506E-03  1.195E+00
     972      1    155      1    139      1      54     3.2062E+02  8.822E+10  2.830E-02  5.296E-01
     973      1    155      1    146      1      54     1.3057E+02  2.532E+10  2.921E-01  2.906E-01
     974      1    155      1    148      1      54     1.2999E+02  1.410E+08  1.000E-30  7.989E-02
     975      1    155      1    154      1      54     2.3759E-01  1.119E+00  3.090E-03  1.438E-01
     976      1    156      1    124      1      54     1.2114E+03  1.638E+11  1.000E-30  3.167E+01
     977      1    156      1    129      1      54     7.1613E+02  7.285E+10  1.000E-30  1.831E+01
     978      1    156      1    135      1      54     4.1816E+02  3.381E+10  1.000E-30  1.155E+01
     980      1    156      1    142      1      54     2.2513E+02  1.526E+10  1.000E-30  7.767E+00
     983      1    156      1    150      1      54     9.3002E+01  5.539E+09  1.000E-30  5.476E+00
     985      1    157      1    123      1      54     1.2298E+03  1.421E+11  1.129E-03  4.016E+00
     986      1    157      1    125      1      54     1.1982E+03  4.781E+10  1.000E-30  1.008E+01
     987      1    157      1    128      1      54     7.2695E+02  5.229E+10  2.027E-03  3.988E+00
     988      1    157      1    130      1      54     7.0872E+02  2.487E+10  1.000E-30  5.852E+00
     989      1    157      1    134      1      54     4.2517E+02  2.060E+10  4.015E-03  3.973E+00
     990      1    157      1    136      1      54     4.1371E+02  1.291E+10  1.000E-30  2.050E+00
     991      1    157      1    141      1      54     2.3000E+02  7.847E+09  9.789E-03  3.962E+00
     993      1    157      1    143      1      54     2.2235E+02  6.338E+09  1.000E-30  2.244E+00
     995      1    157      1    149      1      54     9.6594E+01  2.241E+09  3.943E-02  3.951E+00
     997      1    157      1    151      1      54     9.1219E+01  2.427E+09  1.000E-30  2.643E+00
     999      1    157      1    156      1      54     1.3856E+00  2.813E+03  9.121E-02  7.757E-01
    1000      1    158      1    124      1      54     1.2153E+03  2.587E+11  8.988E-05  3.167E+01
    1001      1    158      1    126      1      54     1.1944E+03  1.374E+10  1.000E-30  5.033E+00
    1002      1    158      1    129      1      54     7.2004E+02  9.330E+10  2.697E-04  1.830E+01
    1003      1    158      1    131      1      54     7.0740E+02  9.341E+09  1.000E-30  2.940E+00
    1004      1    158      1    135      1      54     4.2207E+02  3.598E+10  9.044E-04  1.046E+01
    1005      1    158      1    137      1      54     4.1363E+02  5.822E+09  1.000E-30  8.258E-01
    1007      1    158      1    142      1      54     2.2904E+02  1.354E+10  3.346E-03  6.678E+00
    1009      1    158      1    144      1      54     2.2296E+02  3.303E+09  1.000E-30  4.925E-01
    1011      1    158      1    150      1      54     9.6914E+01  3.937E+09  1.988E-02  4.425E+00
    1012      1    158      1    152      1      54     9.2248E+01  1.438E+09  1.000E-30  6.079E-01
    1014      1    158      1    157      1      54     2.5273E+00  2.723E+04  1.198E-02  2.832E+00
    1015      1    159      1    125      1      54     1.2019E+03  3.476E+11  2.355E-04  1.008E+01
    1016      1    159      1    127      1      54     1.1864E+03  2.582E+09  1.000E-30  3.062E+00
    1017      1    159      1    130      1      54     7.1248E+02  1.309E+11  7.332E-04  5.854E+00
    1018      1    159      1    132      1      54     7.0070E+02  2.955E+09  1.000E-30  1.796E+00
    1019      1    159      1    136      1      54     4.1747E+02  5.126E+10  2.675E-03  3.131E+00
    1020      1    159      1    138      1      54     4.0761E+02  2.394E+09  1.000E-30  5.786E-01
    1022      1    159      1    143      1      54     2.2610E+02  1.912E+10  1.029E-02  1.935E+00
    1023      1    159      1    145      1      54     2.1731E+02  1.580E+09  1.000E-30  2.708E-01
    1025      1    159      1    151      1      54     9.4977E+01  5.238E+09  6.448E-02  1.226E+00
    1026      1    159      1    153      1      54     8.6832E+01  6.981E+08  1.000E-30  2.553E-01
    1028      1    159      1    158      1      54     1.2307E+00  1.341E+03  1.196E-02  7.249E-01
    1029      1    160      1    126      1      54     1.2022E+03  3.557E+11  3.446E-04  5.031E+00
    1030      1    160      1    131      1      54     7.1513E+02  1.576E+11  1.244E-03  2.938E+00
    1031      1    160      1    133      1      54     7.0604E+02  6.248E+08  1.000E-30  1.220E+00
    1032      1    160      1    137      1      54     4.2136E+02  6.788E+10  5.108E-03  1.515E+00
    1033      1    160      1    139      1      54     4.1337E+02  9.017E+08  1.000E-30  4.366E-01
    1035      1    160      1    144      1      54     2.3069E+02  2.722E+10  2.098E-02  9.206E-01
    1036      1    160      1    146      1      54     2.2332E+02  8.497E+08  1.000E-30  2.098E-01
    1037      1    160      1    152      1      54     9.9979E+01  7.997E+09  1.416E-01  5.720E-01
    1038      1    160      1    154      1      54     9.2988E+01  5.535E+08  1.000E-30  1.501E-01
    1039      1    160      1    159      1      54     6.4994E+00  1.046E+05  9.701E-03  3.346E-01
    1040      1    161      1    127      1      54     1.1932E+03  2.080E+11  2.640E-04  3.056E+00
    1041      1    161      1    132      1      54     7.0745E+02  1.400E+11  1.456E-03  1.791E+00
    1042      1    161      1    138      1      54     4.1436E+02  7.087E+10  7.332E-03  9.035E-01
    1043      1    161      1    140      1      54     4.1312E+02  1.996E+08  1.000E-30  3.415E-01
    1044      1    161      1    145      1      54     2.2406E+02  2.943E+10  3.258E-02  5.495E-01
    1045      1    161      1    147      1      54     2.2323E+02  3.367E+08  1.000E-30  1.730E-01
    1046      1    161      1    153      1      54     9.3583E+01  7.354E+09  2.259E-01  3.399E-01
    1047      1    161      1    155      1      54     9.3001E+01  3.067E+08  1.000E-30  1.069E-01
    1048      1    161      1    160      1      54     2.5061E-01  2.797E+00  5.635E-03  2.031E-01
    1049      1    162      1    133      1      54     7.0646E+02  8.030E+10  1.012E-03  1.214E+00
    1050      1    162      1    139      1      54     4.1380E+02  6.451E+10  8.105E-03  6.106E-01
    1051      1    162      1    146      1      54     2.2375E+02  3.275E+10  4.531E-02  3.703E-01
    1052      1    162      1    148      1      54     2.2316E+02  8.516E+07  1.000E-30  1.454E-01
    1053      1    162      1    154      1      54     9.3412E+01  8.434E+09  3.468E-01  2.312E-01
    1054      1    162      1    161      1      54     1.7317E-01  5.533E-01  3.801E-03  1.432E-01
    1381      1    165      1    164      1       1     1.0199E+01  1.215E+06  3.145E-02  1.384E-01
    1384      1    167      1    164      1       1     1.0199E+01  2.361E+06  6.290E-02  1.384E-01
    1387      1    169      1    164      1       1     1.2088E+01  5.815E+04  9.369E-03  3.022E-01
    1389      1    169      1    166      1       1     1.8887E+00  1.225E+03  4.660E-03  3.689E-01
    1392      1    168      1    165      1       1     1.8887E+00  3.848E+01  4.389E-05  1.216E+00
    1394      1    168      1    167      1       1     1.8886E+00  7.695E+01  8.778E-05  1.216E+00
    1396      1    170      1    165      1       1     1.8887E+00  1.966E+03  3.439E-03  7.942E-01
    1398      1    170      1    167      1       1     1.8887E+00  3.917E+03  6.874E-03  7.942E-01
    1399      1    172      1    164      1       1     1.2749E+01  5.585E+02  2.057E-03  5.117E-01
    1401      1    172      1    166      1       1     2.5497E+00  1.589E+01  1.558E-04  3.060E+00
    1404      1    172      1    168      1       1     6.6104E-01  1.306E+00  4.073E-06  4.170E+00
    1405      1    172      1    170      1       1     6.6103E-01  1.481E-01  5.172E-07  3.748E+00
    1407      1    171      1    165      1       1     2.5497E+00  4.702E-01  3.993E-06  3.525E+00
    1409      1    171      1    167      1       1     2.5497E+00  9.403E-01  7.986E-06  3.525E+00
    1410      1    171      1    169      1       1     6.6103E-01  2.603E-01  7.928E-07  4.293E+00
    1414      1    173      1    165      1       1     2.5497E+00  1.894E+01  2.060E-04  2.734E+00
    1416      1    173      1    167      1       1     2.5497E+00  3.794E+01  4.126E-04  2.734E+00
    1417      1    173      1    169      1       1     6.6104E-01  5.023E+00  1.863E-05  3.502E+00
    1425      1    174      1    170      1       1     6.6103E-01  1.386E+01  7.056E-05  2.546E+00
    1426      1    176      1    164      1       1     1.3054E+01  1.245E+01  6.096E-04  8.439E-01
    1428      1    176      1    166      1       1     2.8557E+00  3.930E-01  2.741E-05  8.023E+00
    1430      1    176      1    168      1       1     9.6701E-01  4.404E-02  9.088E-07  8.879E+00
    1431      1    176      1    170      1       1     9.6699E-01  4.014E-03  8.735E-08  8.457E+00
    1433      1    176      1    171      1       1     3.0597E-01  6.261E-03  3.412E-08  1.119E+01
    1434      1    176      1    173      1       1     3.0596E-01  1.601E-03  9.455E-09  1.040E+01
    1437      1    175      1    165      1       1     2.8557E+00  1.125E-02  7.550E-07  8.392E+00
    1439      1    175      1    167      1       1     2.8556E+00  2.251E-02  1.510E-06  8.392E+00
    1440      1    175      1    169      1       1     9.6700E-01  8.050E-03  1.623E-07  9.161E+00
    1443      1    175      1    172      1       1     3.0596E-01  1.815E-03  9.841E-09  1.135E+01
    1447      1    177      1    165      1       1     2.8557E+00  4.202E-01  3.263E-05  7.126E+00
    1449      1    177      1    167      1       1     2.8557E+00  8.392E-01  6.517E-05  7.126E+00
    1450      1    177      1    169      1       1     9.6700E-01  1.532E-01  3.521E-06  7.894E+00
    1453      1    177      1    172      1       1     3.0597E-01  2.130E-02  1.277E-07  1.008E+01
    1456      1    177      1    174      1       1     3.0596E-01  7.232E-04  4.974E-09  8.877E+00
    1461      1    178      1    170      1       1     9.6699E-01  2.921E-01  8.104E-06  6.464E+00
    1463      1    178      1    173      1       1     3.0596E-01  5.260E-02  3.746E-07  8.402E+00
    1469      1    179      1    174      1       1     3.0596E-01  1.134E-01  1.060E-06  6.333E+00
    1470      1    181      1    164      1       1     1.3221E+01  4.829E-01  2.452E-04  1.181E+00
    1472      1    181      1    166      1       1     3.0219E+00  1.596E-02  7.063E-06  1.668E+01
    1473      1    181      1    168      1       1     1.1332E+00  2.001E-03  2.269E-07  1.754E+01
    1474      1    181      1    170      1       1     1.1332E+00  1.640E-04  1.914E-08  1.711E+01
    1476      1    181      1    171      1       1     4.7217E-01  3.892E-04  6.568E-09  1.984E+01
    1477      1    181      1    173      1       1     4.7216E-01  8.225E-05  1.456E-09  1.905E+01
    1480      1    181      1    175      1       1     1.6620E-01  7.481E-05  2.564E-10  2.471E+01
    1481      1    181      1    177      1       1     1.6620E-01  2.948E-05  1.084E-10  2.344E+01
    1484      1    180      1    165      1       1     3.0219E+00  4.514E-04  1.957E-07  1.724E+01
    1486      1    180      1    167      1       1     3.0218E+00  9.013E-04  3.907E-07  1.724E+01
    1487      1    180      1    169      1       1     1.1332E+00  3.495E-04  3.913E-08  1.801E+01
    1488      1    180      1    172      1       1     4.7217E-01  1.026E-04  1.728E-09  2.020E+01
    1491      1    180      1    176      1       1     1.6620E-01  2.715E-05  9.406E-11  2.490E+01
    1495      1    182      1    165      1       1     3.0219E+00  1.633E-02  7.647E-06  1.540E+01
    1497      1    182      1    167      1       1     3.0219E+00  3.274E-02  1.534E-05  1.540E+01
    1498      1    182      1    169      1       1     1.1332E+00  6.710E-03  8.075E-07  1.616E+01
    1499      1    182      1    172      1       1     4.7217E-01  1.285E-03  2.297E-08  1.835E+01
    1502      1    182      1    174      1       1     4.7216E-01  3.194E-05  6.169E-10  1.715E+01
    1503      1    182      1    176      1       1     1.6620E-01  2.357E-04  8.507E-10  2.306E+01
    1506      1    182      1    178      1       1     1.6620E-01  2.049E-05  8.309E-11  2.106E+01
    1509      1    183      1    170      1       1     1.1332E+00  1.109E-02  1.480E-06  1.415E+01
    1511      1    183      1    173      1       1     4.7216E-01  2.767E-03  5.487E-08  1.609E+01
    1513      1    183      1    177      1       1     1.6620E-01  5.483E-04  2.182E-09  2.048E+01
    1514      1    183      1    179      1       1     1.6620E-01  8.622E-06  4.039E-11  1.794E+01
    1517      1    184      1    174      1       1     4.7216E-01  3.937E-03  9.186E-08  1.325E+01
    1519      1    184      1    178      1       1     1.6620E-01  1.122E-03  5.211E-09  1.717E+01
    1521      1    185      1    179      1       1     1.6620E-01  2.116E-03  1.236E-08  1.335E+01
    1523      1    186      1    165      1       1     3.1221E+00  2.302E-05  6.184E-08  3.182E+01
    1524      1    186      1    167      1       1     3.1221E+00  4.604E-05  1.237E-07  3.182E+01
    1525      1    186      1    169      1       1     1.2334E+00  1.864E-05  1.128E-08  3.259E+01
    1526      1    186      1    172      1       1     5.7238E-01  6.001E-06  4.152E-10  3.477E+01
    1527      1    186      1    176      1       1     2.6642E-01  2.080E-06  1.392E-11  3.948E+01
    1530      1    186      1    181      1       1     1.0021E-01  6.112E-07  1.000E-30  4.814E+01
    1533      1    187      1    164      1       1     1.3321E+01  2.437E-02  1.105E-04  1.611E+00
    1534      1    187      1    166      1       1     3.1221E+00  8.286E-04  2.230E-06  3.103E+01
    1535      1    187      1    168      1       1     1.2334E+00  1.102E-04  6.654E-08  3.188E+01
    1536      1    187      1    170      1       1     1.2334E+00  8.467E-06  5.201E-09  3.146E+01
    1537      1    187      1    171      1       1     5.7238E-01  2.396E-05  1.644E-09  3.419E+01
    1538      1    187      1    173      1       1     5.7238E-01  4.563E-06  3.228E-10  3.340E+01
    1540      1    187      1    175      1       1     2.6642E-01  6.284E-06  4.129E-11  3.906E+01
    1541      1    187      1    177      1       1     2.6642E-01  2.088E-06  1.443E-11  3.779E+01
    1544      1    187      1    180      1       1     1.0022E-01  1.452E-06  9.849E-25  4.791E+01
    1545      1    187      1    182      1       1     1.0021E-01  7.573E-07  1.000E-30  4.606E+01
    1548      1    188      1    165      1       1     3.1221E+00  8.383E-04  2.289E-06  2.929E+01
    1549      1    188      1    167      1       1     3.1221E+00  1.677E-03  4.578E-06  2.929E+01
    1550      1    188      1    169      1       1     1.2334E+00  3.656E-04  2.245E-07  3.005E+01
    1551      1    188      1    172      1       1     5.7238E-01  7.874E-05  5.499E-09  3.224E+01
    1552      1    188      1    174      1       1     5.7238E-01  1.658E-06  1.215E-10  3.104E+01
    1553      1    188      1    176      1       1     2.6642E-01  1.995E-05  1.334E-10  3.695E+01
    1556      1    188      1    178      1       1     2.6642E-01  1.313E-06  9.530E-12  3.495E+01
    1558      1    188      1    181      1       1     1.0022E-01  4.402E-06  4.003E-24  4.560E+01
    1561      1    188      1    183      1       1     1.0021E-01  6.516E-07  1.086E-24  4.264E+01
    1564      1    189      1    170      1       1     1.2334E+00  5.709E-04  3.631E-07  2.736E+01
    1565      1    189      1    173      1       1     5.7238E-01  1.612E-04  1.170E-08  2.930E+01
    1567      1    189      1    177      1       1     2.6642E-01  4.434E-05  3.095E-10  3.369E+01
    1568      1    189      1    179      1       1     2.6642E-01  4.740E-07  3.690E-12  3.114E+01
    1570      1    189      1    182      1       1     1.0021E-01  9.972E-06  1.000E-30  4.196E+01
    1571      1    189      1    184      1       1     1.0021E-01  4.270E-07  1.000E-30  3.806E+01
    1573      1    190      1    174      1       1     5.7238E-01  1.961E-04  1.526E-08  2.554E+01
    1575      1    190      1    178      1       1     2.6642E-01  7.768E-05  5.846E-10  2.946E+01
    1577      1    190      1    183      1       1     1.0021E-01  2.004E-05  1.676E-23  3.714E+01
    1578      1    190      1    185      1       1     1.0021E-01  1.784E-07  2.167E-25  3.255E+01
    1580      1    191      1    179      1       1     2.6642E-01  9.544E-05  8.099E-10  2.450E+01
    1581      1    191      1    184      1       1     1.0021E-01  3.747E-05  1.000E-30  3.141E+01
    1583      1    192      1    185      1       1     1.0021E-01  6.692E-05  1.798E-22  2.507E+01
    1585      1    193      1    165      1       1     3.1872E+00  1.168E-06  2.324E-08  5.418E+01
    1586      1    193      1    167      1       1     3.1871E+00  2.335E-06  4.648E-08  5.418E+01
    1587      1    193      1    169      1       1     1.2985E+00  9.649E-07  3.984E-09  5.494E+01
    1588      1    193      1    172      1       1     6.3742E-01  3.251E-07  1.331E-10  5.713E+01
    1596      1    194      1    164      1       1     1.3386E+01  1.238E-03  2.202E-06  5.293E+01
    1597      1    194      1    166      1       1     3.1871E+00  4.292E-05  8.381E-07  5.312E+01
    1598      1    194      1    168      1       1     1.2985E+00  5.861E-06  2.367E-08  5.398E+01
    1599      1    194      1    170      1       1     1.2985E+00  4.352E-07  1.778E-09  5.355E+01
    1600      1    194      1    171      1       1     6.3743E-01  1.357E-06  5.412E-10  5.628E+01
    1601      1    194      1    173      1       1     6.3742E-01  2.416E-07  9.841E-11  5.549E+01
    1602      1    194      1    175      1       1     3.3146E-01  3.977E-07  1.145E-11  6.115E+01
    1613      1    195      1    165      1       1     3.1872E+00  4.387E-05  8.306E-07  5.085E+01
    1614      1    195      1    167      1       1     3.1871E+00  8.775E-05  1.661E-06  5.085E+01
    1615      1    195      1    169      1       1     1.2985E+00  1.975E-05  7.751E-08  5.162E+01
    1616      1    195      1    172      1       1     6.3742E-01  4.524E-06  1.756E-09  5.380E+01
    1618      1    195      1    176      1       1     3.3146E-01  1.290E-06  3.623E-11  5.851E+01
    1620      1    195      1    181      1       1     1.6526E-01  3.930E-07  1.000E-30  6.717E+01
    1631      1    196      1    170      1       1     1.2985E+00  3.066E-05  1.163E-07  4.813E+01
    1632      1    196      1    173      1       1     6.3742E-01  9.218E-06  3.471E-09  5.007E+01
    1633      1    196      1    177      1       1     3.3146E-01  2.861E-06  7.852E-11  5.446E+01
    1636      1    196      1    182      1       1     1.6526E-01  8.927E-07  1.000E-30  6.273E+01
    1639      1    196      1    188      1       1     6.5043E-02  2.245E-07  1.000E-30  7.662E+01
    1642      1    197      1    174      1       1     6.3742E-01  1.066E-05  3.914E-09  4.526E+01
    1643      1    197      1    178      1       1     3.3146E-01  4.772E-06  1.291E-10  4.917E+01
    1645      1    197      1    183      1       1     1.6526E-01  1.717E-06  4.833E-24  5.686E+01
    1648      1    197      1    189      1       1     6.5043E-02  4.571E-07  1.071E-24  7.007E+01
    1651      1    198      1    179      1       1     3.3146E-01  5.049E-06  1.371E-10  4.290E+01
    1652      1    198      1    184      1       1     1.6526E-01  2.779E-06  1.000E-30  4.981E+01
    1653      1    198      1    190      1       1     6.5043E-02  8.854E-07  1.000E-30  6.210E+01
    1656      1    199      1    185      1       1     1.6526E-01  3.237E-06  1.162E-23  4.189E+01
    1657      1    199      1    191      1       1     6.5043E-02  1.637E-06  1.000E-30  5.304E+01
    1659      1    200      1    192      1       1     6.5043E-02  2.931E-06  1.000E-30  4.327E+01
    1673      1    202      1    164      1       1     1.3431E+01  4.565E-05  9.513E-07  8.514E+01
    1674      1    202      1    166      1       1     3.2317E+00  1.606E-06  3.563E-07  8.534E+01
    1675      1    202      1    168      1       1     1.3431E+00  2.252E-07  9.792E-09  8.619E+01
    1692      1    203      1    165      1       1     3.2317E+00  1.694E-06  3.450E-07  8.247E+01
    1693      1    203      1    167      1       1     3.2317E+00  3.388E-06  6.899E-07  8.247E+01
    1694      1    203      1    169      1       1     1.3431E+00  7.779E-07  3.111E-08  8.324E+01
    1695      1    203      1    172      1       1     6.8202E-01  1.848E-07  6.708E-10  8.542E+01
    1710      1    204      1    170      1       1     1.3430E+00  1.250E-06  4.451E-08  7.885E+01
    1711      1    204      1    173      1       1     6.8202E-01  3.897E-07  1.264E-09  8.079E+01
    1723      1    205      1    174      1       1     6.8201E-01  4.602E-07  1.305E-09  7.478E+01
    1724      1    205      1    178      1       1     3.7605E-01  2.193E-07  3.965E-11  7.870E+01
    1734      1    206      1    179      1       1     3.7605E-01  2.260E-07  3.586E-11  7.093E+01
    1775      1    211      1    164      1       1     1.3469E+01  8.307E-07  2.527E-06  1.302E+02
