#  File format type:   4
#
#  SPECT3D transition powers file.
#  RUN NAME:  xe_20-200ev_1e18-1e21_4mm
#  Total number of transitions   =     1890
#  Number of written transitions =      807
#  Plasma temperature (eV)       =     4.0000E+01
#  Mass density (g/cm3)          =     2.2432E-04
#  Cell areal density (g/cm2)    =     8.9730E-05
#  Material mass fractions       =     1.0000E+00
#  DCA material number fractions =     1.3000E-02    9.8700E-01
# -----------------------------------------------------
#
#
#   Trans.  Trans  Upper  Upper  Lower  Lower   Ioniz   Energy     Line Power Line Center Line Width
#   Index   Model  Level  Model  Level  Model   Stage   (eV)       (W/cm2)    Opt. Depth      eV
# --------------------------------------------------------------------------------------------------
       1      1      3      1      2      1      52     1.1982E+02  8.678E+07  2.255E-10  5.173E-03
       2      1      4      1      2      1      52     4.9234E+02  1.788E+10  2.890E-01  2.124E-02
       4      1      6      1      5      1      52     1.0651E+02  3.302E+08  2.058E-04  7.871E+01
       6      1      7      1      6      1      52     6.8034E+01  4.330E+07  2.869E-05  9.466E+01
       7      1      9      1      8      1      52     3.8672E+01  1.922E+07  6.865E-04  2.871E+01
       9      1     10      1      9      1      52     3.4641E+01  1.239E+07  1.878E-04  3.134E+01
      11      1     11      1     10      1      52     9.4480E+00  4.308E+04  7.102E-05  8.524E+00
      13      1     12      1      9      1      52     8.3242E+02  7.128E+11  1.000E-30  4.471E+01
      14      1     13      1      8      1      52     8.9349E+02  5.658E+11  1.730E-03  2.721E+01
      16      1     13      1     10      1      52     8.2018E+02  1.886E+11  1.000E-30  1.542E+01
      17      1     13      1     12      1      52     2.2396E+01  5.450E+06  1.740E-03  1.655E+01
      19      1     14      1      9      1      52     8.6975E+02  1.209E+12  9.696E-04  3.747E+01
      21      1     14      1     11      1      52     8.2566E+02  4.500E+10  1.000E-30  2.903E+00
      23      1     14      1     13      1      52     1.4925E+01  1.161E+06  3.415E-04  2.020E+01
      25      1     15      1     10      1      52     8.3968E+02  2.040E+12  3.200E-03  1.280E+01
      28      1     15      1     14      1      52     4.5752E+00  8.495E+03  2.404E-04  4.374E+00
      30      1     16      1     11      1      52     8.3260E+02  3.295E+12  8.343E-03  5.863E+00
      32      1     16      1     15      1      52     2.3647E+00  3.541E+02  1.303E-04  1.740E+00
      34      1     17      1      9      1      52     1.3019E+03  5.982E+11  1.000E-30  4.460E+01
      36      1     17      1     13      1      52     4.4709E+02  1.516E+11  1.000E-30  2.759E+01
      38      1     18      1      8      1      52     1.3534E+03  5.355E+11  8.093E-04  1.583E+01
      40      1     18      1     10      1      52     1.2800E+03  1.461E+11  1.000E-30  8.522E+00
      41      1     18      1     12      1      52     4.8226E+02  9.751E+10  3.285E-03  1.573E+01
      43      1     18      1     14      1      52     4.4493E+02  5.062E+10  1.000E-30  9.456E+00
      45      1     18      1     17      1      52     1.2770E+01  1.215E+06  3.704E-03  9.373E+00
      47      1     19      1      9      1      52     1.3234E+03  1.087E+12  2.294E-04  4.037E+01
      49      1     19      1     11      1      52     1.2793E+03  2.974E+10  1.000E-30  3.987E+00
      51      1     19      1     13      1      52     4.6860E+02  1.890E+11  1.555E-03  2.336E+01
      53      1     19      1     15      1      52     4.4910E+02  1.849E+10  1.000E-30  1.748E+00
      56      1     19      1     18      1      52     8.7378E+00  3.016E+05  7.649E-04  1.168E+01
      58      1     20      1     10      1      52     1.2912E+03  1.568E+12  5.987E-04  1.442E+01
      61      1     20      1     14      1      52     4.5609E+02  3.057E+11  6.102E-03  6.315E+00
      63      1     20      1     16      1      52     4.4915E+02  5.205E+09  1.000E-30  6.834E-01
      65      1     20      1     19      1      52     2.4178E+00  1.617E+03  5.391E-04  2.517E+00
      67      1     21      1     11      1      52     1.2829E+03  1.646E+12  9.628E-04  6.862E+00
      69      1     21      1     15      1      52     4.5271E+02  4.619E+11  1.503E-02  2.868E+00
      72      1     21      1     20      1      52     1.2002E+00  7.827E+01  3.803E-04  1.009E+00
      75      1     22      1     16      1      52     4.5135E+02  6.667E+11  3.079E-02  1.621E+00
      77      1     22      1     21      1      52     1.0028E+00  2.058E+01  2.612E-04  5.148E-01
      79      1     23      1     13      1      52     7.2854E+02  1.453E+11  1.000E-30  2.754E+01
      81      1     23      1     18      1      52     2.6868E+02  4.258E+10  1.000E-30  1.592E+01
      83      1     24      1     12      1      52     7.5883E+02  1.048E+11  1.436E-03  9.916E+00
      85      1     24      1     14      1      52     7.2151E+02  4.512E+10  1.000E-30  5.028E+00
      86      1     24      1     17      1      52     2.8935E+02  2.300E+10  5.731E-03  9.898E+00
      88      1     24      1     19      1      52     2.6784E+02  1.592E+10  1.000E-30  6.189E+00
      90      1     24      1     23      1      52     7.9016E+00  3.312E+05  6.938E-03  5.793E+00
      92      1     25      1     13      1      52     7.4204E+02  1.984E+11  3.861E-04  2.485E+01
      94      1     25      1     15      1      52     7.2254E+02  1.458E+10  1.000E-30  1.708E+00
      96      1     25      1     18      1      52     2.8218E+02  4.248E+10  2.817E-03  1.329E+01
      98      1     25      1     20      1      52     2.7102E+02  7.138E+09  1.000E-30  1.182E+00
     101      1     25      1     24      1      52     5.5989E+00  9.677E+04  1.489E-03  7.325E+00
     103      1     26      1     14      1      52     7.2843E+02  2.966E+11  1.271E-03  7.163E+00
     105      1     26      1     16      1      52     7.2149E+02  3.426E+09  1.000E-30  1.152E+00
     107      1     26      1     19      1      52     2.7476E+02  6.503E+10  1.063E-02  3.550E+00
     109      1     26      1     21      1      52     2.7114E+02  3.040E+09  1.000E-30  4.225E-01
     112      1     26      1     25      1      52     1.3194E+00  3.153E+02  1.016E-03  1.603E+00
     114      1     27      1     15      1      52     7.2446E+02  3.713E+11  2.451E-03  3.381E+00
     117      1     27      1     20      1      52     2.7295E+02  9.225E+10  2.480E-02  1.605E+00
     119      1     27      1     22      1      52     2.7075E+02  8.983E+08  1.000E-30  2.304E-01
     121      1     27      1     26      1      52     6.0740E-01  1.371E+01  8.055E-04  6.438E-01
     123      1     28      1     16      1      52     7.2273E+02  3.431E+11  3.036E-03  1.979E+00
     125      1     28      1     21      1      52     2.7238E+02  1.276E+11  4.903E-02  9.082E-01
     128      1     28      1     27      1      52     6.3240E-01  9.652E+00  7.634E-04  3.291E-01
     129      1     29      1     13      1      52     9.1039E+02  1.156E+11  1.000E-30  2.749E+01
     131      1     29      1     18      1      52     4.5053E+02  4.426E+10  1.000E-30  1.587E+01
     134      1     29      1     24      1      52     1.7396E+02  1.410E+10  1.000E-30  1.003E+01
     136      1     30      1     12      1      52     9.3797E+02  8.821E+10  9.519E-04  6.661E+00
     137      1     30      1     14      1      52     9.0065E+02  3.429E+10  1.000E-30  4.401E+00
     138      1     30      1     17      1      52     4.6848E+02  2.692E+10  2.341E-03  6.643E+00
     140      1     30      1     19      1      52     4.4698E+02  1.568E+10  1.000E-30  3.466E+00
     142      1     30      1     23      1      52     1.8704E+02  6.740E+09  9.329E-03  6.633E+00
     144      1     30      1     25      1      52     1.7354E+02  5.698E+09  1.000E-30  4.268E+00
     146      1     30      1     29      1      52     5.1810E+00  1.046E+05  1.198E-02  3.785E+00
     147      1     31      1     13      1      52     9.1941E+02  1.655E+11  1.637E-04  2.569E+01
     148      1     31      1     15      1      52     8.9991E+02  1.035E+10  1.000E-30  2.425E+00
     150      1     31      1     18      1      52     4.5956E+02  4.936E+10  7.109E-04  1.414E+01
     152      1     31      1     20      1      52     4.4840E+02  6.360E+09  1.000E-30  8.933E-01
     155      1     31      1     24      1      52     1.8298E+02  1.203E+10  4.732E-03  8.235E+00
     157      1     31      1     26      1      52     1.7606E+02  2.914E+09  1.000E-30  8.468E-01
     160      1     31      1     30      1      52     3.8407E+00  3.722E+04  2.635E-03  4.939E+00
     161      1     32      1     14      1      52     9.0519E+02  2.350E+11  4.925E-04  7.624E+00
     162      1     32      1     16      1      52     8.9825E+02  2.211E+09  1.000E-30  1.613E+00
     164      1     32      1     19      1      52     4.5152E+02  7.273E+10  2.337E-03  4.018E+00
     166      1     32      1     21      1      52     4.4790E+02  2.370E+09  1.000E-30  5.796E-01
     169      1     32      1     25      1      52     1.7808E+02  1.756E+10  1.724E-02  2.192E+00
     171      1     32      1     27      1      52     1.7615E+02  1.496E+09  1.000E-30  3.023E-01
     174      1     32      1     31      1      52     7.0280E-01  5.516E+01  1.725E-03  1.094E+00
     175      1     33      1     15      1      52     9.0089E+02  2.643E+11  8.307E-04  3.687E+00
     177      1     33      1     20      1      52     4.4938E+02  9.503E+10  4.693E-03  1.899E+00
     179      1     33      1     22      1      52     4.4717E+02  5.810E+08  1.000E-30  4.341E-01
     181      1     33      1     26      1      52     1.7704E+02  2.400E+10  3.921E-02  9.873E-01
     183      1     33      1     28      1      52     1.7580E+02  6.663E+08  1.000E-30  1.560E-01
     185      1     33      1     32      1      52     2.7490E-01  1.619E+00  1.476E-03  4.469E-01
     186      1     34      1     16      1      52     8.9895E+02  1.952E+11  8.123E-04  2.181E+00
     188      1     34      1     21      1      52     4.4860E+02  1.074E+11  7.128E-03  1.111E+00
     191      1     34      1     27      1      52     1.7685E+02  3.131E+10  7.436E-02  5.544E-01
     194      1     34      1     33      1      52     4.2420E-01  4.149E+00  1.534E-03  2.338E-01
     195      1     35      1     13      1      52     1.0346E+03  8.915E+10  1.000E-30  2.750E+01
     196      1     35      1     18      1      52     5.7478E+02  3.758E+10  1.000E-30  1.588E+01
     198      1     35      1     24      1      52     2.9820E+02  1.579E+10  1.000E-30  9.977E+00
     201      1     35      1     30      1      52     1.1906E+02  5.390E+09  1.000E-30  6.707E+00
     203      1     36      1     12      1      52     1.0606E+03  7.049E+10  7.425E-04  4.720E+00
     204      1     36      1     14      1      52     1.0233E+03  2.574E+10  1.000E-30  5.138E+00
     205      1     36      1     17      1      52     5.9109E+02  2.427E+10  1.484E-03  4.702E+00
     206      1     36      1     19      1      52     5.6958E+02  1.281E+10  1.000E-30  2.557E+00
     207      1     36      1     23      1      52     3.0964E+02  8.473E+09  3.623E-03  4.685E+00
     209      1     36      1     25      1      52     2.9614E+02  6.095E+09  1.000E-30  2.551E+00
     211      1     36      1     29      1      52     1.2779E+02  2.311E+09  1.437E-02  4.664E+00
     213      1     36      1     31      1      52     1.1877E+02  2.291E+09  1.000E-30  3.074E+00
     215      1     36      1     35      1      52     3.5433E+00  3.655E+04  1.914E-02  2.616E+00
     216      1     37      1     13      1      52     1.0410E+03  1.313E+11  8.771E-05  2.622E+01
     217      1     37      1     15      1      52     1.0215E+03  7.436E+09  1.000E-30  2.957E+00
     218      1     37      1     18      1      52     5.8110E+02  4.419E+10  3.033E-04  1.467E+01
     219      1     37      1     20      1      52     5.6995E+02  4.900E+09  1.000E-30  1.233E+00
     221      1     37      1     24      1      52     3.0452E+02  1.501E+10  1.200E-03  8.760E+00
     223      1     37      1     26      1      52     2.9760E+02  2.844E+09  1.000E-30  5.592E-01
     226      1     37      1     30      1      52     1.2539E+02  4.028E+09  7.433E-03  5.490E+00
     228      1     37      1     32      1      52     1.2084E+02  1.278E+09  1.000E-30  6.404E-01
     231      1     37      1     36      1      52     2.7803E+00  1.658E+04  4.384E-03  3.494E+00
     232      1     38      1     14      1      52     1.0264E+03  1.798E+11  2.497E-04  7.893E+00
     233      1     38      1     16      1      52     1.0194E+03  1.488E+09  1.000E-30  1.907E+00
     234      1     38      1     19      1      52     5.7269E+02  6.324E+10  9.264E-04  4.312E+00
     235      1     38      1     21      1      52     5.6908E+02  1.681E+09  1.000E-30  8.433E-01
     237      1     38      1     25      1      52     2.9925E+02  2.178E+10  3.900E-03  2.480E+00
     239      1     38      1     27      1      52     2.9733E+02  1.315E+09  1.000E-30  3.302E-01
     242      1     38      1     31      1      52     1.2188E+02  5.641E+09  2.629E-02  1.459E+00
     244      1     38      1     33      1      52     1.2090E+02  7.330E+08  1.000E-30  2.422E-01
     247      1     38      1     37      1      52     3.3030E-01  6.660E+00  2.760E-03  7.952E-01
     248      1     39      1     15      1      52     1.0219E+03  1.891E+11  3.875E-04  3.872E+00
     249      1     39      1     20      1      52     5.7035E+02  7.731E+10  1.696E-03  2.084E+00
     250      1     39      1     22      1      52     5.6815E+02  3.691E+08  1.000E-30  6.127E-01
     252      1     39      1     26      1      52     2.9801E+02  2.843E+10  7.894E-03  1.166E+00
     254      1     39      1     28      1      52     2.9677E+02  5.083E+08  1.000E-30  2.526E-01
     256      1     39      1     32      1      52     1.2125E+02  7.387E+09  5.731E-02  6.620E-01
     258      1     39      1     34      1      52     1.2055E+02  3.917E+08  1.000E-30  1.271E-01
     260      1     39      1     38      1      52     7.3900E-02  3.765E-02  2.915E-03  2.721E-01
     261      1     40      1     16      1      52     1.0198E+03  1.231E+11  3.305E-04  2.315E+00
     262      1     40      1     21      1      52     5.6945E+02  7.739E+10  2.235E-03  1.238E+00
     264      1     40      1     27      1      52     2.9770E+02  3.407E+10  1.270E-02  6.818E-01
     267      1     40      1     33      1      52     1.2127E+02  9.378E+09  1.048E-01  3.772E-01
     270      1     40      1     39      1      52     2.9800E-01  1.832E+00  2.458E-03  1.854E-01
     271      1     41      1     13      1      52     1.1233E+03  6.882E+10  1.000E-30  2.751E+01
     272      1     41      1     18      1      52     6.6340E+02  3.049E+10  1.000E-30  1.590E+01
     273      1     41      1     24      1      52     3.8682E+02  1.405E+10  1.000E-30  9.993E+00
     275      1     41      1     30      1      52     2.0768E+02  6.317E+09  1.000E-30  6.722E+00
     278      1     41      1     36      1      52     8.5076E+01  2.274E+09  1.000E-30  4.745E+00
     280      1     42      1     12      1      52     1.1482E+03  5.562E+10  6.277E-04  3.473E+00
     281      1     42      1     14      1      52     1.1108E+03  1.950E+10  1.000E-30  5.928E+00
     282      1     42      1     17      1      52     6.7867E+02  2.043E+10  1.122E-03  3.455E+00
     283      1     42      1     19      1      52     6.5716E+02  1.012E+10  1.000E-30  2.694E+00
     284      1     42      1     23      1      52     3.9722E+02  8.032E+09  2.210E-03  3.444E+00
     285      1     42      1     25      1      52     3.8372E+02  5.272E+09  1.000E-30  1.765E+00
     286      1     42      1     29      1      52     2.1536E+02  3.077E+09  5.357E-03  3.436E+00
     288      1     42      1     31      1      52     2.0634E+02  2.598E+09  1.000E-30  1.955E+00
     290      1     42      1     35      1      52     9.1119E+01  8.965E+08  2.114E-02  3.425E+00
     292      1     42      1     37      1      52     8.4795E+01  1.008E+09  1.000E-30  2.304E+00
     294      1     42      1     41      1      52     2.4992E+00  1.383E+04  2.799E-02  1.953E+00
     295      1     43      1     13      1      52     1.1279E+03  1.031E+11  5.332E-05  2.662E+01
     296      1     43      1     15      1      52     1.1084E+03  5.463E+09  1.000E-30  3.325E+00
     297      1     43      1     18      1      52     6.6800E+02  3.698E+10  1.634E-04  1.500E+01
     298      1     43      1     20      1      52     6.5684E+02  3.717E+09  1.000E-30  1.555E+00
     299      1     43      1     24      1      52     3.9142E+02  1.420E+10  5.144E-04  9.095E+00
     300      1     43      1     26      1      52     3.8450E+02  2.334E+09  1.000E-30  7.016E-01
     302      1     43      1     30      1      52     2.1228E+02  5.304E+09  1.888E-03  5.812E+00
     304      1     43      1     32      1      52     2.0774E+02  1.336E+09  1.000E-30  4.137E-01
     307      1     43      1     36      1      52     8.9678E+01  1.537E+09  1.112E-02  3.848E+00
     309      1     43      1     38      1      52     8.6568E+01  5.992E+08  1.000E-30  5.114E-01
     312      1     43      1     42      1      52     2.1031E+00  8.271E+03  6.878E-03  2.580E+00
     313      1     44      1     15      1      52     1.1084E+03  1.392E+11  2.163E-04  4.002E+00
     314      1     44      1     20      1      52     6.5688E+02  6.057E+10  8.208E-04  2.207E+00
     315      1     44      1     22      1      52     6.5468E+02  2.472E+08  1.000E-30  7.363E-01
     316      1     44      1     26      1      52     3.8454E+02  2.543E+10  2.932E-03  1.295E+00
     317      1     44      1     28      1      52     3.8330E+02  3.583E+08  1.000E-30  3.691E-01
     319      1     44      1     32      1      52     2.0778E+02  9.770E+09  1.192E-02  7.862E-01
     321      1     44      1     34      1      52     2.0708E+02  3.375E+08  1.000E-30  1.738E-01
     323      1     44      1     38      1      52     8.6605E+01  2.620E+09  7.869E-02  4.828E-01
     325      1     44      1     40      1      52     8.6233E+01  2.199E+08  1.000E-30  1.212E-01
     327      1     45      1     14      1      52     1.1130E+03  1.381E+11  1.466E-04  8.100E+00
     328      1     45      1     16      1      52     1.1061E+03  1.042E+09  1.000E-30  2.108E+00
     329      1     45      1     19      1      52     6.5935E+02  5.187E+10  4.761E-04  4.506E+00
     330      1     45      1     21      1      52     6.5574E+02  1.216E+09  1.000E-30  1.037E+00
     331      1     45      1     25      1      52     3.8591E+02  2.022E+10  1.563E-03  2.674E+00
     332      1     45      1     27      1      52     3.8399E+02  1.009E+09  1.000E-30  4.902E-01
     334      1     45      1     31      1      52     2.0854E+02  7.511E+09  6.017E-03  1.646E+00
     336      1     45      1     33      1      52     2.0756E+02  7.074E+08  1.000E-30  2.259E-01
     339      1     45      1     37      1      52     8.6990E+01  2.064E+09  3.765E-02  1.040E+00
     341      1     45      1     39      1      52     8.6586E+01  3.711E+08  1.000E-30  2.116E-01
     344      1     45      1     43      1      52     9.2200E-02  1.637E-01  5.947E-03  4.205E-01
     345      1     45      1     44      1      52     5.4600E-02  2.286E-02  1.000E-30  1.529E-01
     346      1     46      1     16      1      52     1.1062E+03  8.290E+10  1.677E-04  2.405E+00
     347      1     46      1     21      1      52     6.5590E+02  5.588E+10  9.830E-04  1.328E+00
     348      1     46      1     27      1      52     3.8415E+02  2.842E+10  4.280E-03  7.742E-01
     350      1     46      1     33      1      52     2.0772E+02  1.194E+10  1.931E-02  4.644E-01
     353      1     46      1     39      1      52     8.6749E+01  3.238E+09  1.361E-01  2.848E-01
     355      1     46      1     44      1      52     2.1720E-01  8.525E-01  3.226E-03  1.665E-01
     357      1     48      1     47      1      52     3.1750E+02  2.543E+09  1.408E-04  1.839E+02
     358      1     49      1     48      1      52     3.6284E+02  1.379E+10  7.741E-06  2.762E+02
     359      1     51      1     50      1      52     7.7750E-01  3.617E+01  6.588E-05  1.384E+02
     360      1     52      1     51      1      52     6.6689E+02  2.141E+11  1.000E-30  4.204E+02
     361      1     54      1     53      1      52     3.0082E+01  1.282E+07  1.000E-30  1.845E+02
     362      1     55      1     53      1      52     1.0120E+02  2.643E+08  1.871E-04  8.074E+01
     363      1     56      1     54      1      52     1.0442E+02  2.967E+08  2.077E-04  7.434E+01
     364      1     56      1     55      1      52     3.3297E+01  1.726E+07  1.000E-30  1.922E+02
     365      1     57      1     55      1      52     9.2670E+01  1.477E+08  3.307E-05  1.109E+02
     367      1     58      1     56      1      52     9.3608E+01  1.531E+08  3.465E-05  1.064E+02
     368      1     58      1     57      1      52     3.4235E+01  1.874E+07  1.000E-30  1.948E+02
     369      1     61      1     60      1      53     7.7081E+01  1.026E+07  5.711E-11  3.354E-03
     370      1     62      1     60      1      53     8.3045E+01  1.543E+07  1.000E-30  3.607E-03
     373      1     63      1     61      1      53     8.0094E+00  2.675E+01  1.000E-30  4.224E-04
     375      1     64      1     60      1      53     4.6515E+02  1.516E+10  1.864E-01  2.003E-02
     378      1     65      1     60      1      53     5.0090E+02  7.246E+09  2.291E-11  2.152E-02
     380      1     65      1     63      1      53     4.1581E+02  5.787E+09  4.040E-01  1.793E-02
     381      1     67      1     66      1      53     9.2071E+01  1.774E+08  2.351E-04  5.729E+01
     383      1     68      1     67      1      53     2.1266E+02  2.325E+09  4.482E-05  3.995E+01
     385      1     69      1     67      1      53     2.3259E+02  1.791E+09  1.000E-30  2.160E+01
     386      1     71      1     70      1      53     1.8245E+01  1.177E+06  8.969E-04  1.282E+01
     388      1     72      1     71      1      53     7.1086E+01  2.103E+08  3.385E-04  3.416E+01
     390      1     73      1     72      1      53     1.1156E+02  8.076E+08  6.853E-04  1.007E+01
     392      1     74      1     71      1      53     8.8734E+02  8.482E+11  1.000E-30  4.804E+01
     393      1     75      1     70      1      53     9.0769E+02  6.057E+11  1.625E-03  2.959E+01
     395      1     75      1     72      1      53     8.1835E+02  1.772E+11  1.000E-30  1.670E+01
     396      1     75      1     74      1      53     2.1014E+00  2.478E+03  3.348E-03  4.742E+00
     398      1     76      1     71      1      53     9.4411E+02  1.633E+12  9.477E-04  4.049E+01
     400      1     76      1     73      1      53     7.6146E+02  3.132E+10  1.000E-30  3.139E+00
     402      1     76      1     75      1      53     5.4666E+01  1.954E+08  1.042E-03  2.270E+01
     404      1     77      1     72      1      53     9.7713E+02  3.598E+12  3.313E-03  1.384E+01
     407      1     77      1     76      1      53     1.0411E+02  2.171E+09  4.410E-03  5.194E+00
     409      1     78      1     73      1      53     1.0763E+03  8.853E+12  9.581E-03  6.364E+00
     411      1     78      1     77      1      53     2.1071E+02  1.574E+10  6.816E-03  2.112E+00
     412      1     79      1     70      1      53     1.3871E+03  5.865E+11  7.287E-04  1.788E+01
     414      1     79      1     72      1      53     1.2978E+03  1.466E+11  1.000E-30  9.291E+00
     415      1     79      1     74      1      53     4.8154E+02  9.772E+10  3.057E-03  1.702E+01
     417      1     79      1     76      1      53     4.2478E+02  3.987E+10  1.000E-30  1.023E+01
     420      1     80      1     71      1      53     1.3753E+03  6.922E+11  1.000E-30  4.800E+01
     422      1     80      1     75      1      53     4.8588E+02  1.965E+11  1.000E-30  2.964E+01
     424      1     80      1     79      1      53     6.4349E+00  2.535E+05  1.000E-30  1.649E+01
     426      1     81      1     71      1      53     1.4208E+03  1.393E+12  2.198E-04  4.365E+01
     428      1     81      1     73      1      53     1.2382E+03  2.519E+10  1.000E-30  4.294E+00
     430      1     81      1     75      1      53     5.3137E+02  3.039E+11  1.589E-03  2.522E+01
     432      1     81      1     77      1      53     3.7259E+02  8.471E+09  1.000E-30  1.900E+00
     434      1     81      1     79      1      53     5.1923E+01  3.479E+08  3.782E-03  1.303E+01
     438      1     82      1     76      1      53     5.7966E+02  7.636E+11  6.863E-03  6.838E+00
     440      1     82      1     78      1      53     2.6484E+02  6.077E+08  1.000E-30  7.454E-01
     442      1     82      1     81      1      53     1.0296E+02  4.925E+09  1.827E-02  3.007E+00
     443      1     83      1     74      1      53     7.7070E+02  1.107E+11  1.303E-03  1.101E+01
     445      1     83      1     76      1      53     7.1393E+02  4.102E+10  1.000E-30  5.452E+00
     447      1     83      1     80      1      53     2.8272E+02  2.109E+10  5.225E-03  1.067E+01
     448      1     83      1     81      1      53     2.3723E+02  9.289E+09  1.000E-30  6.695E+00
     451      1     84      1     75      1      53     7.7945E+02  1.780E+11  1.000E-30  2.959E+01
     452      1     84      1     79      1      53     3.0001E+02  6.107E+10  1.000E-30  1.708E+01
     455      1     84      1     83      1      53     1.0851E+01  1.781E+06  1.000E-30  1.123E+01
     457      1     85      1     75      1      53     8.2063E+02  2.886E+11  3.853E-04  2.677E+01
     459      1     85      1     77      1      53     6.6185E+02  9.923E+09  1.000E-30  1.841E+00
     460      1     85      1     79      1      53     3.4119E+02  8.825E+10  3.073E-03  1.432E+01
     463      1     85      1     82      1      53     1.8630E+02  1.541E+09  1.000E-30  1.272E+00
     464      1     85      1     83      1      53     5.2031E+01  6.634E+08  1.159E-02  8.160E+00
     467      1     86      1     77      1      53     6.7729E+02  2.201E+12  1.978E-02  3.121E+00
     470      1     86      1     82      1      53     2.0174E+02  3.942E+10  3.506E-02  1.219E+00
     473      1     87      1     78      1      53     5.1236E+02  1.069E+12  3.077E-02  1.778E+00
     475      1     87      1     86      1      53     4.5782E+01  8.500E+07  9.505E-03  6.222E-01
     477      1     88      1     76      1      53     8.6948E+02  5.797E+11  1.350E-03  7.751E+00
     479      1     88      1     78      1      53     5.5466E+02  1.160E+09  1.000E-30  1.261E+00
     481      1     88      1     81      1      53     3.9278E+02  2.589E+11  1.339E-02  3.855E+00
     484      1     88      1     85      1      53     1.0351E+02  9.644E+09  5.861E-02  1.907E+00
     485      1     88      1     86      1      53     8.8076E+01  4.826E+07  1.000E-30  4.561E-01
     487      1     89      1     74      1      53     9.5869E+02  9.517E+10  8.265E-04  7.751E+00
     488      1     89      1     76      1      53     9.0192E+02  3.281E+10  1.000E-30  4.786E+00
     490      1     89      1     80      1      53     4.7071E+02  2.731E+10  2.135E-03  7.284E+00
     491      1     89      1     81      1      53     4.2522E+02  1.222E+10  1.000E-30  3.748E+00
     494      1     89      1     84      1      53     1.7714E+02  5.470E+09  8.262E-03  7.144E+00
     495      1     89      1     85      1      53     1.3596E+02  2.043E+09  1.000E-30  4.593E+00
     497      1     90      1     75      1      53     9.7022E+02  1.396E+11  1.000E-30  2.960E+01
     498      1     90      1     79      1      53     4.9078E+02  5.819E+10  1.000E-30  1.709E+01
     501      1     90      1     83      1      53     2.0163E+02  2.358E+10  1.000E-30  1.073E+01
     504      1     90      1     89      1      53     1.3639E+01  3.042E+06  1.000E-30  3.875E+00
     505      1     91      1     75      1      53     1.0099E+03  2.329E+11  1.614E-04  2.768E+01
     506      1     91      1     77      1      53     8.5110E+02  7.991E+09  1.000E-30  2.616E+00
     507      1     91      1     79      1      53     5.3043E+02  8.482E+10  7.375E-04  1.523E+01
     510      1     91      1     82      1      53     3.7555E+02  3.017E+09  1.000E-30  9.519E-01
     511      1     91      1     83      1      53     2.4127E+02  3.526E+10  5.632E-03  8.878E+00
     515      1     91      1     88      1      53     8.5729E+01  1.579E+08  1.000E-30  9.176E-01
     516      1     91      1     89      1      53     5.3287E+01  1.247E+09  3.136E-02  5.428E+00
     518      1     92      1     74      1      53     1.0879E+03  7.705E+10  5.918E-04  5.996E+00
     519      1     92      1     76      1      53     1.0312E+03  2.522E+10  1.000E-30  5.575E+00
     520      1     92      1     80      1      53     5.9995E+02  2.551E+10  1.323E-03  5.298E+00
     521      1     92      1     81      1      53     5.5446E+02  1.095E+10  1.000E-30  2.781E+00
     523      1     92      1     84      1      53     3.0638E+02  8.052E+09  3.268E-03  5.094E+00
     524      1     92      1     85      1      53     2.6520E+02  3.722E+09  1.000E-30  2.754E+00
     527      1     92      1     90      1      53     1.1560E+02  1.565E+09  1.219E-02  5.015E+00
     528      1     92      1     91      1      53     7.5952E+01  3.644E+08  1.000E-30  3.303E+00
     529      1     93      1     75      1      53     1.1014E+03  1.073E+11  1.000E-30  2.962E+01
     530      1     93      1     79      1      53     6.2192E+02  4.841E+10  1.000E-30  1.710E+01
     531      1     93      1     83      1      53     3.3276E+02  2.286E+10  1.000E-30  1.075E+01
     534      1     93      1     89      1      53     1.4478E+02  1.085E+10  1.000E-30  7.220E+00
     537      1     93      1     92      1      53     1.5538E+01  1.273E+07  1.000E-30  5.261E+00
     538      1     94      1     76      1      53     1.0597E+03  4.244E+11  5.109E-04  8.277E+00
     539      1     94      1     78      1      53     7.4491E+02  1.011E+09  1.000E-30  1.755E+00
     541      1     94      1     81      1      53     5.8303E+02  1.941E+11  2.673E-03  4.355E+00
     544      1     94      1     85      1      53     2.9377E+02  1.240E+11  2.524E-02  2.381E+00
     545      1     94      1     86      1      53     2.7833E+02  3.412E+08  1.000E-30  6.221E-01
     549      1     94      1     91      1      53     1.0453E+02  1.604E+10  1.563E-01  1.295E+00
     552      1     95      1     77      1      53     9.6122E+02  1.107E+12  2.878E-03  3.680E+00
     555      1     95      1     82      1      53     4.8567E+02  8.743E+11  3.911E-02  1.747E+00
     558      1     95      1     87      1      53     2.3815E+02  5.189E+08  1.000E-30  2.601E-01
     559      1     95      1     88      1      53     1.9586E+02  6.971E+10  1.156E-01  7.895E-01
     561      1     95      1     94      1      53     5.5996E+00  1.224E+04  1.769E-03  3.345E-01
     562      1     96      1     75      1      53     1.1409E+03  1.828E+11  8.598E-05  2.827E+01
     563      1     96      1     77      1      53     9.8211E+02  6.132E+09  1.000E-30  3.193E+00
     564      1     96      1     79      1      53     6.6145E+02  7.171E+10  3.106E-04  1.576E+01
     565      1     96      1     82      1      53     5.0657E+02  2.956E+09  1.000E-30  1.317E+00
     566      1     96      1     83      1      53     3.7229E+02  3.240E+10  1.321E-03  9.404E+00
     569      1     96      1     88      1      53     2.1675E+02  7.713E+08  1.000E-30  6.020E-01
     570      1     96      1     89      1      53     1.8430E+02  1.825E+10  9.887E-03  5.909E+00
     573      1     96      1     92      1      53     5.5065E+01  2.206E+09  7.579E-02  3.815E+00
     575      1     96      1     94      1      53     2.6491E+01  2.770E+06  1.000E-30  6.968E-01
     578      1     97      1     78      1      53     7.9354E+02  4.791E+11  2.933E-03  2.160E+00
     580      1     97      1     86      1      53     3.2696E+02  2.536E+11  5.230E-02  9.830E-01
     584      1     97      1     95      1      53     4.3029E+01  1.882E+08  4.033E-02  4.065E-01
     585      1     98      1     74      1      53     1.1808E+03  6.145E+10  4.387E-04  5.043E+00
     586      1     98      1     76      1      53     1.1240E+03  1.942E+10  1.000E-30  6.429E+00
     587      1     98      1     80      1      53     6.9278E+02  2.191E+10  9.519E-04  4.108E+00
     588      1     98      1     81      1      53     6.4729E+02  9.071E+09  1.000E-30  2.924E+00
     589      1     98      1     84      1      53     3.9921E+02  8.108E+09  1.984E-03  3.815E+00
     590      1     98      1     85      1      53     3.5803E+02  3.799E+09  1.000E-30  1.911E+00
     592      1     98      1     90      1      53     2.0843E+02  2.682E+09  4.738E-03  3.722E+00
     593      1     98      1     91      1      53     1.6878E+02  1.106E+09  1.000E-30  2.106E+00
     595      1     98      1     93      1      53     7.7294E+01  4.706E+08  1.685E-02  3.673E+00
     597      1     98      1     96      1      53     3.7767E+01  3.758E+07  1.000E-30  2.467E+00
     598      1     99      1     75      1      53     1.1956E+03  8.299E+10  1.000E-30  2.963E+01
     599      1     99      1     79      1      53     7.1611E+02  3.884E+10  1.000E-30  1.712E+01
     600      1     99      1     83      1      53     4.2696E+02  1.955E+10  1.000E-30  1.076E+01
     601      1     99      1     89      1      53     2.3897E+02  1.035E+10  1.000E-30  7.235E+00
     604      1     99      1     92      1      53     1.0973E+02  5.801E+09  1.000E-30  5.084E+00
     607      1     99      1     98      1      53     1.6897E+01  3.370E+07  1.000E-30  3.918E+00
     608      1    100      1     75      1      53     1.2357E+03  1.431E+11  5.224E-05  2.867E+01
     609      1    100      1     77      1      53     1.0769E+03  4.701E+09  1.000E-30  3.586E+00
     610      1    100      1     79      1      53     7.5626E+02  5.870E+10  1.659E-04  1.616E+01
     611      1    100      1     82      1      53     6.0138E+02  2.532E+09  1.000E-30  1.666E+00
     612      1    100      1     83      1      53     4.6710E+02  2.788E+10  5.516E-04  9.803E+00
     613      1    100      1     88      1      53     3.1156E+02  9.694E+08  1.000E-30  7.534E-01
     614      1    100      1     89      1      53     2.7912E+02  1.537E+10  2.237E-03  6.257E+00
     617      1    100      1     92      1      53     1.4988E+02  1.159E+10  1.684E-02  4.138E+00
     619      1    100      1     94      1      53     1.2130E+02  1.496E+08  1.000E-30  4.438E-01
     621      1    100      1     98      1      53     5.7044E+01  3.556E+09  1.656E-01  2.806E+00
     623      1    101      1     76      1      53     1.1918E+03  3.144E+11  2.576E-04  8.546E+00
     624      1    101      1     78      1      53     8.7698E+02  7.884E+08  1.000E-30  2.075E+00
     625      1    101      1     81      1      53     7.1510E+02  1.475E+11  1.025E-03  4.670E+00
     627      1    101      1     85      1      53     4.2583E+02  8.551E+10  4.907E-03  2.689E+00
     628      1    101      1     86      1      53     4.1039E+02  4.400E+08  1.000E-30  9.043E-01
     631      1    101      1     91      1      53     2.3659E+02  7.485E+10  4.507E-02  1.584E+00
     634      1    101      1     95      1      53     1.2646E+02  5.219E+07  1.000E-30  3.612E-01
     635      1    101      1     96      1      53     1.0557E+02  2.292E+10  3.610E-01  9.383E-01
     638      1    101      1    100      1      53     1.0760E+01  1.142E+05  1.997E-03  5.460E-01
     639      1    102      1     77      1      53     1.1469E+03  6.693E+11  9.389E-04  4.006E+00
     641      1    102      1     82      1      53     6.7131E+02  4.524E+11  6.187E-03  2.066E+00
     644      1    102      1     87      1      53     4.2378E+02  4.522E+08  1.000E-30  4.771E-01
     645      1    102      1     88      1      53     3.8149E+02  4.609E+11  7.104E-02  1.090E+00
     647      1    102      1     94      1      53     1.9123E+02  9.818E+10  2.995E-01  5.515E-01
     650      1    102      1     97      1      53     1.4260E+02  2.770E+08  1.000E-30  1.797E-01
     652      1    102      1    101      1      53     5.9168E+01  1.755E+07  2.618E-03  2.740E-01
     653      1    103      1     76      1      53     1.2875E+03  2.383E+11  1.501E-04  8.818E+00
     654      1    103      1     78      1      53     9.7272E+02  6.048E+08  1.000E-30  2.289E+00
     655      1    103      1     81      1      53     8.1083E+02  1.141E+11  5.201E-04  4.884E+00
     656      1    103      1     85      1      53     5.2157E+02  6.505E+10  1.881E-03  2.896E+00
     657      1    103      1     86      1      53     5.0613E+02  4.159E+08  1.000E-30  1.112E+00
     659      1    103      1     91      1      53     3.3233E+02  4.651E+10  8.494E-03  1.791E+00
     662      1    103      1     95      1      53     2.2220E+02  1.134E+08  1.000E-30  5.335E-01
     663      1    103      1     96      1      53     2.0131E+02  5.413E+10  7.745E-02  1.127E+00
     665      1    103      1    100      1      53     1.0650E+02  2.853E+10  7.414E-01  7.170E-01
     667      1    103      1    102      1      53     3.6571E+01  1.639E+06  1.000E-30  2.491E-01
     668      1    104      1     78      1      53     9.7661E+02  2.617E+11  7.780E-04  2.382E+00
     670      1    104      1     86      1      53     5.1003E+02  1.727E+11  7.233E-03  1.198E+00
     674      1    104      1     95      1      53     2.2610E+02  7.976E+10  8.279E-02  6.128E-01
     677      1    104      1    102      1      53     4.0464E+01  2.854E+08  1.130E-01  2.912E-01
     679      1    105      1     77      1      53     1.2750E+03  4.415E+11  4.290E-04  4.205E+00
     680      1    105      1     82      1      53     7.9944E+02  2.880E+11  2.112E-03  2.265E+00
     682      1    105      1     87      1      53     5.5191E+02  3.178E+08  1.000E-30  6.697E-01
     683      1    105      1     88      1      53     5.0962E+02  2.323E+11  1.179E-02  1.282E+00
     685      1    105      1     94      1      53     3.1936E+02  2.900E+11  1.195E-01  7.344E-01
     688      1    105      1     97      1      53     2.7073E+02  3.402E+08  1.000E-30  2.825E-01
     690      1    105      1    101      1      53     1.8730E+02  1.175E+11  6.542E-01  4.185E-01
     692      1    105      1    103      1      53     9.1560E+01  2.833E+07  1.294E-03  2.392E-01
     693      1    105      1    104      1      53     8.7667E+01  1.055E+08  1.000E-30  1.484E-01
     694      1    106      1     78      1      53     1.1024E+03  1.616E+11  3.153E-04  2.521E+00
     695      1    106      1     86      1      53     6.3583E+02  1.158E+11  2.223E-03  1.337E+00
     698      1    106      1     95      1      53     3.5190E+02  6.400E+10  1.311E-02  7.513E-01
     701      1    106      1    102      1      53     1.6626E+02  3.108E+10  1.246E-01  4.201E-01
     704      1    106      1    105      1      53     3.8133E+01  3.570E+08  2.423E-01  2.307E-01
     705      1    107      1     77      1      53     1.3672E+03  3.086E+11  2.355E-04  4.343E+00
     706      1    107      1     82      1      53     8.9170E+02  1.979E+11  9.850E-04  2.403E+00
     707      1    107      1     87      1      53     6.4417E+02  2.246E+08  1.000E-30  8.061E-01
     708      1    107      1     88      1      53     6.0188E+02  1.470E+11  4.037E-03  1.420E+00
     710      1    107      1     94      1      53     4.1162E+02  1.420E+11  2.029E-02  8.722E-01
     712      1    107      1     97      1      53     3.6299E+02  2.777E+08  1.000E-30  4.094E-01
     714      1    107      1    101      1      53     2.7956E+02  2.100E+11  1.877E-01  5.447E-01
     716      1    107      1    103      1      53     1.8382E+02  1.250E+11  1.202E+00  3.475E-01
     717      1    107      1    104      1      53     1.7993E+02  1.855E+08  1.000E-30  1.990E-01
     719      1    107      1    106      1      53     5.4126E+01  3.298E+07  1.000E-30  1.422E-01
     720      1    108      1     78      1      53     1.1926E+03  1.077E+11  1.602E-04  2.611E+00
     721      1    108      1     86      1      53     7.2599E+02  8.080E+10  9.712E-04  1.434E+00
     723      1    108      1     95      1      53     4.4206E+02  4.760E+10  4.327E-03  8.412E-01
     725      1    108      1    102      1      53     2.5642E+02  2.664E+10  2.094E-02  5.126E-01
     728      1    108      1    105      1      53     1.2829E+02  1.427E+10  1.716E-01  3.194E-01
     730      1    108      1    107      1      53     3.6034E+01  4.557E+08  4.181E-01  2.052E-01
     731      1    110      1    109      1      53     1.0325E+02  4.818E+08  1.000E-30  3.596E+02
     732      1    111      1    109      1      53     6.2828E+02  1.221E+11  9.058E-06  4.025E+02
     733      1    114      1    113      1      54     7.1415E+00  1.470E+03  1.000E-30  3.826E-04
     735      1    115      1    114      1      54     4.2027E+02  9.029E+09  2.715E-01  1.807E-02
     736      1    117      1    116      1      54     8.2284E+01  2.479E+07  2.926E+00  3.949E-03
     737      1    118      1    117      1      54     6.5579E+01  3.449E+07  2.440E-05  9.899E+01
     739      1    120      1    119      1      54     2.7707E+01  1.414E+06  4.590E+00  2.666E-03
     740      1    121      1    120      1      54     3.4184E+01  1.087E+07  1.523E-04  3.527E+01
     743      1    122      1    121      1      54     1.1729E+01  9.500E+04  6.947E-05  1.004E+01
     745      1    124      1    119      1      54     9.4819E+02  7.235E+11  1.609E-03  3.130E+01
     746      1    124      1    121      1      54     8.8629E+02  2.309E+11  1.000E-30  1.765E+01
     747      1    123      1    120      1      54     9.0352E+02  8.427E+11  1.000E-30  5.145E+01
     749      1    124      1    123      1      54     1.6956E+01  9.388E+05  1.001E+00  1.452E-02
     750      1    125      1    120      1      54     9.3511E+02  1.529E+12  8.603E-04  4.297E+01
     753      1    125      1    122      1      54     8.8920E+02  5.626E+10  1.000E-30  3.383E+00
     754      1    125      1    124      1      54     1.4632E+01  9.989E+05  2.820E-04  2.233E+01
     757      1    126      1    121      1      54     9.0719E+02  2.577E+12  2.743E-03  1.495E+01
     759      1    126      1    125      1      54     6.2624E+00  2.750E+04  2.564E-04  5.176E+00
     761      1    127      1    122      1      54     9.0472E+02  4.261E+12  7.209E-03  6.828E+00
     763      1    127      1    126      1      54     9.2648E+00  3.295E+04  1.722E-04  2.038E+00
     765      1    129      1    121      1      54     1.3816E+03  1.790E+11  1.000E-30  9.919E+00
     767      1    129      1    123      1      54     5.1224E+02  1.258E+11  3.075E-03  1.809E+01
     768      1    129      1    125      1      54     4.8065E+02  6.203E+10  1.000E-30  1.080E+01
     770      1    128      1    120      1      54     1.4063E+03  7.062E+11  1.000E-30  5.131E+01
     772      1    128      1    124      1      54     4.8585E+02  1.811E+11  1.000E-30  3.176E+01
     775      1    129      1    128      1      54     9.4325E+00  1.862E+05  1.097E+00  1.533E-02
     777      1    130      1    120      1      54     1.4246E+03  9.024E+11  1.724E-03  3.583E+00
     779      1    130      1    122      1      54     1.3787E+03  3.745E+10  1.000E-30  4.621E+00
     780      1    130      1    124      1      54     5.0408E+02  2.397E+11  1.379E-03  2.684E+01
     783      1    130      1    126      1      54     4.8319E+02  2.311E+10  1.000E-30  2.043E+00
     785      1    130      1    129      1      54     8.7978E+00  2.861E+05  6.405E-04  1.297E+01
     788      1    131      1    121      1      54     1.3942E+03  1.976E+12  5.132E-04  1.685E+01
     790      1    131      1    125      1      54     4.9329E+02  3.877E+11  5.224E-03  7.384E+00
     791      1    131      1    127      1      54     4.7777E+02  6.213E+09  1.000E-30  7.926E-01
     793      1    131      1    130      1      54     3.8408E+00  9.422E+03  6.558E-04  3.008E+00
     795      1    132      1    122      1      54     1.3904E+03  2.101E+12  8.275E-04  8.004E+00
     797      1    132      1    126      1      54     4.9497E+02  6.086E+11  1.295E-02  3.344E+00
     799      1    132      1    131      1      54     7.9348E+00  3.830E+04  5.474E-04  1.187E+00
     800      1    133      1    127      1      54     4.8686E+02  8.419E+11  2.641E-02  1.890E+00
     801      1    133      1    132      1      54     1.1594E+00  3.407E+01  2.403E-04  5.990E-01
     802      1    134      1    124      1      54     7.8763E+02  1.728E+11  1.000E-30  3.167E+01
     804      1    134      1    129      1      54     2.9235E+02  5.084E+10  1.000E-30  1.834E+01
     808      1    135      1    123      1      54     8.1021E+02  1.345E+11  1.309E-03  1.146E+01
     809      1    135      1    125      1      54     7.7862E+02  5.539E+10  1.000E-30  9.997E+00
     811      1    135      1    128      1      54     3.0740E+02  2.967E+10  5.363E-03  1.137E+01
     812      1    135      1    130      1      54     2.8917E+02  1.946E+10  1.000E-30  5.778E+00
     814      1    135      1    134      1      54     5.6221E+00  8.678E+04  9.624E-03  3.050E+00
     815      1    136      1    124      1      54     7.9909E+02  2.506E+11  3.065E-04  3.165E+01
     818      1    136      1    126      1      54     7.7820E+02  1.830E+10  1.000E-30  4.959E+00
     819      1    136      1    129      1      54     3.0380E+02  5.414E+10  2.088E-03  1.830E+01
     822      1    136      1    131      1      54     2.9116E+02  8.862E+09  1.000E-30  2.874E+00
     825      1    136      1    135      1      54     5.8334E+00  1.049E+05  1.271E-03  8.221E+00
     827      1    137      1    125      1      54     7.8707E+02  3.750E+11  9.120E-04  1.000E+01
     828      1    137      1    127      1      54     7.7154E+02  4.190E+09  1.000E-30  2.989E+00
     830      1    137      1    130      1      54     2.9761E+02  8.334E+10  6.530E-03  5.793E+00
     831      1    137      1    132      1      54     2.8584E+02  3.496E+09  1.000E-30  1.731E+00
     833      1    137      1    136      1      54     2.6080E+00  3.907E+03  1.383E-03  1.891E+00
     835      1    138      1    126      1      54     7.8806E+02  4.834E+11  1.688E-03  4.962E+00
     837      1    138      1    131      1      54     3.0103E+02  1.291E+11  1.422E-02  2.876E+00
     838      1    138      1    133      1      54     2.9194E+02  1.131E+09  1.000E-30  1.159E+00
     840      1    138      1    137      1      54     7.2571E+00  4.132E+04  1.218E-03  7.524E-01
     841      1    139      1    127      1      54     7.7953E+02  4.298E+11  2.003E-03  2.990E+00
     842      1    139      1    132      1      54     2.9383E+02  1.647E+11  2.560E-02  1.733E+00
     843      1    139      1    138      1      54     7.3047E-01  1.592E+01  7.054E-04  3.813E-01
     844      1    140      1    133      1      54     2.9317E+02  2.224E+11  4.375E-02  1.156E+00
     845      1    140      1    139      1      54     5.0455E-01  1.994E+00  3.736E-04  2.232E-01
     846      1    141      1    124      1      54     9.8280E+02  1.376E+11  1.000E-30  3.165E+01
     847      1    141      1    129      1      54     4.8751E+02  5.299E+10  1.000E-30  1.828E+01
     851      1    141      1    135      1      54     1.8954E+02  1.699E+10  1.000E-30  1.150E+01
     853      1    142      1    123      1      54     1.0032E+03  1.128E+11  8.617E-04  7.689E+00
     854      1    142      1    125      1      54     9.7165E+02  4.207E+10  1.000E-30  1.001E+01
     856      1    142      1    128      1      54     5.0043E+02  3.467E+10  2.142E-03  7.669E+00
     857      1    142      1    130      1      54     4.8220E+02  1.916E+10  1.000E-30  5.798E+00
     859      1    142      1    134      1      54     1.9865E+02  8.696E+09  8.768E-03  7.593E+00
     861      1    142      1    136      1      54     1.8719E+02  6.970E+09  1.000E-30  4.870E+00
     863      1    142      1    141      1      54     3.4847E+00  2.251E+04  1.684E-02  1.919E+00
     864      1    143      1    124      1      54     9.9046E+02  2.085E+11  1.339E-04  3.164E+01
     865      1    143      1    126      1      54     9.6956E+02  1.302E+10  1.000E-30  4.971E+00
     866      1    143      1    129      1      54     4.9517E+02  6.243E+10  5.558E-04  1.828E+01
     869      1    143      1    131      1      54     4.8253E+02  7.944E+09  1.000E-30  2.887E+00
     872      1    143      1    135      1      54     1.9720E+02  1.542E+10  4.220E-03  9.452E+00
     874      1    143      1    137      1      54     1.8876E+02  3.586E+09  1.000E-30  9.877E-01
     877      1    143      1    142      1      54     4.1712E+00  4.552E+04  2.268E-03  5.476E+00
     878      1    144      1    125      1      54     9.7774E+02  2.962E+11  3.750E-04  1.002E+01
     879      1    144      1    127      1      54     9.6221E+02  2.714E+09  1.000E-30  3.002E+00
     881      1    144      1    130      1      54     4.8829E+02  9.224E+10  1.621E-03  5.801E+00
     882      1    144      1    132      1      54     4.7651E+02  2.830E+09  1.000E-30  1.744E+00
     884      1    144      1    136      1      54     1.9328E+02  2.264E+10  1.485E-02  2.557E+00
     885      1    144      1    138      1      54     1.8342E+02  1.636E+09  1.000E-30  3.476E-01
     887      1    144      1    143      1      54     1.9160E+00  1.936E+03  2.559E-03  1.279E+00
     888      1    145      1    126      1      54     9.7835E+02  3.407E+11  6.198E-04  4.973E+00
     890      1    145      1    131      1      54     4.9132E+02  1.259E+11  3.124E-03  2.887E+00
     891      1    145      1    133      1      54     4.8223E+02  7.321E+08  1.000E-30  1.171E+00
     893      1    145      1    137      1      54     1.9755E+02  3.449E+10  3.486E-02  1.142E+00
     894      1    145      1    139      1      54     1.8956E+02  8.354E+08  1.000E-30  1.768E-01
     896      1    145      1    144      1      54     6.8766E+00  4.477E+04  2.260E-03  5.165E-01
     897      1    146      1    127      1      54     9.6958E+02  2.448E+11  5.900E-04  3.000E+00
     898      1    146      1    132      1      54     4.8388E+02  1.356E+11  4.544E-03  1.743E+00
     899      1    146      1    138      1      54     1.9078E+02  3.981E+10  6.437E-02  6.406E-01
     900      1    146      1    140      1      54     1.8955E+02  2.561E+08  1.000E-30  1.165E-01
     901      1    146      1    145      1      54     4.8959E-01  6.804E+00  1.413E-03  2.687E-01
     902      1    147      1    133      1      54     4.8306E+02  1.137E+11  4.681E-03  1.167E+00
     903      1    147      1    139      1      54     1.9039E+02  5.040E+10  1.114E-01  4.082E-01
     904      1    147      1    146      1      54     3.3818E-01  1.133E+00  9.815E-04  1.611E-01
     905      1    148      1    140      1      54     1.9013E+02  6.188E+10  1.822E-01  2.811E-01
     906      1    148      1    147      1      54     2.4746E-01  1.762E-01  5.054E-04  1.047E-01
     907      1    149      1    124      1      54     1.1162E+03  1.062E+11  1.000E-30  3.164E+01
     908      1    149      1    129      1      54     6.2092E+02  4.499E+10  1.000E-30  1.828E+01
     910      1    149      1    135      1      54     3.2295E+02  1.893E+10  1.000E-30  1.151E+01
     913      1    149      1    142      1      54     1.2992E+02  6.492E+09  1.000E-30  7.731E+00
     915      1    150      1    123      1      54     1.1354E+03  9.000E+10  6.728E-04  5.421E+00
     916      1    150      1    125      1      54     1.1038E+03  3.161E+10  1.000E-30  1.003E+01
     917      1    150      1    128      1      54     6.3256E+02  3.116E+10  1.352E-03  5.401E+00
     918      1    150      1    130      1      54     6.1433E+02  1.571E+10  1.000E-30  5.812E+00
     919      1    150      1    134      1      54     3.3078E+02  1.087E+10  3.316E-03  5.383E+00
     921      1    150      1    136      1      54     3.1933E+02  7.461E+09  1.000E-30  2.909E+00
     923      1    150      1    141      1      54     1.3562E+02  2.979E+09  1.346E-02  5.360E+00
     925      1    150      1    143      1      54     1.2796E+02  2.788E+09  1.000E-30  3.508E+00
     927      1    150      1    149      1      54     2.2069E+00  5.988E+03  2.858E-02  1.203E+00
     928      1    151      1    124      1      54     1.1216E+03  1.650E+11  7.306E-05  3.162E+01
     929      1    151      1    126      1      54     1.1007E+03  9.355E+09  1.000E-30  4.985E+00
     930      1    151      1    129      1      54     6.2630E+02  5.584E+10  2.457E-04  1.827E+01
     931      1    151      1    131      1      54     6.1366E+02  6.134E+09  1.000E-30  2.900E+00
     933      1    151      1    135      1      54     3.2833E+02  1.905E+10  1.060E-03  1.004E+01
     935      1    151      1    137      1      54     3.1989E+02  3.531E+09  1.000E-30  6.429E-01
     937      1    151      1    142      1      54     1.3530E+02  5.189E+09  6.645E-03  6.289E+00
     939      1    151      1    144      1      54     1.2921E+02  1.555E+09  1.000E-30  7.403E-01
     941      1    151      1    150      1      54     3.1681E+00  2.339E+04  3.803E-03  3.837E+00
     942      1    152      1    125      1      54     1.1084E+03  2.266E+11  1.966E-04  1.003E+01
     943      1    152      1    127      1      54     1.0929E+03  1.833E+09  1.000E-30  3.014E+00
     944      1    152      1    130      1      54     6.1900E+02  8.000E+10  6.881E-04  5.815E+00
     945      1    152      1    132      1      54     6.0722E+02  2.043E+09  1.000E-30  1.756E+00
     947      1    152      1    136      1      54     3.2399E+02  2.765E+10  3.346E-03  2.890E+00
     948      1    152      1    138      1      54     3.1413E+02  1.524E+09  1.000E-30  3.745E-01
     950      1    152      1    143      1      54     1.3263E+02  7.351E+09  2.269E-02  1.701E+00
     951      1    152      1    145      1      54     1.2383E+02  7.512E+08  1.000E-30  2.744E-01
     953      1    152      1    151      1      54     1.4980E+00  1.076E+03  4.138E-03  9.210E-01
     954      1    153      1    126      1      54     1.1088E+03  2.430E+11  3.028E-04  4.984E+00
     955      1    153      1    131      1      54     6.2180E+02  1.013E+11  1.232E-03  2.900E+00
     956      1    153      1    133      1      54     6.1271E+02  4.651E+08  1.000E-30  1.182E+00
     958      1    153      1    137      1      54     3.2803E+02  3.872E+10  6.941E-03  1.352E+00
     959      1    153      1    139      1      54     3.2004E+02  6.419E+08  1.000E-30  2.839E-01
     961      1    153      1    144      1      54     1.3736E+02  1.133E+10  5.199E-02  7.652E-01
     962      1    153      1    146      1      54     1.2999E+02  4.926E+08  1.000E-30  1.413E-01
     963      1    153      1    152      1      54     6.6466E+00  4.857E+04  3.660E-03  3.845E-01
     964      1    154      1    127      1      54     1.0999E+03  1.542E+11  2.534E-04  3.012E+00
     965      1    154      1    132      1      54     6.1421E+02  9.706E+10  1.576E-03  1.754E+00
     966      1    154      1    138      1      54     3.2112E+02  4.286E+10  1.101E-02  7.869E-01
     967      1    154      1    140      1      54     3.1988E+02  1.604E+08  1.000E-30  2.250E-01
     968      1    154      1    145      1      54     1.3082E+02  1.196E+10  9.162E-02  4.324E-01
     969      1    154      1    147      1      54     1.3000E+02  2.274E+08  1.000E-30  9.156E-02
     970      1    154      1    153      1      54     3.4390E-01  3.018E+00  2.341E-03  2.087E-01
     971      1    155      1    133      1      54     6.1329E+02  6.403E+10  1.272E-03  1.178E+00
     972      1    155      1    139      1      54     3.2062E+02  4.496E+10  1.454E-02  5.160E-01
     973      1    155      1    146      1      54     1.3057E+02  1.451E+10  1.513E-01  2.785E-01
     974      1    155      1    148      1      54     1.2999E+02  7.052E+07  1.000E-30  6.896E-02
     975      1    155      1    154      1      54     2.3759E-01  5.603E-01  1.702E-03  1.312E-01
     976      1    156      1    124      1      54     1.2114E+03  8.190E+10  1.000E-30  3.163E+01
     977      1    156      1    129      1      54     7.1613E+02  3.642E+10  1.000E-30  1.828E+01
     978      1    156      1    135      1      54     4.1816E+02  1.690E+10  1.000E-30  1.153E+01
     980      1    156      1    142      1      54     2.2513E+02  7.629E+09  1.000E-30  7.745E+00
     983      1    156      1    150      1      54     9.3002E+01  2.769E+09  1.000E-30  5.453E+00
     985      1    157      1    123      1      54     1.2298E+03  7.110E+10  5.696E-04  3.981E+00
     986      1    157      1    125      1      54     1.1982E+03  2.390E+10  1.000E-30  1.004E+01
     987      1    157      1    128      1      54     7.2695E+02  2.617E+10  1.020E-03  3.961E+00
     988      1    157      1    130      1      54     7.0872E+02  1.243E+10  1.000E-30  5.825E+00
     989      1    157      1    134      1      54     4.2517E+02  1.032E+10  2.019E-03  3.949E+00
     990      1    157      1    136      1      54     4.1371E+02  6.457E+09  1.000E-30  2.027E+00
     991      1    157      1    141      1      54     2.3000E+02  3.961E+09  4.922E-03  3.939E+00
     993      1    157      1    143      1      54     2.2235E+02  3.169E+09  1.000E-30  2.222E+00
     995      1    157      1    149      1      54     9.6594E+01  1.151E+09  1.983E-02  3.928E+00
     997      1    157      1    151      1      54     9.1219E+01  1.213E+09  1.000E-30  2.621E+00
     999      1    157      1    156      1      54     1.3856E+00  1.487E+03  4.696E-02  7.500E-01
    1000      1    158      1    124      1      54     1.2153E+03  1.294E+11  4.499E-05  3.164E+01
    1001      1    158      1    126      1      54     1.1944E+03  6.870E+09  1.000E-30  4.999E+00
    1002      1    158      1    129      1      54     7.2004E+02  4.665E+10  1.350E-04  1.828E+01
    1003      1    158      1    131      1      54     7.0740E+02  4.671E+09  1.000E-30  2.914E+00
    1004      1    158      1    135      1      54     4.2207E+02  1.801E+10  4.532E-04  1.044E+01
    1005      1    158      1    137      1      54     4.1363E+02  2.911E+09  1.000E-30  8.032E-01
    1007      1    158      1    142      1      54     2.2904E+02  6.783E+09  1.678E-03  6.656E+00
    1009      1    158      1    144      1      54     2.2296E+02  1.652E+09  1.000E-30  4.713E-01
    1011      1    158      1    150      1      54     9.6914E+01  1.996E+09  9.988E-03  4.402E+00
    1012      1    158      1    152      1      54     9.2248E+01  7.189E+08  1.000E-30  5.858E-01
    1014      1    158      1    157      1      54     2.5273E+00  1.373E+04  6.042E-03  2.807E+00
    1015      1    159      1    125      1      54     1.2019E+03  1.738E+11  1.181E-04  1.004E+01
    1016      1    159      1    127      1      54     1.1864E+03  1.291E+09  1.000E-30  3.029E+00
    1017      1    159      1    130      1      54     7.1248E+02  6.548E+10  3.682E-04  5.828E+00
    1018      1    159      1    132      1      54     7.0070E+02  1.477E+09  1.000E-30  1.770E+00
    1019      1    159      1    136      1      54     4.1747E+02  2.567E+10  1.347E-03  3.109E+00
    1020      1    159      1    138      1      54     4.0761E+02  1.197E+09  1.000E-30  5.569E-01
    1022      1    159      1    143      1      54     2.2610E+02  9.630E+09  5.202E-03  1.914E+00
    1023      1    159      1    145      1      54     2.1731E+02  7.900E+08  1.000E-30  2.505E-01
    1025      1    159      1    151      1      54     9.4977E+01  2.730E+09  3.286E-02  1.204E+00
    1026      1    159      1    153      1      54     8.6832E+01  3.491E+08  1.000E-30  2.344E-01
    1028      1    159      1    158      1      54     1.2307E+00  6.759E+02  6.163E-03  7.002E-01
    1029      1    160      1    126      1      54     1.2022E+03  1.779E+11  1.734E-04  4.998E+00
    1030      1    160      1    131      1      54     7.1513E+02  7.887E+10  6.274E-04  2.913E+00
    1031      1    160      1    133      1      54     7.0604E+02  3.124E+08  1.000E-30  1.195E+00
    1032      1    160      1    137      1      54     4.2136E+02  3.411E+10  2.592E-03  1.494E+00
    1033      1    160      1    139      1      54     4.1337E+02  4.509E+08  1.000E-30  4.158E-01
    1035      1    160      1    144      1      54     2.3069E+02  1.381E+10  1.074E-02  9.003E-01
    1036      1    160      1    146      1      54     2.2332E+02  4.249E+08  1.000E-30  1.905E-01
    1037      1    160      1    152      1      54     9.9979E+01  4.332E+09  7.314E-02  5.510E-01
    1038      1    160      1    154      1      54     9.2988E+01  2.768E+08  1.000E-30  1.304E-01
    1039      1    160      1    159      1      54     6.4994E+00  5.263E+04  5.243E-03  3.109E-01
    1040      1    161      1    127      1      54     1.1932E+03  1.040E+11  1.334E-04  3.024E+00
    1041      1    161      1    132      1      54     7.0745E+02  7.004E+10  7.381E-04  1.767E+00
    1042      1    161      1    138      1      54     4.1436E+02  3.569E+10  3.754E-03  8.832E-01
    1043      1    161      1    140      1      54     4.1312E+02  9.978E+07  1.000E-30  3.219E-01
    1044      1    161      1    145      1      54     2.2406E+02  1.504E+10  1.695E-02  5.306E-01
    1045      1    161      1    147      1      54     2.2323E+02  1.684E+08  1.000E-30  1.551E-01
    1046      1    161      1    153      1      54     9.3583E+01  4.105E+09  1.204E-01  3.203E-01
    1047      1    161      1    155      1      54     9.3001E+01  1.534E+08  1.000E-30  8.862E-02
    1048      1    161      1    160      1      54     2.5061E-01  1.402E+00  3.215E-03  1.809E-01
    1049      1    162      1    133      1      54     7.0646E+02  4.017E+10  5.161E-04  1.190E+00
    1050      1    162      1    139      1      54     4.1380E+02  3.250E+10  4.191E-03  5.915E-01
    1051      1    162      1    146      1      54     2.2375E+02  1.686E+10  2.382E-02  3.527E-01
    1052      1    162      1    148      1      54     2.2316E+02  4.258E+07  1.000E-30  1.290E-01
    1053      1    162      1    154      1      54     9.3412E+01  4.865E+09  1.890E-01  2.131E-01
    1054      1    162      1    161      1      54     1.7317E-01  2.771E-01  2.270E-03  1.227E-01
    1381      1    165      1    164      1       1     1.0199E+01  1.007E+06  6.966E-02  9.786E-02
    1384      1    167      1    164      1       1     1.0199E+01  1.899E+06  1.393E-01  9.786E-02
    1387      1    169      1    164      1       1     1.2088E+01  1.386E+05  2.053E-02  2.136E-01
    1389      1    169      1    166      1       1     1.8887E+00  2.931E+03  1.254E-02  2.325E-01
    1392      1    168      1    165      1       1     1.8887E+00  9.274E+01  1.052E-04  8.598E-01
    1394      1    168      1    167      1       1     1.8886E+00  1.855E+02  2.104E-04  8.598E-01
    1396      1    170      1    165      1       1     1.8887E+00  4.713E+03  8.248E-03  5.614E-01
    1398      1    170      1    167      1       1     1.8887E+00  9.348E+03  1.649E-02  5.614E-01
    1399      1    172      1    164      1       1     1.2749E+01  1.582E+03  4.548E-03  3.617E-01
    1401      1    172      1    166      1       1     2.5497E+00  4.510E+01  4.479E-04  1.928E+00
    1404      1    172      1    168      1       1     6.6104E-01  3.708E+00  4.089E-05  2.948E+00
    1405      1    172      1    170      1       1     6.6103E-01  4.203E-01  5.170E-06  2.650E+00
    1407      1    171      1    165      1       1     2.5497E+00  1.336E+00  1.023E-05  2.492E+00
    1409      1    171      1    167      1       1     2.5497E+00  2.671E+00  2.045E-05  2.492E+00
    1410      1    171      1    169      1       1     6.6103E-01  7.394E-01  7.941E-06  3.035E+00
    1414      1    173      1    165      1       1     2.5497E+00  5.367E+01  5.275E-04  1.933E+00
    1416      1    173      1    167      1       1     2.5497E+00  1.074E+02  1.057E-03  1.933E+00
    1417      1    173      1    169      1       1     6.6104E-01  1.424E+01  1.866E-04  2.476E+00
    1425      1    174      1    170      1       1     6.6103E-01  3.920E+01  7.054E-04  1.800E+00
    1426      1    176      1    164      1       1     1.3054E+01  3.623E+01  1.345E-03  5.966E-01
    1428      1    176      1    166      1       1     2.8557E+00  1.144E+00  6.950E-05  5.672E+00
    1430      1    176      1    168      1       1     9.6701E-01  1.282E-01  7.706E-06  6.277E+00
    1431      1    176      1    170      1       1     9.6699E-01  1.169E-02  7.390E-07  5.979E+00
    1433      1    176      1    171      1       1     3.0597E-01  1.823E-02  2.737E-07  7.909E+00
    1434      1    176      1    173      1       1     3.0596E-01  4.660E-03  7.568E-08  7.349E+00
    1437      1    175      1    165      1       1     2.8557E+00  3.282E-02  1.914E-06  5.933E+00
    1439      1    175      1    167      1       1     2.8556E+00  6.565E-02  3.829E-06  5.933E+00
    1440      1    175      1    169      1       1     9.6700E-01  2.348E-02  1.374E-06  6.476E+00
    1443      1    175      1    172      1       1     3.0596E-01  5.295E-03  7.888E-08  8.021E+00
    1447      1    177      1    165      1       1     2.8557E+00  1.219E+00  8.273E-05  5.038E+00
    1449      1    177      1    167      1       1     2.8557E+00  2.435E+00  1.652E-04  5.038E+00
    1450      1    177      1    169      1       1     9.6700E-01  4.444E-01  2.982E-05  5.581E+00
    1453      1    177      1    172      1       1     3.0597E-01  6.180E-02  1.024E-06  7.125E+00
    1456      1    177      1    174      1       1     3.0596E-01  2.098E-03  3.975E-08  6.276E+00
    1461      1    178      1    170      1       1     9.6699E-01  8.438E-01  6.856E-05  4.570E+00
    1463      1    178      1    173      1       1     3.0596E-01  1.519E-01  2.998E-06  5.940E+00
    1469      1    179      1    174      1       1     3.0596E-01  3.260E-01  8.473E-06  4.477E+00
    1470      1    181      1    164      1       1     1.3221E+01  1.468E+00  5.409E-04  8.349E-01
    1472      1    181      1    166      1       1     3.0219E+00  4.855E-02  1.790E-05  1.179E+01
    1473      1    181      1    168      1       1     1.1332E+00  6.087E-03  1.882E-06  1.240E+01
    1474      1    181      1    170      1       1     1.1332E+00  4.989E-04  1.584E-07  1.210E+01
    1476      1    181      1    171      1       1     4.7217E-01  1.184E-03  5.349E-08  1.403E+01
    1477      1    181      1    173      1       1     4.7216E-01  2.502E-04  1.183E-08  1.347E+01
    1480      1    181      1    175      1       1     1.6620E-01  2.275E-04  2.246E-09  1.747E+01
    1481      1    181      1    177      1       1     1.6620E-01  8.967E-05  9.442E-10  1.657E+01
    1484      1    180      1    165      1       1     3.0219E+00  1.378E-03  4.957E-07  1.219E+01
    1486      1    180      1    167      1       1     3.0218E+00  2.752E-03  9.898E-07  1.219E+01
    1487      1    180      1    169      1       1     1.1332E+00  1.067E-03  3.242E-07  1.273E+01
    1488      1    180      1    172      1       1     4.7217E-01  3.134E-04  1.406E-08  1.428E+01
    1491      1    180      1    176      1       1     1.6620E-01  8.289E-05  8.224E-10  1.761E+01
    1495      1    182      1    165      1       1     3.0219E+00  4.931E-02  1.937E-05  1.088E+01
    1497      1    182      1    167      1       1     3.0219E+00  9.890E-02  3.885E-05  1.088E+01
    1498      1    182      1    169      1       1     1.1332E+00  2.027E-02  6.690E-06  1.143E+01
    1499      1    182      1    172      1       1     4.7217E-01  3.882E-03  1.869E-07  1.297E+01
    1502      1    182      1    174      1       1     4.7216E-01  9.647E-05  5.005E-09  1.212E+01
    1503      1    182      1    176      1       1     1.6620E-01  7.118E-04  7.438E-09  1.630E+01
    1506      1    182      1    178      1       1     1.6620E-01  6.189E-05  7.208E-10  1.489E+01
    1509      1    183      1    170      1       1     1.1332E+00  3.317E-02  1.225E-05  1.001E+01
    1511      1    183      1    173      1       1     4.7216E-01  8.279E-03  4.459E-07  1.138E+01
    1513      1    183      1    177      1       1     1.6620E-01  1.640E-03  1.901E-08  1.448E+01
    1514      1    183      1    179      1       1     1.6620E-01  2.579E-05  3.488E-10  1.268E+01
    1517      1    184      1    174      1       1     4.7216E-01  1.165E-02  7.453E-07  9.367E+00
    1519      1    184      1    178      1       1     1.6620E-01  3.319E-03  4.520E-08  1.214E+01
    1521      1    185      1    179      1       1     1.6620E-01  6.191E-03  1.067E-07  9.438E+00
    1523      1    186      1    165      1       1     3.1221E+00  7.791E-05  1.567E-07  2.249E+01
    1524      1    186      1    167      1       1     3.1221E+00  1.558E-04  3.133E-07  2.249E+01
    1525      1    186      1    169      1       1     1.2334E+00  6.307E-05  9.344E-08  2.304E+01
    1526      1    186      1    172      1       1     5.7238E-01  2.031E-05  3.379E-09  2.458E+01
    1527      1    186      1    176      1       1     2.6642E-01  7.040E-06  1.217E-10  2.791E+01
    1530      1    186      1    181      1       1     1.0021E-01  2.068E-06  1.000E-30  3.403E+01
    1533      1    187      1    164      1       1     1.3321E+01  8.192E-02  2.438E-04  1.139E+00
    1534      1    187      1    166      1       1     3.1221E+00  2.785E-03  5.651E-06  2.193E+01
    1535      1    187      1    168      1       1     1.2334E+00  3.705E-04  5.519E-07  2.254E+01
    1536      1    187      1    170      1       1     1.2334E+00  2.846E-05  4.304E-08  2.224E+01
    1537      1    187      1    171      1       1     5.7238E-01  8.053E-05  1.339E-08  2.417E+01
    1538      1    187      1    173      1       1     5.7238E-01  1.534E-05  2.623E-09  2.361E+01
    1540      1    187      1    175      1       1     2.6642E-01  2.112E-05  3.616E-10  2.761E+01
    1541      1    187      1    177      1       1     2.6642E-01  7.017E-06  1.257E-10  2.672E+01
    1544      1    187      1    180      1       1     1.0022E-01  4.881E-06  1.000E-30  3.387E+01
    1545      1    187      1    182      1       1     1.0021E-01  2.545E-06  1.000E-30  3.256E+01
    1548      1    188      1    165      1       1     3.1221E+00  2.781E-03  5.799E-06  2.070E+01
    1549      1    188      1    167      1       1     3.1221E+00  5.562E-03  1.160E-05  2.070E+01
    1550      1    188      1    169      1       1     1.2334E+00  1.213E-03  1.860E-06  2.125E+01
    1551      1    188      1    172      1       1     5.7238E-01  2.612E-04  4.475E-08  2.279E+01
    1552      1    188      1    174      1       1     5.7238E-01  5.500E-06  9.855E-10  2.194E+01
    1553      1    188      1    176      1       1     2.6642E-01  6.617E-05  1.167E-09  2.612E+01
    1556      1    188      1    178      1       1     2.6642E-01  4.356E-06  8.267E-11  2.471E+01
    1558      1    188      1    181      1       1     1.0022E-01  1.460E-05  3.398E-23  3.224E+01
    1561      1    188      1    183      1       1     1.0021E-01  2.162E-06  3.074E-24  3.015E+01
    1564      1    189      1    170      1       1     1.2334E+00  1.859E-03  3.005E-06  1.934E+01
    1565      1    189      1    173      1       1     5.7238E-01  5.249E-04  9.511E-08  2.071E+01
    1567      1    189      1    177      1       1     2.6642E-01  1.444E-04  2.697E-09  2.382E+01
    1568      1    189      1    179      1       1     2.6642E-01  1.544E-06  3.186E-11  2.202E+01
    1570      1    189      1    182      1       1     1.0021E-01  3.248E-05  1.000E-30  2.966E+01
    1571      1    189      1    184      1       1     1.0021E-01  1.391E-06  1.000E-30  2.691E+01
    1573      1    190      1    174      1       1     5.7238E-01  6.248E-04  1.238E-07  1.805E+01
    1575      1    190      1    178      1       1     2.6642E-01  2.475E-04  5.071E-09  2.082E+01
    1577      1    190      1    183      1       1     1.0021E-01  6.385E-05  9.483E-23  2.626E+01
    1578      1    190      1    185      1       1     1.0021E-01  5.685E-07  6.132E-25  2.301E+01
    1580      1    191      1    179      1       1     2.6642E-01  2.969E-04  6.993E-09  1.732E+01
    1581      1    191      1    184      1       1     1.0021E-01  1.166E-04  1.505E-22  2.221E+01
    1583      1    192      1    185      1       1     1.0021E-01  2.032E-04  1.000E-30  1.773E+01
    1585      1    193      1    165      1       1     3.1872E+00  4.858E-06  5.887E-08  3.830E+01
    1586      1    193      1    167      1       1     3.1871E+00  9.716E-06  1.177E-07  3.830E+01
    1587      1    193      1    169      1       1     1.2985E+00  4.015E-06  3.301E-08  3.884E+01
    1588      1    193      1    172      1       1     6.3742E-01  1.353E-06  1.083E-09  4.039E+01
    1589      1    193      1    176      1       1     3.3146E-01  5.152E-07  3.223E-11  4.372E+01
    1590      1    193      1    181      1       1     1.6526E-01  2.005E-07  2.566E-25  4.984E+01
    1596      1    194      1    164      1       1     1.3386E+01  5.091E-03  4.859E-06  3.742E+01
    1597      1    194      1    166      1       1     3.1871E+00  1.765E-04  2.123E-06  3.755E+01
    1598      1    194      1    168      1       1     1.2985E+00  2.411E-05  1.963E-07  3.816E+01
    1599      1    194      1    170      1       1     1.2985E+00  1.790E-06  1.471E-08  3.786E+01
    1600      1    194      1    171      1       1     6.3743E-01  5.583E-06  4.407E-09  3.979E+01
    1601      1    194      1    173      1       1     6.3742E-01  9.939E-07  7.997E-10  3.923E+01
    1602      1    194      1    175      1       1     3.3146E-01  1.636E-06  1.003E-10  4.323E+01
    1603      1    194      1    177      1       1     3.3146E-01  4.958E-07  3.142E-11  4.234E+01
    1605      1    194      1    180      1       1     1.6526E-01  5.151E-07  1.000E-30  4.949E+01
    1606      1    194      1    182      1       1     1.6526E-01  2.319E-07  1.000E-30  4.818E+01
    1608      1    194      1    186      1       1     6.5044E-02  1.359E-07  4.339E-25  5.979E+01
    1613      1    195      1    165      1       1     3.1872E+00  1.765E-04  2.104E-06  3.595E+01
    1614      1    195      1    167      1       1     3.1871E+00  3.529E-04  4.209E-06  3.595E+01
    1615      1    195      1    169      1       1     1.2985E+00  7.945E-05  6.421E-07  3.649E+01
    1616      1    195      1    172      1       1     6.3742E-01  1.820E-05  1.428E-08  3.804E+01
    1617      1    195      1    174      1       1     6.3742E-01  3.455E-07  2.794E-10  3.719E+01
    1618      1    195      1    176      1       1     3.3146E-01  5.186E-06  3.167E-10  4.137E+01
    1619      1    195      1    178      1       1     3.3146E-01  2.922E-07  1.881E-11  3.996E+01
    1620      1    195      1    181      1       1     1.6526E-01  1.581E-06  3.921E-24  4.749E+01
    1623      1    195      1    183      1       1     1.6526E-01  1.822E-07  1.000E-30  4.539E+01
    1626      1    195      1    187      1       1     6.5044E-02  3.971E-07  8.322E-25  5.763E+01
    1631      1    196      1    170      1       1     1.2985E+00  1.194E-04  9.623E-07  3.403E+01
    1632      1    196      1    173      1       1     6.3742E-01  3.591E-05  2.821E-08  3.540E+01
    1633      1    196      1    177      1       1     3.3146E-01  1.115E-05  6.842E-10  3.850E+01
    1634      1    196      1    179      1       1     3.3146E-01  9.660E-08  6.354E-12  3.670E+01
    1636      1    196      1    182      1       1     1.6526E-01  3.478E-06  1.000E-30  4.435E+01
    1637      1    196      1    184      1       1     1.6526E-01  1.056E-07  1.000E-30  4.159E+01
    1639      1    196      1    188      1       1     6.5043E-02  8.747E-07  1.000E-30  5.417E+01
    1642      1    197      1    174      1       1     6.3742E-01  3.991E-05  3.175E-08  3.200E+01
    1643      1    197      1    178      1       1     3.3146E-01  1.787E-05  1.120E-09  3.476E+01
    1645      1    197      1    183      1       1     1.6526E-01  6.430E-06  1.000E-30  4.020E+01
    1648      1    197      1    189      1       1     6.5043E-02  1.712E-06  3.029E-24  4.953E+01
    1651      1    198      1    179      1       1     3.3146E-01  1.809E-05  1.184E-09  3.033E+01
    1652      1    198      1    184      1       1     1.6526E-01  9.957E-06  1.695E-23  3.522E+01
    1653      1    198      1    190      1       1     6.5043E-02  3.172E-06  1.000E-30  4.390E+01
    1656      1    199      1    185      1       1     1.6526E-01  1.107E-05  1.000E-30  2.962E+01
    1657      1    199      1    191      1       1     6.5043E-02  5.599E-06  1.000E-30  3.750E+01
    1659      1    200      1    192      1       1     6.5043E-02  9.575E-06  1.000E-30  3.059E+01
    1661      1    201      1    165      1       1     3.2317E+00  2.591E-07  2.501E-08  6.129E+01
    1662      1    201      1    167      1       1     3.2317E+00  5.181E-07  5.001E-08  6.129E+01
    1663      1    201      1    169      1       1     1.3431E+00  2.171E-07  1.346E-08  6.183E+01
    1673      1    202      1    164      1       1     1.3431E+01  2.733E-04  2.099E-06  6.019E+01
    1674      1    202      1    166      1       1     3.2317E+00  9.614E-06  9.027E-07  6.033E+01
    1675      1    202      1    168      1       1     1.3431E+00  1.348E-06  8.121E-08  6.093E+01
    1676      1    202      1    170      1       1     1.3430E+00  9.645E-08  5.850E-09  6.064E+01
    1677      1    202      1    171      1       1     6.8202E-01  3.206E-07  1.718E-09  6.257E+01
    1679      1    202      1    175      1       1     3.7606E-01  9.962E-08  3.582E-11  6.601E+01
    1692      1    203      1    165      1       1     3.2317E+00  9.782E-06  8.740E-07  5.830E+01
    1693      1    203      1    167      1       1     3.2317E+00  1.956E-05  1.748E-06  5.830E+01
    1694      1    203      1    169      1       1     1.3431E+00  4.492E-06  2.578E-07  5.885E+01
    1695      1    203      1    172      1       1     6.8202E-01  1.067E-06  5.458E-09  6.039E+01
    1697      1    203      1    176      1       1     3.7605E-01  3.233E-07  1.112E-10  6.372E+01
    1699      1    203      1    181      1       1     2.0985E-01  1.110E-07  1.158E-24  6.984E+01
    1710      1    204      1    170      1       1     1.3430E+00  6.854E-06  3.684E-07  5.574E+01
    1711      1    204      1    173      1       1     6.8202E-01  2.137E-06  1.027E-08  5.712E+01
    1712      1    204      1    177      1       1     3.7605E-01  7.064E-07  2.296E-10  6.022E+01
    1714      1    204      1    182      1       1     2.0985E-01  2.496E-07  1.000E-30  6.607E+01
    1723      1    205      1    174      1       1     6.8201E-01  2.365E-06  1.059E-08  5.287E+01
    1724      1    205      1    178      1       1     3.7605E-01  1.127E-06  3.440E-10  5.564E+01
    1725      1    205      1    183      1       1     2.0985E-01  4.591E-07  1.000E-30  6.107E+01
    1728      1    205      1    189      1       1     1.0964E-01  1.709E-07  1.000E-30  7.041E+01
    1734      1    206      1    179      1       1     3.7605E-01  1.077E-06  3.097E-10  5.014E+01
    1735      1    206      1    184      1       1     2.0985E-01  6.723E-07  3.792E-24  5.503E+01
    1736      1    206      1    190      1       1     1.0964E-01  3.000E-07  1.000E-30  6.372E+01
    1738      1    206      1    197      1       1     4.4593E-02  9.295E-08  1.000E-30  7.766E+01
    1741      1    207      1    185      1       1     2.0985E-01  6.384E-07  1.000E-30  4.816E+01
    1742      1    207      1    191      1       1     1.0964E-01  4.525E-07  1.000E-30  5.604E+01
    1743      1    207      1    198      1       1     4.4593E-02  1.722E-07  1.000E-30  6.905E+01
    1752      1    209      1    170      1       1     1.3809E+00  2.669E-07  1.606E-07  8.640E+01
    1775      1    211      1    164      1       1     1.3469E+01  9.543E-06  1.000E-06  9.203E+01
    1776      1    211      1    166      1       1     3.2697E+00  3.384E-07  4.225E-07  9.216E+01
    1796      1    212      1    165      1       1     3.2697E+00  3.568E-07  4.028E-07  8.966E+01
    1797      1    212      1    167      1       1     3.2697E+00  7.135E-07  8.056E-07  8.966E+01
    1798      1    212      1    169      1       1     1.3810E+00  1.680E-07  1.165E-07  9.020E+01
    1829      1    214      1    174      1       1     7.2002E-01  9.953E-08  4.202E-09  8.257E+01
