#  File format type:   4
#
#  SPECT3D transition powers file.
#  RUN NAME:  xe_20-200ev_1e18-1e21_4mm
#  Total number of transitions   =     1890
#  Number of written transitions =      836
#  Plasma temperature (eV)       =     1.6000E+02
#  Mass density (g/cm3)          =     4.4865E-05
#  Cell areal density (g/cm2)    =     1.7946E-05
#  Material mass fractions       =     1.0000E+00
#  DCA material number fractions =     1.3000E-02    9.8700E-01
# -----------------------------------------------------
#
#
#   Trans.  Trans  Upper  Upper  Lower  Lower   Ioniz   Energy     Line Power Line Center Line Width
#   Index   Model  Level  Model  Level  Model   Stage   (eV)       (W/cm2)    Opt. Depth      eV
# --------------------------------------------------------------------------------------------------
       1      1      3      1      2      1      52     1.1982E+02  1.736E+07  4.579E-12  1.018E-02
       2      1      4      1      2      1      52     4.9234E+02  4.742E+09  2.918E-02  4.206E-02
       4      1      6      1      5      1      52     1.0651E+02  6.605E+07  4.115E-05  7.871E+01
       6      1      7      1      6      1      52     6.8034E+01  8.659E+06  5.737E-06  9.466E+01
       7      1      9      1      8      1      52     3.8672E+01  3.847E+06  1.373E-04  2.871E+01
       9      1     10      1      9      1      52     3.4641E+01  2.478E+06  3.757E-05  3.134E+01
      11      1     11      1     10      1      52     9.4480E+00  8.616E+03  1.420E-05  8.523E+00
      13      1     12      1      9      1      52     8.3242E+02  1.426E+11  1.000E-30  4.474E+01
      14      1     13      1      8      1      52     8.9349E+02  1.134E+11  3.456E-04  2.725E+01
      16      1     13      1     10      1      52     8.2018E+02  3.772E+10  1.000E-30  1.545E+01
      17      1     13      1     12      1      52     2.2396E+01  1.092E+06  3.481E-04  1.654E+01
      19      1     14      1      9      1      52     8.6975E+02  2.420E+11  1.937E-04  3.750E+01
      21      1     14      1     11      1      52     8.2566E+02  8.999E+09  1.000E-30  2.936E+00
      23      1     14      1     13      1      52     1.4925E+01  2.322E+05  6.831E-05  2.020E+01
      25      1     15      1     10      1      52     8.3968E+02  4.091E+11  6.384E-04  1.284E+01
      28      1     15      1     14      1      52     4.5752E+00  1.699E+03  4.810E-05  4.372E+00
      30      1     16      1     11      1      52     8.3260E+02  6.659E+11  1.659E-03  5.897E+00
      32      1     16      1     15      1      52     2.3647E+00  7.081E+01  2.610E-05  1.738E+00
      34      1     17      1      9      1      52     1.3019E+03  1.196E+11  1.000E-30  4.465E+01
      36      1     17      1     13      1      52     4.4709E+02  3.032E+10  1.000E-30  2.760E+01
      38      1     18      1      8      1      52     1.3534E+03  1.072E+11  1.613E-04  1.588E+01
      40      1     18      1     10      1      52     1.2800E+03  2.922E+10  1.000E-30  8.572E+00
      41      1     18      1     12      1      52     4.8226E+02  1.955E+10  6.563E-04  1.575E+01
      43      1     18      1     14      1      52     4.4493E+02  1.012E+10  1.000E-30  9.470E+00
      45      1     18      1     17      1      52     1.2770E+01  2.438E+05  7.412E-04  9.366E+00
      47      1     19      1      9      1      52     1.3234E+03  2.174E+11  4.583E-05  4.042E+01
      49      1     19      1     11      1      52     1.2793E+03  5.948E+09  1.000E-30  4.037E+00
      51      1     19      1     13      1      52     4.6860E+02  3.785E+10  3.108E-04  2.338E+01
      53      1     19      1     15      1      52     4.4910E+02  3.698E+09  1.000E-30  1.762E+00
      56      1     19      1     18      1      52     8.7378E+00  6.036E+04  1.531E-04  1.167E+01
      58      1     20      1     10      1      52     1.2912E+03  3.137E+11  1.193E-04  1.447E+01
      61      1     20      1     14      1      52     4.5609E+02  6.161E+10  1.217E-03  6.330E+00
      63      1     20      1     16      1      52     4.4915E+02  1.041E+09  1.000E-30  6.982E-01
      65      1     20      1     19      1      52     2.4178E+00  3.235E+02  1.081E-04  2.510E+00
      67      1     21      1     11      1      52     1.2829E+03  3.296E+11  1.911E-04  6.914E+00
      69      1     21      1     15      1      52     4.5271E+02  9.414E+10  2.989E-03  2.883E+00
      72      1     21      1     20      1      52     1.2002E+00  1.565E+01  7.649E-05  1.003E+00
      75      1     22      1     16      1      52     4.5135E+02  1.381E+11  6.097E-03  1.637E+00
      77      1     22      1     21      1      52     1.0028E+00  4.117E+00  5.273E-05  5.101E-01
      79      1     23      1     13      1      52     7.2854E+02  2.907E+10  1.000E-30  2.756E+01
      81      1     23      1     18      1      52     2.6868E+02  8.516E+09  1.000E-30  1.592E+01
      83      1     24      1     12      1      52     7.5883E+02  2.099E+10  2.864E-04  9.940E+00
      85      1     24      1     14      1      52     7.2151E+02  9.023E+09  1.000E-30  5.050E+00
      86      1     24      1     17      1      52     2.8935E+02  4.632E+09  1.146E-03  9.900E+00
      88      1     24      1     19      1      52     2.6784E+02  3.185E+09  1.000E-30  6.190E+00
      90      1     24      1     23      1      52     7.9016E+00  6.682E+04  1.391E-03  5.779E+00
      92      1     25      1     13      1      52     7.4204E+02  3.968E+10  7.714E-05  2.487E+01
      94      1     25      1     15      1      52     7.2254E+02  2.916E+09  1.000E-30  1.730E+00
      96      1     25      1     18      1      52     2.8218E+02  8.515E+09  5.633E-04  1.330E+01
      98      1     25      1     20      1      52     2.7102E+02  1.428E+09  1.000E-30  1.183E+00
     101      1     25      1     24      1      52     5.5989E+00  1.938E+04  2.983E-04  7.311E+00
     103      1     26      1     14      1      52     7.2843E+02  5.938E+10  2.534E-04  7.186E+00
     105      1     26      1     16      1      52     7.2149E+02  6.853E+08  1.000E-30  1.175E+00
     107      1     26      1     19      1      52     2.7476E+02  1.318E+10  2.124E-03  3.552E+00
     109      1     26      1     21      1      52     2.7114E+02  6.081E+08  1.000E-30  4.252E-01
     112      1     26      1     25      1      52     1.3194E+00  6.312E+01  2.049E-04  1.590E+00
     114      1     27      1     15      1      52     7.2446E+02  7.443E+10  4.868E-04  3.405E+00
     117      1     27      1     20      1      52     2.7295E+02  1.902E+10  4.950E-03  1.608E+00
     119      1     27      1     22      1      52     2.7075E+02  1.797E+08  1.000E-30  2.342E-01
     121      1     27      1     26      1      52     6.0740E-01  2.744E+00  1.641E-04  6.321E-01
     123      1     28      1     16      1      52     7.2273E+02  6.879E+10  5.995E-04  2.004E+00
     125      1     28      1     21      1      52     2.7238E+02  2.693E+10  9.761E-03  9.124E-01
     128      1     28      1     27      1      52     6.3240E-01  1.932E+00  1.578E-04  3.189E-01
     129      1     29      1     13      1      52     9.1039E+02  2.312E+10  1.000E-30  2.751E+01
     131      1     29      1     18      1      52     4.5053E+02  8.852E+09  1.000E-30  1.587E+01
     134      1     29      1     24      1      52     1.7396E+02  2.819E+09  1.000E-30  1.002E+01
     136      1     30      1     12      1      52     9.3797E+02  1.766E+10  1.896E-04  6.687E+00
     137      1     30      1     14      1      52     9.0065E+02  6.858E+09  1.000E-30  4.425E+00
     138      1     30      1     17      1      52     4.6848E+02  5.396E+09  4.678E-04  6.647E+00
     140      1     30      1     19      1      52     4.4698E+02  3.135E+09  1.000E-30  3.470E+00
     142      1     30      1     23      1      52     1.8704E+02  1.364E+09  1.869E-03  6.621E+00
     144      1     30      1     25      1      52     1.7354E+02  1.140E+09  1.000E-30  4.256E+00
     146      1     30      1     29      1      52     5.1810E+00  2.123E+04  2.411E-03  3.761E+00
     147      1     31      1     13      1      52     9.1941E+02  3.309E+10  3.270E-05  2.572E+01
     148      1     31      1     15      1      52     8.9991E+02  2.070E+09  1.000E-30  2.451E+00
     150      1     31      1     18      1      52     4.5956E+02  9.878E+09  1.421E-04  1.414E+01
     152      1     31      1     20      1      52     4.4840E+02  1.272E+09  1.000E-30  8.974E-01
     155      1     31      1     24      1      52     1.8298E+02  2.415E+09  9.475E-04  8.223E+00
     157      1     31      1     26      1      52     1.7606E+02  5.828E+08  1.000E-30  8.362E-01
     160      1     31      1     30      1      52     3.8407E+00  7.459E+03  5.294E-04  4.915E+00
     161      1     32      1     14      1      52     9.0519E+02  4.699E+10  9.816E-05  7.650E+00
     162      1     32      1     16      1      52     8.9825E+02  4.422E+08  1.000E-30  1.639E+00
     164      1     32      1     19      1      52     4.5152E+02  1.458E+10  4.667E-04  4.022E+00
     166      1     32      1     21      1      52     4.4790E+02  4.739E+08  1.000E-30  5.849E-01
     169      1     32      1     25      1      52     1.7808E+02  3.588E+09  3.464E-03  2.182E+00
     171      1     32      1     27      1      52     1.7615E+02  2.992E+08  1.000E-30  2.932E-01
     174      1     32      1     31      1      52     7.0280E-01  1.105E+01  3.524E-04  1.071E+00
     175      1     33      1     15      1      52     9.0089E+02  5.290E+10  1.649E-04  3.714E+00
     177      1     33      1     20      1      52     4.4938E+02  1.908E+10  9.355E-04  1.905E+00
     179      1     33      1     22      1      52     4.4717E+02  1.162E+08  1.000E-30  4.409E-01
     181      1     33      1     26      1      52     1.7704E+02  5.014E+09  7.912E-03  9.784E-01
     183      1     33      1     28      1      52     1.7580E+02  1.333E+08  1.000E-30  1.486E-01
     185      1     33      1     32      1      52     2.7490E-01  3.243E-01  3.106E-04  4.257E-01
     186      1     34      1     16      1      52     8.9895E+02  3.908E+10  1.604E-04  2.210E+00
     188      1     34      1     21      1      52     4.4860E+02  2.167E+10  1.416E-03  1.118E+00
     191      1     34      1     27      1      52     1.7685E+02  6.776E+09  1.507E-02  5.473E-01
     194      1     34      1     33      1      52     4.2420E-01  8.310E-01  3.342E-04  2.146E-01
     195      1     35      1     13      1      52     1.0346E+03  1.783E+10  1.000E-30  2.752E+01
     196      1     35      1     18      1      52     5.7478E+02  7.516E+09  1.000E-30  1.588E+01
     198      1     35      1     24      1      52     2.9820E+02  3.158E+09  1.000E-30  9.963E+00
     201      1     35      1     30      1      52     1.1906E+02  1.078E+09  1.000E-30  6.681E+00
     203      1     36      1     12      1      52     1.0606E+03  1.411E+10  1.477E-04  4.744E+00
     204      1     36      1     14      1      52     1.0233E+03  5.148E+09  1.000E-30  5.160E+00
     205      1     36      1     17      1      52     5.9109E+02  4.862E+09  2.966E-04  4.704E+00
     206      1     36      1     19      1      52     5.6958E+02  2.561E+09  1.000E-30  2.558E+00
     207      1     36      1     23      1      52     3.0964E+02  1.700E+09  7.266E-04  4.672E+00
     209      1     36      1     25      1      52     2.9614E+02  1.219E+09  1.000E-30  2.537E+00
     211      1     36      1     29      1      52     1.2779E+02  4.706E+08  2.890E-03  4.637E+00
     213      1     36      1     31      1      52     1.1877E+02  4.582E+08  1.000E-30  3.048E+00
     215      1     36      1     35      1      52     3.5433E+00  7.485E+03  3.884E-03  2.577E+00
     216      1     37      1     13      1      52     1.0410E+03  2.626E+10  1.753E-05  2.624E+01
     217      1     37      1     15      1      52     1.0215E+03  1.487E+09  1.000E-30  2.980E+00
     218      1     37      1     18      1      52     5.8110E+02  8.837E+09  6.065E-05  1.467E+01
     219      1     37      1     20      1      52     5.6995E+02  9.800E+08  1.000E-30  1.235E+00
     221      1     37      1     24      1      52     3.0452E+02  3.006E+09  2.404E-04  8.747E+00
     223      1     37      1     26      1      52     2.9760E+02  5.687E+08  1.000E-30  5.464E-01
     226      1     37      1     30      1      52     1.2539E+02  8.132E+08  1.493E-03  5.464E+00
     228      1     37      1     32      1      52     1.2084E+02  2.556E+08  1.000E-30  6.152E-01
     231      1     37      1     36      1      52     2.7803E+00  3.328E+03  8.862E-04  3.455E+00
     232      1     38      1     14      1      52     1.0264E+03  3.596E+10  4.980E-05  7.917E+00
     233      1     38      1     16      1      52     1.0194E+03  2.975E+08  1.000E-30  1.931E+00
     234      1     38      1     19      1      52     5.7269E+02  1.266E+10  1.851E-04  4.315E+00
     235      1     38      1     21      1      52     5.6908E+02  3.363E+08  1.000E-30  8.465E-01
     237      1     38      1     25      1      52     2.9925E+02  4.369E+09  7.836E-04  2.468E+00
     239      1     38      1     27      1      52     2.9733E+02  2.630E+08  1.000E-30  3.190E-01
     242      1     38      1     31      1      52     1.2188E+02  1.162E+09  5.348E-03  1.434E+00
     244      1     38      1     33      1      52     1.2090E+02  1.466E+08  1.000E-30  2.189E-01
     247      1     38      1     37      1      52     3.3030E-01  1.335E+00  5.799E-04  7.577E-01
     248      1     39      1     15      1      52     1.0219E+03  3.782E+10  7.700E-05  3.897E+00
     249      1     39      1     20      1      52     5.7035E+02  1.549E+10  3.386E-04  2.088E+00
     250      1     39      1     22      1      52     5.6815E+02  7.381E+07  1.000E-30  6.177E-01
     252      1     39      1     26      1      52     2.9801E+02  5.742E+09  1.593E-03  1.155E+00
     254      1     39      1     28      1      52     2.9677E+02  1.017E+08  1.000E-30  2.434E-01
     256      1     39      1     32      1      52     1.2125E+02  1.571E+09  1.189E-02  6.390E-01
     258      1     39      1     34      1      52     1.2055E+02  7.834E+07  1.000E-30  1.062E-01
     260      1     39      1     38      1      52     7.3900E-02  7.547E-03  6.695E-04  2.367E-01
     261      1     40      1     16      1      52     1.0198E+03  2.463E+10  6.534E-05  2.341E+00
     262      1     40      1     21      1      52     5.6945E+02  1.551E+10  4.449E-04  1.244E+00
     264      1     40      1     27      1      52     2.9770E+02  6.923E+09  2.574E-03  6.733E-01
     267      1     40      1     33      1      52     1.2127E+02  2.084E+09  2.229E-02  3.566E-01
     270      1     40      1     39      1      52     2.9800E-01  3.671E-01  5.982E-04  1.527E-01
     271      1     41      1     13      1      52     1.1233E+03  1.376E+10  1.000E-30  2.753E+01
     272      1     41      1     18      1      52     6.6340E+02  6.099E+09  1.000E-30  1.589E+01
     273      1     41      1     24      1      52     3.8682E+02  2.811E+09  1.000E-30  9.972E+00
     275      1     41      1     30      1      52     2.0768E+02  1.263E+09  1.000E-30  6.689E+00
     278      1     41      1     36      1      52     8.5076E+01  4.547E+08  1.000E-30  4.699E+00
     280      1     42      1     12      1      52     1.1482E+03  1.113E+10  1.249E-04  3.490E+00
     281      1     42      1     14      1      52     1.1108E+03  3.901E+09  1.000E-30  5.944E+00
     282      1     42      1     17      1      52     6.7867E+02  4.090E+09  2.247E-04  3.450E+00
     283      1     42      1     19      1      52     6.5716E+02  2.024E+09  1.000E-30  2.688E+00
     284      1     42      1     23      1      52     3.9722E+02  1.610E+09  4.445E-04  3.424E+00
     285      1     42      1     25      1      52     3.8372E+02  1.054E+09  1.000E-30  1.745E+00
     286      1     42      1     29      1      52     2.1536E+02  6.195E+08  1.081E-03  3.402E+00
     288      1     42      1     31      1      52     2.0634E+02  5.195E+08  1.000E-30  1.922E+00
     290      1     42      1     35      1      52     9.1119E+01  1.840E+08  4.283E-03  3.380E+00
     292      1     42      1     37      1      52     8.4795E+01  2.017E+08  1.000E-30  2.258E+00
     294      1     42      1     41      1      52     2.4992E+00  2.855E+03  5.774E-03  1.893E+00
     295      1     43      1     13      1      52     1.1279E+03  2.062E+10  1.066E-05  2.663E+01
     296      1     43      1     15      1      52     1.1084E+03  1.093E+09  1.000E-30  3.341E+00
     297      1     43      1     18      1      52     6.6800E+02  7.396E+09  3.268E-05  1.500E+01
     298      1     43      1     20      1      52     6.5684E+02  7.434E+08  1.000E-30  1.551E+00
     299      1     43      1     24      1      52     3.9142E+02  2.841E+09  1.031E-04  9.075E+00
     300      1     43      1     26      1      52     3.8450E+02  4.668E+08  1.000E-30  6.821E-01
     302      1     43      1     30      1      52     2.1228E+02  1.063E+09  3.797E-04  5.780E+00
     304      1     43      1     32      1      52     2.0774E+02  2.672E+08  1.000E-30  3.819E-01
     307      1     43      1     36      1      52     8.9678E+01  3.117E+08  2.250E-03  3.803E+00
     309      1     43      1     38      1      52     8.6568E+01  1.198E+08  1.000E-30  4.673E-01
     312      1     43      1     42      1      52     2.1031E+00  1.669E+03  1.407E-03  2.521E+00
     313      1     44      1     15      1      52     1.1084E+03  2.783E+10  4.304E-05  4.020E+00
     314      1     44      1     20      1      52     6.5688E+02  1.212E+10  1.643E-04  2.205E+00
     315      1     44      1     22      1      52     6.5468E+02  4.943E+07  1.000E-30  7.351E-01
     316      1     44      1     26      1      52     3.8454E+02  5.097E+09  5.940E-04  1.278E+00
     317      1     44      1     28      1      52     3.8330E+02  7.166E+07  1.000E-30  3.538E-01
     319      1     44      1     32      1      52     2.0778E+02  1.983E+09  2.479E-03  7.570E-01
     321      1     44      1     34      1      52     2.0708E+02  6.751E+07  1.000E-30  1.467E-01
     323      1     44      1     38      1      52     8.6605E+01  5.683E+08  1.721E-02  4.413E-01
     325      1     44      1     40      1      52     8.6233E+01  4.397E+07  1.000E-30  8.233E-02
     327      1     45      1     14      1      52     1.1130E+03  2.763E+10  2.926E-05  8.117E+00
     328      1     45      1     16      1      52     1.1061E+03  2.083E+08  1.000E-30  2.125E+00
     329      1     45      1     19      1      52     6.5935E+02  1.037E+10  9.528E-05  4.502E+00
     330      1     45      1     21      1      52     6.5574E+02  2.432E+08  1.000E-30  1.034E+00
     331      1     45      1     25      1      52     3.8591E+02  4.051E+09  3.146E-04  2.655E+00
     332      1     45      1     27      1      52     3.8399E+02  2.018E+08  1.000E-30  4.725E-01
     334      1     45      1     31      1      52     2.0854E+02  1.514E+09  1.226E-03  1.615E+00
     336      1     45      1     33      1      52     2.0756E+02  1.415E+08  1.000E-30  1.961E-01
     339      1     45      1     37      1      52     8.6990E+01  4.304E+08  7.868E-03  9.964E-01
     341      1     45      1     39      1      52     8.6586E+01  7.422E+07  1.000E-30  1.698E-01
     344      1     45      1     43      1      52     9.2200E-02  3.298E-02  1.378E-03  3.625E-01
     345      1     45      1     44      1      52     5.4600E-02  4.571E-03  1.000E-30  9.755E-02
     346      1     46      1     16      1      52     1.1062E+03  1.658E+10  3.325E-05  2.426E+00
     347      1     46      1     21      1      52     6.5590E+02  1.119E+10  1.966E-04  1.328E+00
     348      1     46      1     27      1      52     3.8415E+02  5.703E+09  8.729E-04  7.599E-01
     350      1     46      1     33      1      52     2.0772E+02  2.446E+09  4.121E-03  4.380E-01
     353      1     46      1     39      1      52     8.6749E+01  7.362E+08  3.154E-02  2.463E-01
     355      1     46      1     44      1      52     2.1720E-01  1.709E-01  9.566E-04  1.145E-01
     357      1     48      1     47      1      52     3.1750E+02  5.086E+08  2.815E-05  1.840E+02
     358      1     49      1     48      1      52     3.6284E+02  2.758E+09  1.548E-06  2.762E+02
     359      1     51      1     50      1      52     7.7750E-01  7.233E+00  1.318E-05  1.384E+02
     360      1     52      1     51      1      52     6.6689E+02  4.282E+10  1.000E-30  4.204E+02
     361      1     54      1     53      1      52     3.0082E+01  2.564E+06  1.000E-30  1.845E+02
     362      1     55      1     53      1      52     1.0120E+02  5.287E+07  3.743E-05  8.075E+01
     363      1     56      1     54      1      52     1.0442E+02  5.933E+07  4.154E-05  7.434E+01
     364      1     56      1     55      1      52     3.3297E+01  3.453E+06  1.000E-30  1.922E+02
     365      1     57      1     55      1      52     9.2670E+01  2.954E+07  6.613E-06  1.109E+02
     367      1     58      1     56      1      52     9.3608E+01  3.061E+07  6.929E-06  1.064E+02
     368      1     58      1     57      1      52     3.4235E+01  3.748E+06  1.000E-30  1.948E+02
     369      1     61      1     60      1      53     7.7081E+01  2.051E+06  1.169E-12  6.551E-03
     370      1     62      1     60      1      53     8.3045E+01  3.086E+06  1.000E-30  7.058E-03
     373      1     63      1     61      1      53     8.0094E+00  5.349E+00  1.000E-30  6.887E-04
     375      1     64      1     60      1      53     4.6515E+02  3.701E+09  1.880E-02  3.970E-02
     378      1     65      1     60      1      53     5.0090E+02  1.449E+09  4.617E-13  4.271E-02
     380      1     65      1     63      1      53     4.1581E+02  1.659E+09  4.079E-02  3.550E-02
     381      1     67      1     66      1      53     9.2071E+01  3.548E+07  4.701E-05  5.729E+01
     383      1     68      1     67      1      53     2.1266E+02  4.649E+08  8.961E-06  3.995E+01
     385      1     69      1     67      1      53     2.3259E+02  3.583E+08  1.000E-30  2.161E+01
     386      1     71      1     70      1      53     1.8245E+01  2.357E+05  1.794E-04  1.282E+01
     388      1     72      1     71      1      53     7.1086E+01  4.206E+07  6.770E-05  3.416E+01
     390      1     73      1     72      1      53     1.1156E+02  1.616E+08  1.370E-04  1.007E+01
     392      1     74      1     71      1      53     8.8734E+02  1.696E+11  1.000E-30  4.808E+01
     393      1     75      1     70      1      53     9.0769E+02  1.213E+11  3.245E-04  2.962E+01
     395      1     75      1     72      1      53     8.1835E+02  3.545E+10  1.000E-30  1.673E+01
     396      1     75      1     74      1      53     2.1014E+00  4.970E+02  6.701E-04  4.739E+00
     398      1     76      1     71      1      53     9.4411E+02  3.269E+11  1.894E-04  4.052E+01
     400      1     76      1     73      1      53     7.6146E+02  6.264E+09  1.000E-30  3.169E+00
     402      1     76      1     75      1      53     5.4666E+01  3.912E+07  2.084E-04  2.270E+01
     404      1     77      1     72      1      53     9.7713E+02  7.214E+11  6.607E-04  1.388E+01
     407      1     77      1     76      1      53     1.0411E+02  4.357E+08  8.818E-04  5.196E+00
     409      1     78      1     73      1      53     1.0763E+03  1.792E+12  1.903E-03  6.408E+00
     411      1     78      1     77      1      53     2.1071E+02  3.174E+09  1.359E-03  2.118E+00
     412      1     79      1     70      1      53     1.3871E+03  1.174E+11  1.453E-04  1.794E+01
     414      1     79      1     72      1      53     1.2978E+03  2.933E+10  1.000E-30  9.342E+00
     415      1     79      1     74      1      53     4.8154E+02  1.959E+10  6.108E-04  1.703E+01
     417      1     79      1     76      1      53     4.2478E+02  7.974E+09  1.000E-30  1.024E+01
     420      1     80      1     71      1      53     1.3753E+03  1.384E+11  1.000E-30  4.805E+01
     422      1     80      1     75      1      53     4.8588E+02  3.930E+10  1.000E-30  2.966E+01
     424      1     80      1     79      1      53     6.4349E+00  5.070E+04  1.000E-30  1.648E+01
     426      1     81      1     71      1      53     1.4208E+03  2.786E+11  4.390E-05  4.370E+01
     428      1     81      1     73      1      53     1.2382E+03  5.038E+09  1.000E-30  4.343E+00
     430      1     81      1     75      1      53     5.3137E+02  6.088E+10  3.175E-04  2.524E+01
     432      1     81      1     77      1      53     3.7259E+02  1.694E+09  1.000E-30  1.911E+00
     434      1     81      1     79      1      53     5.1923E+01  6.979E+07  7.566E-04  1.303E+01
     438      1     82      1     76      1      53     5.7966E+02  1.540E+11  1.369E-03  6.858E+00
     440      1     82      1     78      1      53     2.6484E+02  1.215E+08  1.000E-30  7.526E-01
     442      1     82      1     81      1      53     1.0296E+02  1.008E+09  3.656E-03  3.004E+00
     443      1     83      1     74      1      53     7.7070E+02  2.216E+10  2.601E-04  1.103E+01
     445      1     83      1     76      1      53     7.1393E+02  8.204E+09  1.000E-30  5.474E+00
     447      1     83      1     80      1      53     2.8272E+02  4.247E+09  1.045E-03  1.067E+01
     448      1     83      1     81      1      53     2.3723E+02  1.858E+09  1.000E-30  6.695E+00
     451      1     84      1     75      1      53     7.7945E+02  3.560E+10  1.000E-30  2.961E+01
     452      1     84      1     79      1      53     3.0001E+02  1.221E+10  1.000E-30  1.708E+01
     455      1     84      1     83      1      53     1.0851E+01  3.561E+05  1.000E-30  1.122E+01
     457      1     85      1     75      1      53     8.2063E+02  5.772E+10  7.698E-05  2.680E+01
     459      1     85      1     77      1      53     6.6185E+02  1.985E+09  1.000E-30  1.861E+00
     460      1     85      1     79      1      53     3.4119E+02  1.769E+10  6.145E-04  1.433E+01
     463      1     85      1     82      1      53     1.8630E+02  3.082E+08  1.000E-30  1.270E+00
     464      1     85      1     83      1      53     5.2031E+01  1.346E+08  2.322E-03  8.149E+00
     467      1     86      1     77      1      53     6.7729E+02  4.511E+11  3.924E-03  3.145E+00
     470      1     86      1     82      1      53     2.0174E+02  8.200E+09  6.994E-03  1.222E+00
     473      1     87      1     78      1      53     5.1236E+02  2.213E+11  6.090E-03  1.796E+00
     475      1     87      1     86      1      53     4.5782E+01  1.720E+07  1.910E-03  6.196E-01
     477      1     88      1     76      1      53     8.6948E+02  1.161E+11  2.690E-04  7.781E+00
     479      1     88      1     78      1      53     5.5466E+02  2.321E+08  1.000E-30  1.278E+00
     481      1     88      1     81      1      53     3.9278E+02  5.265E+10  2.673E-03  3.863E+00
     484      1     88      1     85      1      53     1.0351E+02  2.055E+09  1.177E-02  1.898E+00
     485      1     88      1     86      1      53     8.8076E+01  9.652E+06  1.000E-30  4.513E-01
     487      1     89      1     74      1      53     9.5869E+02  1.905E+10  1.647E-04  7.779E+00
     488      1     89      1     76      1      53     9.0192E+02  6.562E+09  1.000E-30  4.811E+00
     490      1     89      1     80      1      53     4.7071E+02  5.473E+09  4.267E-04  7.289E+00
     491      1     89      1     81      1      53     4.2522E+02  2.444E+09  1.000E-30  3.751E+00
     494      1     89      1     84      1      53     1.7714E+02  1.105E+09  1.655E-03  7.133E+00
     495      1     89      1     85      1      53     1.3596E+02  4.087E+08  1.000E-30  4.581E+00
     497      1     90      1     75      1      53     9.7022E+02  2.792E+10  1.000E-30  2.963E+01
     498      1     90      1     79      1      53     4.9078E+02  1.164E+10  1.000E-30  1.709E+01
     501      1     90      1     83      1      53     2.0163E+02  4.717E+09  1.000E-30  1.072E+01
     504      1     90      1     89      1      53     1.3639E+01  6.084E+05  1.000E-30  3.852E+00
     505      1     91      1     75      1      53     1.0099E+03  4.659E+10  3.224E-05  2.771E+01
     506      1     91      1     77      1      53     8.5110E+02  1.598E+09  1.000E-30  2.640E+00
     507      1     91      1     79      1      53     5.3043E+02  1.698E+10  1.474E-04  1.524E+01
     510      1     91      1     82      1      53     3.7555E+02  6.035E+08  1.000E-30  9.535E-01
     511      1     91      1     83      1      53     2.4127E+02  7.103E+09  1.127E-03  8.870E+00
     515      1     91      1     88      1      53     8.5729E+01  3.159E+07  1.000E-30  9.039E-01
     516      1     91      1     89      1      53     5.3287E+01  2.583E+08  6.294E-03  5.407E+00
     518      1     92      1     74      1      53     1.0879E+03  1.542E+10  1.178E-04  6.022E+00
     519      1     92      1     76      1      53     1.0312E+03  5.045E+09  1.000E-30  5.598E+00
     520      1     92      1     80      1      53     5.9995E+02  5.108E+09  2.644E-04  5.301E+00
     521      1     92      1     81      1      53     5.5446E+02  2.189E+09  1.000E-30  2.782E+00
     523      1     92      1     84      1      53     3.0638E+02  1.615E+09  6.551E-04  5.082E+00
     524      1     92      1     85      1      53     2.6520E+02  7.444E+08  1.000E-30  2.740E+00
     527      1     92      1     90      1      53     1.1560E+02  3.178E+08  2.450E-03  4.989E+00
     528      1     92      1     91      1      53     7.5952E+01  7.287E+07  1.000E-30  3.276E+00
     529      1     93      1     75      1      53     1.1014E+03  2.146E+10  1.000E-30  2.964E+01
     530      1     93      1     79      1      53     6.2192E+02  9.681E+09  1.000E-30  1.711E+01
     531      1     93      1     83      1      53     3.3276E+02  4.572E+09  1.000E-30  1.074E+01
     534      1     93      1     89      1      53     1.4478E+02  2.170E+09  1.000E-30  7.196E+00
     537      1     93      1     92      1      53     1.5538E+01  2.546E+06  1.000E-30  5.224E+00
     538      1     94      1     76      1      53     1.0597E+03  8.492E+10  1.018E-04  8.310E+00
     539      1     94      1     78      1      53     7.4491E+02  2.021E+08  1.000E-30  1.774E+00
     541      1     94      1     81      1      53     5.8303E+02  3.891E+10  5.332E-04  4.366E+00
     544      1     94      1     85      1      53     2.9377E+02  2.557E+10  5.057E-03  2.376E+00
     545      1     94      1     86      1      53     2.7833E+02  6.824E+07  1.000E-30  6.207E-01
     549      1     94      1     91      1      53     1.0453E+02  3.727E+09  3.168E-02  1.277E+00
     552      1     95      1     77      1      53     9.6122E+02  2.220E+11  5.702E-04  3.714E+00
     555      1     95      1     82      1      53     4.8567E+02  1.827E+11  7.766E-03  1.759E+00
     558      1     95      1     87      1      53     2.3815E+02  1.038E+08  1.000E-30  2.629E-01
     559      1     95      1     88      1      53     1.9586E+02  1.567E+10  2.322E-02  7.865E-01
     561      1     95      1     94      1      53     5.5996E+00  2.453E+03  3.702E-04  3.187E-01
     562      1     96      1     75      1      53     1.1409E+03  3.655E+10  1.718E-05  2.830E+01
     563      1     96      1     77      1      53     9.8211E+02  1.226E+09  1.000E-30  3.215E+00
     564      1     96      1     79      1      53     6.6145E+02  1.434E+10  6.209E-05  1.576E+01
     565      1     96      1     82      1      53     5.0657E+02  5.912E+08  1.000E-30  1.318E+00
     566      1     96      1     83      1      53     3.7229E+02  6.488E+09  2.644E-04  9.394E+00
     569      1     96      1     88      1      53     2.1675E+02  1.543E+08  1.000E-30  5.868E-01
     570      1     96      1     89      1      53     1.8430E+02  3.695E+09  1.985E-03  5.886E+00
     573      1     96      1     92      1      53     5.5065E+01  4.781E+08  1.529E-02  3.780E+00
     575      1     96      1     94      1      53     2.6491E+01  5.541E+05  1.000E-30  6.687E-01
     578      1     97      1     78      1      53     7.9354E+02  9.605E+10  5.791E-04  2.188E+00
     580      1     97      1     86      1      53     3.2696E+02  5.372E+10  1.039E-02  9.898E-01
     584      1     97      1     95      1      53     4.3029E+01  3.935E+07  8.254E-03  3.985E-01
     585      1     98      1     74      1      53     1.1808E+03  1.229E+10  8.738E-05  5.063E+00
     586      1     98      1     76      1      53     1.1240E+03  3.884E+09  1.000E-30  6.446E+00
     587      1     98      1     80      1      53     6.9278E+02  4.387E+09  1.905E-04  4.105E+00
     588      1     98      1     81      1      53     6.4729E+02  1.814E+09  1.000E-30  2.919E+00
     589      1     98      1     84      1      53     3.9921E+02  1.625E+09  3.987E-04  3.796E+00
     590      1     98      1     85      1      53     3.5803E+02  7.599E+08  1.000E-30  1.890E+00
     592      1     98      1     90      1      53     2.0843E+02  5.383E+08  9.555E-04  3.690E+00
     593      1     98      1     91      1      53     1.6878E+02  2.212E+08  1.000E-30  2.073E+00
     595      1     98      1     93      1      53     7.7294E+01  9.610E+07  3.410E-03  3.628E+00
     597      1     98      1     96      1      53     3.7767E+01  7.516E+06  1.000E-30  2.421E+00
     598      1     99      1     75      1      53     1.1956E+03  1.660E+10  1.000E-30  2.965E+01
     599      1     99      1     79      1      53     7.1611E+02  7.769E+09  1.000E-30  1.711E+01
     600      1     99      1     83      1      53     4.2696E+02  3.909E+09  1.000E-30  1.074E+01
     601      1     99      1     89      1      53     2.3897E+02  2.070E+09  1.000E-30  7.204E+00
     604      1     99      1     92      1      53     1.0973E+02  1.160E+09  1.000E-30  5.041E+00
     607      1     99      1     98      1      53     1.6897E+01  6.740E+06  1.000E-30  3.861E+00
     608      1    100      1     75      1      53     1.2357E+03  2.862E+10  1.044E-05  2.869E+01
     609      1    100      1     77      1      53     1.0769E+03  9.403E+08  1.000E-30  3.602E+00
     610      1    100      1     79      1      53     7.5626E+02  1.174E+10  3.318E-05  1.616E+01
     611      1    100      1     82      1      53     6.0138E+02  5.064E+08  1.000E-30  1.660E+00
     612      1    100      1     83      1      53     4.6710E+02  5.580E+09  1.105E-04  9.788E+00
     613      1    100      1     88      1      53     3.1156E+02  1.939E+08  1.000E-30  7.322E-01
     614      1    100      1     89      1      53     2.7912E+02  3.081E+09  4.494E-04  6.228E+00
     617      1    100      1     92      1      53     1.4988E+02  2.366E+09  3.400E-03  4.097E+00
     619      1    100      1     94      1      53     1.2130E+02  2.992E+07  1.000E-30  4.099E-01
     621      1    100      1     98      1      53     5.7044E+01  8.324E+08  3.378E-02  2.751E+00
     623      1    101      1     76      1      53     1.1918E+03  6.288E+10  5.132E-05  8.578E+00
     624      1    101      1     78      1      53     8.7698E+02  1.577E+08  1.000E-30  2.094E+00
     625      1    101      1     81      1      53     7.1510E+02  2.954E+10  2.046E-04  4.679E+00
     627      1    101      1     85      1      53     4.2583E+02  1.717E+10  9.833E-04  2.683E+00
     628      1    101      1     86      1      53     4.1039E+02  8.799E+07  1.000E-30  9.016E-01
     631      1    101      1     91      1      53     2.3659E+02  1.573E+10  9.121E-03  1.565E+00
     634      1    101      1     95      1      53     1.2646E+02  1.044E+07  1.000E-30  3.437E-01
     635      1    101      1     96      1      53     1.0557E+02  6.081E+09  7.478E-02  9.068E-01
     638      1    101      1    100      1      53     1.0760E+01  2.289E+04  4.355E-04  5.004E-01
     639      1    102      1     77      1      53     1.1469E+03  1.340E+11  1.860E-04  4.044E+00
     641      1    102      1     82      1      53     6.7131E+02  9.120E+10  1.228E-03  2.082E+00
     644      1    102      1     87      1      53     4.2378E+02  9.045E+07  1.000E-30  4.834E-01
     645      1    102      1     88      1      53     3.8149E+02  9.944E+10  1.421E-02  1.090E+00
     647      1    102      1     94      1      53     1.9123E+02  2.517E+10  6.150E-02  5.392E-01
     650      1    102      1     97      1      53     1.4260E+02  5.541E+07  1.000E-30  1.715E-01
     652      1    102      1    101      1      53     5.9168E+01  3.517E+06  5.789E-04  2.492E-01
     653      1    103      1     76      1      53     1.2875E+03  4.767E+10  2.993E-05  8.844E+00
     654      1    103      1     78      1      53     9.7272E+02  1.210E+08  1.000E-30  2.302E+00
     655      1    103      1     81      1      53     8.1083E+02  2.284E+10  1.039E-04  4.887E+00
     656      1    103      1     85      1      53     5.2157E+02  1.303E+10  3.775E-04  2.884E+00
     657      1    103      1     86      1      53     5.0613E+02  8.317E+07  1.000E-30  1.103E+00
     659      1    103      1     91      1      53     3.3233E+02  9.402E+09  1.722E-03  1.766E+00
     662      1    103      1     95      1      53     2.2220E+02  2.268E+07  1.000E-30  5.102E-01
     663      1    103      1     96      1      53     2.0131E+02  1.174E+10  1.603E-02  1.089E+00
     665      1    103      1    100      1      53     1.0650E+02  8.930E+09  1.608E-01  6.657E-01
     667      1    103      1    102      1      53     3.6571E+01  3.277E+05  1.000E-30  2.135E-01
     668      1    104      1     78      1      53     9.7661E+02  5.239E+10  1.535E-04  2.414E+00
     670      1    104      1     86      1      53     5.1003E+02  3.485E+10  1.434E-03  1.209E+00
     674      1    104      1     95      1      53     2.2610E+02  1.740E+10  1.670E-02  6.084E-01
     677      1    104      1    102      1      53     4.0464E+01  6.390E+07  2.386E-02  2.745E-01
     679      1    105      1     77      1      53     1.2750E+03  8.829E+10  8.506E-05  4.241E+00
     680      1    105      1     82      1      53     7.9944E+02  5.772E+10  4.197E-04  2.280E+00
     682      1    105      1     87      1      53     5.5191E+02  6.356E+07  1.000E-30  6.747E-01
     683      1    105      1     88      1      53     5.0962E+02  4.714E+10  2.360E-03  1.282E+00
     685      1    105      1     94      1      53     3.1936E+02  6.537E+10  2.442E-02  7.209E-01
     688      1    105      1     97      1      53     2.7073E+02  6.803E+07  1.000E-30  2.731E-01
     690      1    105      1    101      1      53     1.8730E+02  3.558E+10  1.392E-01  3.924E-01
     692      1    105      1    103      1      53     9.1560E+01  5.673E+06  3.146E-04  1.993E-01
     693      1    105      1    104      1      53     8.7667E+01  2.109E+07  1.000E-30  1.270E-01
     694      1    106      1     78      1      53     1.1024E+03  3.233E+10  6.231E-05  2.552E+00
     695      1    106      1     86      1      53     6.3583E+02  2.320E+10  4.416E-04  1.347E+00
     698      1    106      1     95      1      53     3.5190E+02  1.301E+10  2.645E-03  7.459E-01
     701      1    106      1    102      1      53     1.6626E+02  7.031E+09  2.598E-02  4.024E-01
     704      1    106      1    105      1      53     3.8133E+01  8.754E+07  5.596E-02  2.009E-01
     705      1    107      1     77      1      53     1.3672E+03  6.171E+10  4.676E-05  4.373E+00
     706      1    107      1     82      1      53     8.9170E+02  3.962E+10  1.962E-04  2.412E+00
     707      1    107      1     87      1      53     6.4417E+02  4.492E+07  1.000E-30  8.056E-01
     708      1    107      1     88      1      53     6.0188E+02  2.950E+10  8.113E-04  1.414E+00
     710      1    107      1     94      1      53     4.1162E+02  2.911E+10  4.162E-03  8.531E-01
     712      1    107      1     97      1      53     3.6299E+02  5.555E+07  1.000E-30  3.944E-01
     714      1    107      1    101      1      53     2.7956E+02  4.989E+10  3.983E-02  5.131E-01
     716      1    107      1    103      1      53     1.8382E+02  4.509E+10  2.762E-01  3.020E-01
     717      1    107      1    104      1      53     1.7993E+02  3.710E+07  1.000E-30  1.720E-01
     719      1    107      1    106      1      53     5.4126E+01  6.597E+06  1.000E-30  1.036E-01
     720      1    108      1     78      1      53     1.1926E+03  2.154E+10  3.174E-05  2.637E+00
     721      1    108      1     86      1      53     7.2599E+02  1.618E+10  1.937E-04  1.438E+00
     723      1    108      1     95      1      53     4.4206E+02  9.552E+09  8.781E-04  8.306E-01
     725      1    108      1    102      1      53     2.5642E+02  5.467E+09  4.382E-03  4.896E-01
     728      1    108      1    105      1      53     1.2829E+02  3.339E+09  3.854E-02  2.843E-01
     730      1    108      1    107      1      53     3.6034E+01  1.078E+08  1.122E-01  1.567E-01
     731      1    110      1    109      1      53     1.0325E+02  9.636E+07  1.000E-30  3.596E+02
     732      1    111      1    109      1      53     6.2828E+02  2.442E+10  1.811E-06  4.026E+02
     733      1    114      1    113      1      54     7.1415E+00  2.940E+02  1.000E-30  6.141E-04
     735      1    115      1    114      1      54     4.2027E+02  2.363E+09  2.737E-02  3.583E-02
     736      1    117      1    116      1      54     8.2284E+01  1.520E+07  3.284E-01  7.036E-03
     737      1    118      1    117      1      54     6.5579E+01  6.897E+06  4.879E-06  9.900E+01
     739      1    120      1    119      1      54     2.7707E+01  4.127E+05  1.051E+00  2.502E-03
     740      1    121      1    120      1      54     3.4184E+01  2.174E+06  3.047E-05  3.527E+01
     743      1    122      1    121      1      54     1.1729E+01  1.900E+04  1.389E-05  1.004E+01
     745      1    124      1    119      1      54     9.4819E+02  1.449E+11  3.214E-04  3.134E+01
     746      1    124      1    121      1      54     8.8629E+02  4.617E+10  1.000E-30  1.768E+01
     747      1    123      1    120      1      54     9.0352E+02  1.685E+11  1.000E-30  5.148E+01
     749      1    124      1    123      1      54     1.6956E+01  2.714E+05  2.642E-01  1.189E-02
     750      1    125      1    120      1      54     9.3511E+02  3.061E+11  1.719E-04  4.301E+01
     753      1    125      1    122      1      54     8.8920E+02  1.125E+10  1.000E-30  3.419E+00
     754      1    125      1    124      1      54     1.4632E+01  1.998E+05  5.641E-05  2.233E+01
     757      1    126      1    121      1      54     9.0719E+02  5.165E+11  5.472E-04  1.499E+01
     759      1    126      1    125      1      54     6.2624E+00  5.500E+03  5.131E-05  5.173E+00
     761      1    127      1    122      1      54     9.0472E+02  8.599E+11  1.434E-03  6.865E+00
     763      1    127      1    126      1      54     9.2648E+00  6.590E+03  3.448E-05  2.036E+00
     765      1    129      1    121      1      54     1.3816E+03  3.581E+10  1.000E-30  9.974E+00
     767      1    129      1    123      1      54     5.1224E+02  2.522E+10  6.145E-04  1.811E+01
     768      1    129      1    125      1      54     4.8065E+02  1.241E+10  1.000E-30  1.082E+01
     770      1    128      1    120      1      54     1.4063E+03  1.412E+11  1.000E-30  5.137E+01
     772      1    128      1    124      1      54     4.8585E+02  3.622E+10  1.000E-30  3.177E+01
     775      1    129      1    128      1      54     9.4325E+00  5.023E+04  4.256E-01  8.687E-03
     777      1    130      1    120      1      54     1.4246E+03  1.808E+11  3.394E-04  3.639E+00
     779      1    130      1    122      1      54     1.3787E+03  7.489E+09  1.000E-30  4.676E+00
     780      1    130      1    124      1      54     5.0408E+02  4.800E+10  2.755E-04  2.686E+01
     783      1    130      1    126      1      54     4.8319E+02  4.621E+09  1.000E-30  2.059E+00
     785      1    130      1    129      1      54     8.7978E+00  5.727E+04  1.282E-04  1.296E+01
     788      1    131      1    121      1      54     1.3942E+03  3.954E+11  1.023E-04  1.690E+01
     790      1    131      1    125      1      54     4.9329E+02  7.805E+10  1.042E-03  7.401E+00
     791      1    131      1    127      1      54     4.7777E+02  1.243E+09  1.000E-30  8.090E-01
     793      1    131      1    130      1      54     3.8408E+00  1.886E+03  1.314E-04  3.002E+00
     795      1    132      1    122      1      54     1.3904E+03  4.206E+11  1.643E-04  8.060E+00
     797      1    132      1    126      1      54     4.9497E+02  1.237E+11  2.577E-03  3.361E+00
     799      1    132      1    131      1      54     7.9348E+00  7.664E+03  1.099E-04  1.182E+00
     800      1    133      1    127      1      54     4.8686E+02  1.735E+11  5.232E-03  1.908E+00
     801      1    133      1    132      1      54     1.1594E+00  6.813E+00  4.844E-05  5.947E-01
     802      1    134      1    124      1      54     7.8763E+02  3.456E+10  1.000E-30  3.170E+01
     804      1    134      1    129      1      54     2.9235E+02  1.017E+10  1.000E-30  1.834E+01
     808      1    135      1    123      1      54     8.1021E+02  2.693E+10  2.613E-04  1.148E+01
     809      1    135      1    125      1      54     7.7862E+02  1.108E+10  1.000E-30  1.002E+01
     811      1    135      1    128      1      54     3.0740E+02  5.974E+09  1.072E-03  1.138E+01
     812      1    135      1    130      1      54     2.8917E+02  3.892E+09  1.000E-30  5.780E+00
     814      1    135      1    134      1      54     5.6221E+00  1.757E+04  1.933E-03  3.037E+00
     815      1    136      1    124      1      54     7.9909E+02  5.013E+10  6.125E-05  3.168E+01
     818      1    136      1    126      1      54     7.7820E+02  3.661E+09  1.000E-30  4.985E+00
     819      1    136      1    129      1      54     3.0380E+02  1.085E+10  4.175E-04  1.831E+01
     822      1    136      1    131      1      54     2.9116E+02  1.772E+09  1.000E-30  2.877E+00
     825      1    136      1    135      1      54     5.8334E+00  2.100E+04  2.545E-04  8.209E+00
     827      1    137      1    125      1      54     7.8707E+02  7.506E+10  1.819E-04  1.003E+01
     828      1    137      1    127      1      54     7.7154E+02  8.380E+08  1.000E-30  3.015E+00
     830      1    137      1    130      1      54     2.9761E+02  1.681E+10  1.305E-03  5.797E+00
     831      1    137      1    132      1      54     2.8584E+02  6.991E+08  1.000E-30  1.735E+00
     833      1    137      1    136      1      54     2.6080E+00  7.825E+02  2.782E-04  1.879E+00
     835      1    138      1    126      1      54     7.8806E+02  9.683E+10  3.358E-04  4.989E+00
     837      1    138      1    131      1      54     3.0103E+02  2.627E+10  2.839E-03  2.880E+00
     838      1    138      1    133      1      54     2.9194E+02  2.262E+08  1.000E-30  1.164E+00
     840      1    138      1    137      1      54     7.2571E+00  8.273E+03  2.472E-04  7.418E-01
     841      1    139      1    127      1      54     7.7953E+02  8.613E+10  3.969E-04  3.018E+00
     842      1    139      1    132      1      54     2.9383E+02  3.391E+10  5.103E-03  1.738E+00
     843      1    139      1    138      1      54     7.3047E-01  3.186E+00  1.448E-04  3.719E-01
     844      1    140      1    133      1      54     2.9317E+02  4.669E+10  8.696E-03  1.163E+00
     845      1    140      1    139      1      54     5.0455E-01  3.989E-01  7.773E-05  2.153E-01
     846      1    141      1    124      1      54     9.8280E+02  2.752E+10  1.000E-30  3.167E+01
     847      1    141      1    129      1      54     4.8751E+02  1.060E+10  1.000E-30  1.829E+01
     851      1    141      1    135      1      54     1.8954E+02  3.398E+09  1.000E-30  1.149E+01
     853      1    142      1    123      1      54     1.0032E+03  2.258E+10  1.717E-04  7.719E+00
     854      1    142      1    125      1      54     9.7165E+02  8.415E+09  1.000E-30  1.004E+01
     856      1    142      1    128      1      54     5.0043E+02  6.948E+09  4.280E-04  7.676E+00
     857      1    142      1    130      1      54     4.8220E+02  3.833E+09  1.000E-30  5.804E+00
     859      1    142      1    134      1      54     1.9865E+02  1.758E+09  1.756E-03  7.584E+00
     861      1    142      1    136      1      54     1.8719E+02  1.394E+09  1.000E-30  4.860E+00
     863      1    142      1    141      1      54     3.4847E+00  4.598E+03  3.407E-03  1.897E+00
     864      1    143      1    124      1      54     9.9046E+02  4.169E+10  2.676E-05  3.167E+01
     865      1    143      1    126      1      54     9.6956E+02  2.603E+09  1.000E-30  5.000E+00
     866      1    143      1    129      1      54     4.9517E+02  1.249E+10  1.111E-04  1.829E+01
     869      1    143      1    131      1      54     4.8253E+02  1.589E+09  1.000E-30  2.893E+00
     872      1    143      1    135      1      54     1.9720E+02  3.094E+09  8.447E-04  9.443E+00
     874      1    143      1    137      1      54     1.8876E+02  7.172E+08  1.000E-30  9.790E-01
     877      1    143      1    142      1      54     4.1712E+00  9.125E+03  4.554E-04  5.454E+00
     878      1    144      1    125      1      54     9.7774E+02  5.925E+10  7.477E-05  1.005E+01
     879      1    144      1    127      1      54     9.6221E+02  5.428E+08  1.000E-30  3.031E+00
     881      1    144      1    130      1      54     4.8829E+02  1.848E+10  3.238E-04  5.808E+00
     882      1    144      1    132      1      54     4.7651E+02  5.661E+08  1.000E-30  1.751E+00
     884      1    144      1    136      1      54     1.9328E+02  4.613E+09  2.979E-03  2.549E+00
     885      1    144      1    138      1      54     1.8342E+02  3.272E+08  1.000E-30  3.399E-01
     887      1    144      1    143      1      54     1.9160E+00  3.881E+02  5.203E-04  1.258E+00
     888      1    145      1    126      1      54     9.7835E+02  6.818E+10  1.232E-04  5.004E+00
     890      1    145      1    131      1      54     4.9132E+02  2.525E+10  6.228E-04  2.896E+00
     891      1    145      1    133      1      54     4.8223E+02  1.464E+08  1.000E-30  1.180E+00
     893      1    145      1    137      1      54     1.9755E+02  7.173E+09  7.013E-03  1.135E+00
     894      1    145      1    139      1      54     1.8956E+02  1.671E+08  1.000E-30  1.711E-01
     896      1    145      1    144      1      54     6.8766E+00  8.974E+03  4.703E-04  4.971E-01
     897      1    146      1    127      1      54     9.6958E+02  4.899E+10  1.167E-04  3.032E+00
     898      1    146      1    132      1      54     4.8388E+02  2.721E+10  9.037E-04  1.752E+00
     899      1    146      1    138      1      54     1.9078E+02  8.531E+09  1.299E-02  6.352E-01
     900      1    146      1    140      1      54     1.8955E+02  5.122E+07  1.000E-30  1.126E-01
     901      1    146      1    145      1      54     4.8959E-01  1.363E+00  3.048E-04  2.510E-01
     902      1    147      1    133      1      54     4.8306E+02  2.282E+10  9.271E-04  1.178E+00
     903      1    147      1    139      1      54     1.9039E+02  1.129E+10  2.249E-02  4.048E-01
     904      1    147      1    146      1      54     3.3818E-01  2.268E-01  2.169E-04  1.456E-01
     905      1    148      1    140      1      54     1.9013E+02  1.468E+10  3.667E-02  2.797E-01
     906      1    148      1    147      1      54     2.4746E-01  3.524E-02  1.156E-04  9.158E-02
     907      1    149      1    124      1      54     1.1162E+03  2.123E+10  1.000E-30  3.167E+01
     908      1    149      1    129      1      54     6.2092E+02  8.998E+09  1.000E-30  1.828E+01
     910      1    149      1    135      1      54     3.2295E+02  3.787E+09  1.000E-30  1.150E+01
     913      1    149      1    142      1      54     1.2992E+02  1.298E+09  1.000E-30  7.707E+00
     915      1    150      1    123      1      54     1.1354E+03  1.801E+10  1.338E-04  5.449E+00
     916      1    150      1    125      1      54     1.1038E+03  6.322E+09  1.000E-30  1.005E+01
     917      1    150      1    128      1      54     6.3256E+02  6.239E+09  2.702E-04  5.406E+00
     918      1    150      1    130      1      54     6.1433E+02  3.142E+09  1.000E-30  5.816E+00
     919      1    150      1    134      1      54     3.3078E+02  2.179E+09  6.645E-04  5.372E+00
     921      1    150      1    136      1      54     3.1933E+02  1.492E+09  1.000E-30  2.898E+00
     923      1    150      1    141      1      54     1.3562E+02  6.059E+08  2.704E-03  5.337E+00
     925      1    150      1    143      1      54     1.2796E+02  5.575E+08  1.000E-30  3.485E+00
     927      1    150      1    149      1      54     2.2069E+00  1.237E+03  5.894E-03  1.167E+00
     928      1    151      1    124      1      54     1.1216E+03  3.301E+10  1.460E-05  3.165E+01
     929      1    151      1    126      1      54     1.1007E+03  1.871E+09  1.000E-30  5.012E+00
     930      1    151      1    129      1      54     6.2630E+02  1.117E+10  4.913E-05  1.827E+01
     931      1    151      1    131      1      54     6.1366E+02  1.227E+09  1.000E-30  2.905E+00
     933      1    151      1    135      1      54     3.2833E+02  3.814E+09  2.122E-04  1.003E+01
     935      1    151      1    137      1      54     3.1989E+02  7.062E+08  1.000E-30  6.329E-01
     937      1    151      1    142      1      54     1.3530E+02  1.047E+09  1.334E-03  6.266E+00
     939      1    151      1    144      1      54     1.2921E+02  3.111E+08  1.000E-30  7.177E-01
     941      1    151      1    150      1      54     3.1681E+00  4.692E+03  7.675E-04  3.801E+00
     942      1    152      1    125      1      54     1.1084E+03  4.532E+10  3.921E-05  1.006E+01
     943      1    152      1    127      1      54     1.0929E+03  3.666E+08  1.000E-30  3.042E+00
     944      1    152      1    130      1      54     6.1900E+02  1.601E+10  1.375E-04  5.821E+00
     945      1    152      1    132      1      54     6.0722E+02  4.085E+08  1.000E-30  1.762E+00
     947      1    152      1    136      1      54     3.2399E+02  5.545E+09  6.713E-04  2.881E+00
     948      1    152      1    138      1      54     3.1413E+02  3.049E+08  1.000E-30  3.658E-01
     950      1    152      1    143      1      54     1.3263E+02  1.512E+09  4.596E-03  1.679E+00
     951      1    152      1    145      1      54     1.2383E+02  1.502E+08  1.000E-30  2.533E-01
     953      1    152      1    151      1      54     1.4980E+00  2.160E+02  8.602E-04  8.863E-01
     954      1    153      1    126      1      54     1.1088E+03  4.861E+10  6.020E-05  5.014E+00
     955      1    153      1    131      1      54     6.2180E+02  2.028E+10  2.457E-04  2.907E+00
     956      1    153      1    133      1      54     6.1271E+02  9.303E+07  1.000E-30  1.191E+00
     958      1    153      1    137      1      54     3.2803E+02  7.812E+09  1.396E-03  1.345E+00
     959      1    153      1    139      1      54     3.2004E+02  1.284E+08  1.000E-30  2.773E-01
     961      1    153      1    144      1      54     1.3736E+02  2.398E+09  1.069E-02  7.450E-01
     962      1    153      1    146      1      54     1.2999E+02  9.852E+07  1.000E-30  1.226E-01
     963      1    153      1    152      1      54     6.6466E+00  9.741E+03  7.990E-04  3.520E-01
     964      1    154      1    127      1      54     1.0999E+03  3.084E+10  5.016E-05  3.043E+00
     965      1    154      1    132      1      54     6.1421E+02  1.944E+10  3.135E-04  1.763E+00
     966      1    154      1    138      1      54     3.2112E+02  8.692E+09  2.219E-03  7.810E-01
     967      1    154      1    140      1      54     3.1988E+02  3.208E+07  1.000E-30  2.206E-01
     968      1    154      1    145      1      54     1.3082E+02  2.628E+09  1.920E-02  4.141E-01
     969      1    154      1    147      1      54     1.3000E+02  4.548E+07  1.000E-30  7.546E-02
     970      1    154      1    153      1      54     3.4390E-01  6.048E-01  5.491E-04  1.784E-01
     971      1    155      1    133      1      54     6.1329E+02  1.282E+10  2.519E-04  1.189E+00
     972      1    155      1    139      1      54     3.2062E+02  9.157E+09  2.931E-03  5.124E-01
     973      1    155      1    146      1      54     1.3057E+02  3.352E+09  3.233E-02  2.628E-01
     974      1    155      1    148      1      54     1.2999E+02  1.410E+07  1.000E-30  5.569E-02
     975      1    155      1    154      1      54     2.3759E-01  1.122E-01  4.330E-04  1.039E-01
     976      1    156      1    124      1      54     1.2114E+03  1.638E+10  1.000E-30  3.165E+01
     977      1    156      1    129      1      54     7.1613E+02  7.285E+09  1.000E-30  1.828E+01
     978      1    156      1    135      1      54     4.1816E+02  3.381E+09  1.000E-30  1.151E+01
     980      1    156      1    142      1      54     2.2513E+02  1.526E+09  1.000E-30  7.716E+00
     983      1    156      1    150      1      54     9.3002E+01  5.539E+08  1.000E-30  5.411E+00
     985      1    157      1    123      1      54     1.2298E+03  1.423E+10  1.132E-04  4.003E+00
     986      1    157      1    125      1      54     1.1982E+03  4.781E+09  1.000E-30  1.007E+01
     987      1    157      1    128      1      54     7.2695E+02  5.239E+09  2.041E-04  3.960E+00
     988      1    157      1    130      1      54     7.0872E+02  2.487E+09  1.000E-30  5.824E+00
     989      1    157      1    134      1      54     4.2517E+02  2.068E+09  4.054E-04  3.933E+00
     990      1    157      1    136      1      54     4.1371E+02  1.291E+09  1.000E-30  2.010E+00
     991      1    157      1    141      1      54     2.3000E+02  7.952E+08  9.914E-04  3.910E+00
     993      1    157      1    143      1      54     2.2235E+02  6.338E+08  1.000E-30  2.193E+00
     995      1    157      1    149      1      54     9.6594E+01  2.359E+08  4.007E-03  3.886E+00
     997      1    157      1    151      1      54     9.1219E+01  2.427E+08  1.000E-30  2.579E+00
     999      1    157      1    156      1      54     1.3856E+00  3.129E+02  1.019E-02  6.943E-01
    1000      1    158      1    124      1      54     1.2153E+03  2.587E+10  8.991E-06  3.166E+01
    1001      1    158      1    126      1      54     1.1944E+03  1.374E+09  1.000E-30  5.021E+00
    1002      1    158      1    129      1      54     7.2004E+02  9.330E+09  2.701E-05  1.828E+01
    1003      1    158      1    131      1      54     7.0740E+02  9.341E+08  1.000E-30  2.914E+00
    1004      1    158      1    135      1      54     4.2207E+02  3.601E+09  9.076E-05  1.042E+01
    1005      1    158      1    137      1      54     4.1363E+02  5.822E+08  1.000E-30  7.876E-01
    1007      1    158      1    142      1      54     2.2904E+02  1.359E+09  3.371E-04  6.627E+00
    1009      1    158      1    144      1      54     2.2296E+02  3.303E+08  1.000E-30  4.431E-01
    1011      1    158      1    150      1      54     9.6914E+01  4.043E+08  2.016E-03  4.361E+00
    1012      1    158      1    152      1      54     9.2248E+01  1.438E+08  1.000E-30  5.455E-01
    1014      1    158      1    157      1      54     2.5273E+00  2.767E+03  1.232E-03  2.752E+00
    1015      1    159      1    125      1      54     1.2019E+03  3.476E+10  2.357E-05  1.007E+01
    1016      1    159      1    127      1      54     1.1864E+03  2.582E+08  1.000E-30  3.052E+00
    1017      1    159      1    130      1      54     7.1248E+02  1.310E+10  7.362E-05  5.829E+00
    1018      1    159      1    132      1      54     7.0070E+02  2.955E+08  1.000E-30  1.771E+00
    1019      1    159      1    136      1      54     4.1747E+02  5.140E+09  2.706E-04  3.094E+00
    1020      1    159      1    138      1      54     4.0761E+02  2.394E+08  1.000E-30  5.428E-01
    1022      1    159      1    143      1      54     2.2610E+02  1.939E+09  1.055E-03  1.886E+00
    1023      1    159      1    145      1      54     2.1731E+02  1.580E+08  1.000E-30  2.239E-01
    1025      1    159      1    151      1      54     9.4977E+01  5.663E+08  6.800E-03  1.164E+00
    1026      1    159      1    153      1      54     8.6832E+01  6.981E+07  1.000E-30  1.959E-01
    1028      1    159      1    158      1      54     1.2307E+00  1.362E+02  1.342E-03  6.465E-01
    1029      1    160      1    126      1      54     1.2022E+03  3.557E+10  3.451E-05  5.023E+00
    1030      1    160      1    131      1      54     7.1513E+02  1.578E+10  1.253E-04  2.915E+00
    1031      1    160      1    133      1      54     7.0604E+02  6.248E+07  1.000E-30  1.199E+00
    1032      1    160      1    137      1      54     4.2136E+02  6.835E+09  5.227E-04  1.481E+00
    1033      1    160      1    139      1      54     4.1337E+02  9.017E+07  1.000E-30  4.041E-01
    1035      1    160      1    144      1      54     2.3069E+02  2.799E+09  2.212E-03  8.749E-01
    1036      1    160      1    146      1      54     2.2332E+02  8.497E+07  1.000E-30  1.667E-01
    1037      1    160      1    152      1      54     9.9979E+01  9.350E+08  1.579E-02  5.133E-01
    1038      1    160      1    154      1      54     9.2988E+01  5.535E+07  1.000E-30  9.492E-02
    1039      1    160      1    159      1      54     6.4994E+00  1.059E+04  1.259E-03  2.598E-01
    1040      1    161      1    127      1      54     1.1932E+03  2.080E+10  2.644E-05  3.051E+00
    1041      1    161      1    132      1      54     7.0745E+02  1.402E+10  1.472E-04  1.771E+00
    1042      1    161      1    138      1      54     4.1436E+02  7.158E+09  7.603E-04  8.724E-01
    1043      1    161      1    140      1      54     4.1312E+02  1.996E+07  1.000E-30  3.127E-01
    1044      1    161      1    145      1      54     2.2406E+02  3.071E+09  3.557E-03  5.074E-01
    1045      1    161      1    147      1      54     2.2323E+02  3.367E+07  1.000E-30  1.342E-01
    1046      1    161      1    153      1      54     9.3583E+01  9.229E+08  2.703E-02  2.852E-01
    1047      1    161      1    155      1      54     9.3001E+01  3.067E+07  1.000E-30  5.647E-02
    1048      1    161      1    160      1      54     2.5061E-01  2.810E-01  8.845E-04  1.328E-01
    1049      1    162      1    133      1      54     7.0646E+02  8.038E+09  1.026E-04  1.197E+00
    1050      1    162      1    139      1      54     4.1380E+02  6.522E+09  8.511E-04  5.835E-01
    1051      1    162      1    146      1      54     2.2375E+02  3.472E+09  5.048E-03  3.327E-01
    1052      1    162      1    148      1      54     2.2316E+02  8.516E+06  1.000E-30  1.114E-01
    1053      1    162      1    154      1      54     9.3412E+01  1.150E+09  4.458E-02  1.814E-01
    1054      1    162      1    161      1      54     1.7317E-01  5.550E-02  7.378E-04  7.827E-02
    1381      1    165      1    164      1       1     1.0199E+01  5.542E+03  3.900E-04  2.954E-02
    1384      1    167      1    164      1       1     1.0199E+01  1.108E+04  7.800E-04  2.954E-02
    1387      1    169      1    164      1       1     1.2088E+01  3.856E+03  1.260E-04  5.568E-02
    1389      1    169      1    166      1       1     1.8887E+00  8.090E+01  4.911E-05  8.106E-02
    1392      1    168      1    165      1       1     1.8887E+00  2.530E+00  1.409E-06  8.776E-02
    1394      1    168      1    167      1       1     1.8886E+00  5.059E+00  2.818E-06  8.776E-02
    1396      1    170      1    165      1       1     1.8887E+00  1.294E+02  1.102E-04  5.791E-02
    1398      1    170      1    167      1       1     1.8887E+00  2.588E+02  2.204E-04  5.791E-02
    1399      1    172      1    164      1       1     1.2749E+01  1.640E+02  2.903E-05  8.757E-02
    1401      1    172      1    166      1       1     2.5497E+00  4.655E+00  1.877E-06  6.615E-01
    1404      1    172      1    168      1       1     6.6104E-01  3.827E-01  3.750E-06  2.955E-01
    1405      1    172      1    170      1       1     6.6103E-01  4.338E-02  4.764E-07  2.657E-01
    1407      1    171      1    165      1       1     2.5497E+00  1.381E-01  1.466E-07  2.516E-01
    1409      1    171      1    167      1       1     2.5497E+00  2.762E-01  2.932E-07  2.516E-01
    1410      1    171      1    169      1       1     6.6103E-01  7.646E-02  7.313E-07  3.043E-01
    1414      1    173      1    165      1       1     2.5497E+00  5.525E+00  7.550E-06  1.957E-01
    1416      1    173      1    167      1       1     2.5497E+00  1.107E+01  1.512E-05  1.957E-01
    1417      1    173      1    169      1       1     6.6104E-01  1.465E+00  1.706E-05  2.483E-01
    1425      1    174      1    170      1       1     6.6103E-01  4.021E+00  6.434E-05  1.807E-01
    1426      1    176      1    164      1       1     1.3054E+01  4.561E+00  8.327E-06  1.375E-01
    1428      1    176      1    166      1       1     2.8557E+00  1.438E-01  7.721E-07  5.701E-01
    1430      1    176      1    168      1       1     9.6701E-01  1.612E-02  2.187E-07  6.289E-01
    1431      1    176      1    170      1       1     9.6699E-01  1.469E-03  2.125E-08  5.990E-01
    1433      1    176      1    171      1       1     3.0597E-01  2.292E-03  1.000E-30  7.915E-01
    1434      1    176      1    173      1       1     3.0596E-01  5.858E-04  1.000E-30  7.355E-01
    1437      1    175      1    165      1       1     2.8557E+00  4.144E-03  2.126E-08  5.962E-01
    1439      1    175      1    167      1       1     2.8556E+00  8.288E-03  4.253E-08  5.962E-01
    1440      1    175      1    169      1       1     9.6700E-01  2.964E-03  3.919E-08  6.488E-01
    1443      1    175      1    172      1       1     3.0596E-01  6.685E-04  1.000E-30  8.027E-01
    1447      1    177      1    165      1       1     2.8557E+00  1.521E-01  9.189E-07  5.066E-01
    1449      1    177      1    167      1       1     2.8557E+00  3.037E-01  1.835E-06  5.066E-01
    1450      1    177      1    169      1       1     9.6700E-01  5.543E-02  8.503E-07  5.592E-01
    1453      1    177      1    172      1       1     3.0597E-01  7.709E-03  1.000E-30  7.131E-01
    1456      1    177      1    174      1       1     3.0596E-01  2.617E-04  1.000E-30  6.281E-01
    1461      1    178      1    170      1       1     9.6699E-01  1.042E-01  1.971E-06  4.580E-01
    1463      1    178      1    173      1       1     3.0596E-01  1.876E-02  1.000E-30  5.945E-01
    1469      1    179      1    174      1       1     3.0596E-01  3.981E-02  1.000E-30  4.482E-01
    1470      1    181      1    164      1       1     1.3221E+01  2.086E-01  3.303E-06  1.881E-01
    1472      1    181      1    166      1       1     3.0219E+00  6.897E-03  2.051E-07  1.182E+00
    1473      1    181      1    168      1       1     1.1332E+00  8.647E-04  7.039E-08  1.241E+00
    1474      1    181      1    170      1       1     1.1332E+00  7.087E-05  5.971E-09  1.211E+00
    1476      1    181      1    171      1       1     4.7217E-01  1.682E-04  1.000E-30  1.404E+00
    1477      1    181      1    173      1       1     4.7216E-01  3.554E-05  1.000E-30  1.348E+00
    1480      1    181      1    175      1       1     1.6620E-01  3.232E-05  1.052E-09  1.748E+00
    1481      1    181      1    177      1       1     1.6620E-01  1.274E-05  4.369E-10  1.658E+00
    1484      1    180      1    165      1       1     3.0219E+00  1.975E-04  5.680E-09  1.222E+00
    1486      1    180      1    167      1       1     3.0218E+00  3.943E-04  1.134E-08  1.222E+00
    1487      1    180      1    169      1       1     1.1332E+00  1.529E-04  1.216E-08  1.275E+00
    1488      1    180      1    172      1       1     4.7217E-01  4.490E-05  1.000E-30  1.429E+00
    1491      1    180      1    176      1       1     1.6620E-01  1.188E-05  3.835E-10  1.762E+00
    1495      1    182      1    165      1       1     3.0219E+00  6.891E-03  2.220E-07  1.092E+00
    1497      1    182      1    167      1       1     3.0219E+00  1.382E-02  4.452E-07  1.092E+00
    1498      1    182      1    169      1       1     1.1332E+00  2.832E-03  2.509E-07  1.144E+00
    1499      1    182      1    172      1       1     4.7217E-01  5.425E-04  1.000E-30  1.298E+00
    1502      1    182      1    174      1       1     4.7216E-01  1.348E-05  1.000E-30  1.213E+00
    1503      1    182      1    176      1       1     1.6620E-01  9.947E-05  3.468E-09  1.631E+00
    1506      1    182      1    178      1       1     1.6620E-01  8.649E-06  3.301E-10  1.490E+00
    1509      1    183      1    170      1       1     1.1332E+00  4.533E-03  4.617E-07  1.002E+00
    1511      1    183      1    173      1       1     4.7216E-01  1.131E-03  1.000E-30  1.139E+00
    1513      1    183      1    177      1       1     1.6620E-01  2.242E-04  8.797E-09  1.449E+00
    1514      1    183      1    179      1       1     1.6620E-01  3.525E-06  1.580E-10  1.269E+00
    1517      1    184      1    174      1       1     4.7216E-01  1.551E-03  1.000E-30  9.375E-01
    1519      1    184      1    178      1       1     1.6620E-01  4.421E-04  2.070E-08  1.214E+00
    1521      1    185      1    179      1       1     1.6620E-01  8.030E-04  4.835E-08  9.443E-01
    1523      1    186      1    165      1       1     3.1221E+00  1.421E-05  1.869E-09  2.253E+00
    1524      1    186      1    167      1       1     3.1221E+00  2.842E-05  3.737E-09  2.253E+00
    1525      1    186      1    169      1       1     1.2334E+00  1.150E-05  4.206E-09  2.306E+00
    1526      1    186      1    172      1       1     5.7238E-01  3.704E-06  1.000E-30  2.460E+00
    1527      1    186      1    176      1       1     2.6642E-01  1.284E-06  9.094E-11  2.792E+00
    1530      1    186      1    181      1       1     1.0021E-01  3.773E-07  1.218E-11  3.405E+00
    1533      1    187      1    164      1       1     1.3321E+01  1.471E-02  1.498E-06  2.524E-01
    1534      1    187      1    166      1       1     3.1221E+00  5.000E-04  6.741E-08  2.197E+00
    1535      1    187      1    168      1       1     1.2334E+00  6.651E-05  2.478E-08  2.256E+00
    1536      1    187      1    170      1       1     1.2334E+00  5.110E-06  1.945E-09  2.226E+00
    1537      1    187      1    171      1       1     5.7238E-01  1.446E-05  1.000E-30  2.419E+00
    1538      1    187      1    173      1       1     5.7238E-01  2.753E-06  1.000E-30  2.363E+00
    1540      1    187      1    175      1       1     2.6642E-01  3.792E-06  2.714E-10  2.763E+00
    1541      1    187      1    177      1       1     2.6642E-01  1.260E-06  9.319E-11  2.673E+00
    1544      1    187      1    180      1       1     1.0022E-01  8.763E-07  2.842E-11  3.388E+00
    1545      1    187      1    182      1       1     1.0021E-01  4.570E-07  1.542E-11  3.258E+00
    1548      1    188      1    165      1       1     3.1221E+00  4.843E-04  6.917E-08  2.074E+00
    1549      1    188      1    167      1       1     3.1221E+00  9.686E-04  1.383E-07  2.074E+00
    1550      1    188      1    169      1       1     1.2334E+00  2.112E-04  8.370E-08  2.127E+00
    1551      1    188      1    172      1       1     5.7238E-01  4.549E-05  1.000E-30  2.281E+00
    1552      1    188      1    174      1       1     5.7238E-01  9.579E-07  1.000E-30  2.196E+00
    1553      1    188      1    176      1       1     2.6642E-01  1.152E-05  8.718E-10  2.613E+00
    1556      1    188      1    178      1       1     2.6642E-01  7.587E-07  6.067E-11  2.472E+00
    1558      1    188      1    181      1       1     1.0022E-01  2.543E-06  8.664E-11  3.225E+00
    1561      1    188      1    183      1       1     1.0021E-01  3.765E-07  1.372E-11  3.016E+00
    1564      1    189      1    170      1       1     1.2334E+00  3.103E-04  1.358E-07  1.936E+00
    1565      1    189      1    173      1       1     5.7238E-01  8.761E-05  1.000E-30  2.072E+00
    1567      1    189      1    177      1       1     2.6642E-01  2.410E-05  2.000E-09  2.383E+00
    1568      1    189      1    179      1       1     2.6642E-01  2.577E-07  2.313E-11  2.203E+00
    1570      1    189      1    182      1       1     1.0021E-01  5.421E-06  2.007E-10  2.968E+00
    1571      1    189      1    184      1       1     1.0021E-01  2.321E-07  9.475E-12  2.692E+00
    1573      1    190      1    174      1       1     5.7238E-01  9.906E-05  1.000E-30  1.807E+00
    1575      1    190      1    178      1       1     2.6642E-01  3.924E-05  3.722E-09  2.083E+00
    1577      1    190      1    183      1       1     1.0021E-01  1.012E-05  4.233E-10  2.627E+00
    1578      1    190      1    185      1       1     1.0021E-01  9.014E-08  4.302E-12  2.303E+00
    1580      1    191      1    179      1       1     2.6642E-01  4.451E-05  5.076E-09  1.733E+00
    1581      1    191      1    184      1       1     1.0021E-01  1.748E-05  8.640E-10  2.222E+00
    1583      1    192      1    185      1       1     1.0021E-01  2.882E-05  1.785E-09  1.773E+00
    1585      1    193      1    165      1       1     3.1872E+00  1.434E-06  7.201E-10  3.834E+00
    1586      1    193      1    167      1       1     3.1871E+00  2.867E-06  1.440E-09  3.834E+00
    1587      1    193      1    169      1       1     1.2985E+00  1.185E-06  1.646E-09  3.887E+00
    1588      1    193      1    172      1       1     6.3742E-01  3.992E-07  1.000E-30  4.041E+00
    1589      1    193      1    176      1       1     3.3146E-01  1.521E-07  2.996E-11  4.374E+00
    1590      1    193      1    181      1       1     1.6526E-01  5.918E-08  3.236E-12  4.986E+00
    1594      1    193      1    187      1       1     6.5043E-02  1.883E-08  6.184E-13  6.000E+00
    1596      1    194      1    164      1       1     1.3386E+01  1.462E-03  6.338E-08  3.756E+00
    1597      1    194      1    166      1       1     3.1871E+00  5.071E-05  2.598E-08  3.760E+00
    1598      1    194      1    168      1       1     1.2985E+00  6.926E-06  9.769E-09  3.819E+00
    1599      1    194      1    170      1       1     1.2985E+00  5.142E-07  7.364E-10  3.789E+00
    1600      1    194      1    171      1       1     6.3743E-01  1.604E-06  1.000E-30  3.981E+00
    1601      1    194      1    173      1       1     6.3742E-01  2.855E-07  1.000E-30  3.925E+00
    1602      1    194      1    175      1       1     3.3146E-01  4.699E-07  9.361E-11  4.325E+00
    1603      1    194      1    177      1       1     3.3146E-01  1.424E-07  2.898E-11  4.236E+00
    1605      1    194      1    180      1       1     1.6526E-01  1.480E-07  8.147E-12  4.951E+00
    1606      1    194      1    182      1       1     1.6526E-01  6.663E-08  3.769E-12  4.820E+00
    1608      1    194      1    186      1       1     6.5044E-02  3.904E-08  1.286E-12  5.982E+00
    1610      1    194      1    188      1       1     6.5043E-02  2.474E-08  8.402E-13  5.803E+00
    1613      1    195      1    165      1       1     3.1872E+00  4.812E-05  2.574E-08  3.599E+00
    1614      1    195      1    167      1       1     3.1871E+00  9.624E-05  5.148E-08  3.599E+00
    1615      1    195      1    169      1       1     1.2985E+00  2.166E-05  3.202E-08  3.652E+00
    1616      1    195      1    172      1       1     6.3742E-01  4.962E-06  1.000E-30  3.806E+00
    1617      1    195      1    174      1       1     6.3742E-01  9.423E-08  1.778E-13  3.721E+00
    1618      1    195      1    176      1       1     3.3146E-01  1.414E-06  2.944E-10  4.139E+00
    1619      1    195      1    178      1       1     3.3146E-01  7.969E-08  1.717E-11  3.998E+00
    1620      1    195      1    181      1       1     1.6526E-01  4.311E-07  2.473E-11  4.751E+00
    1623      1    195      1    183      1       1     1.6526E-01  4.968E-08  2.982E-12  4.541E+00
    1626      1    195      1    187      1       1     6.5044E-02  1.083E-07  3.699E-12  5.765E+00
    1628      1    195      1    189      1       1     6.5043E-02  2.287E-08  8.228E-13  5.475E+00
    1631      1    196      1    170      1       1     1.2985E+00  3.024E-05  4.816E-08  3.405E+00
    1632      1    196      1    173      1       1     6.3742E-01  9.093E-06  1.000E-30  3.542E+00
    1633      1    196      1    177      1       1     3.3146E-01  2.823E-06  6.310E-10  3.852E+00
    1634      1    196      1    179      1       1     3.3146E-01  2.446E-08  5.737E-12  3.672E+00
    1636      1    196      1    182      1       1     1.6526E-01  8.806E-07  5.408E-11  4.437E+00
    1637      1    196      1    184      1       1     1.6526E-01  2.673E-08  1.751E-12  4.161E+00
    1639      1    196      1    188      1       1     6.5043E-02  2.215E-07  8.047E-12  5.419E+00
    1642      1    197      1    174      1       1     6.3742E-01  9.222E-06  2.022E-11  3.201E+00
    1643      1    197      1    178      1       1     3.3146E-01  4.130E-06  1.022E-09  3.478E+00
    1645      1    197      1    183      1       1     1.6526E-01  1.486E-06  1.006E-10  4.022E+00
    1648      1    197      1    189      1       1     6.5043E-02  3.956E-07  1.571E-11  4.956E+00
    1651      1    198      1    179      1       1     3.3146E-01  3.770E-06  1.069E-09  3.034E+00
    1652      1    198      1    184      1       1     1.6526E-01  2.075E-06  1.604E-10  3.523E+00
    1653      1    198      1    190      1       1     6.5043E-02  6.611E-07  2.962E-11  4.392E+00
    1656      1    199      1    185      1       1     1.6526E-01  2.070E-06  1.901E-10  2.963E+00
    1657      1    199      1    191      1       1     6.5043E-02  1.047E-06  5.491E-11  3.751E+00
    1659      1    200      1    192      1       1     6.5043E-02  1.609E-06  1.034E-10  3.060E+00
    1661      1    201      1    165      1       1     3.2317E+00  1.860E-07  3.111E-10  6.134E+00
    1662      1    201      1    167      1       1     3.2317E+00  3.721E-07  6.221E-10  6.134E+00
    1663      1    201      1    169      1       1     1.3431E+00  1.559E-07  7.163E-10  6.187E+00
    1664      1    201      1    172      1       1     6.8202E-01  5.413E-08  1.003E-11  6.341E+00
    1665      1    201      1    176      1       1     3.7605E-01  2.156E-08  1.181E-11  6.673E+00
    1673      1    202      1    164      1       1     1.3431E+01  1.880E-04  2.746E-08  6.034E+00
    1674      1    202      1    166      1       1     3.2317E+00  6.613E-06  1.123E-08  6.038E+00
    1675      1    202      1    168      1       1     1.3431E+00  9.272E-07  4.312E-09  6.097E+00
    1676      1    202      1    170      1       1     1.3430E+00  6.635E-08  3.123E-10  6.067E+00
    1677      1    202      1    171      1       1     6.8202E-01  2.206E-07  3.956E-11  6.260E+00
    1678      1    202      1    173      1       1     6.8201E-01  3.782E-08  7.720E-12  6.204E+00
    1679      1    202      1    175      1       1     3.7606E-01  6.853E-08  3.793E-11  6.604E+00
    1680      1    202      1    177      1       1     3.7605E-01  1.951E-08  1.095E-11  6.514E+00
    1681      1    202      1    180      1       1     2.0985E-01  2.427E-08  3.099E-12  7.229E+00
    1692      1    203      1    165      1       1     3.2317E+00  6.189E-06  1.087E-08  5.836E+00
    1693      1    203      1    167      1       1     3.2317E+00  1.238E-05  2.174E-08  5.836E+00
    1694      1    203      1    169      1       1     1.3431E+00  2.842E-06  1.371E-08  5.888E+00
    1695      1    203      1    172      1       1     6.8202E-01  6.753E-07  1.313E-10  6.042E+00
    1697      1    203      1    176      1       1     3.7605E-01  2.046E-07  1.172E-10  6.375E+00
    1699      1    203      1    181      1       1     2.0985E-01  7.022E-08  9.273E-12  6.987E+00
    1702      1    203      1    187      1       1     1.0964E-01  2.430E-08  1.149E-12  8.001E+00
    1710      1    204      1    170      1       1     1.3430E+00  3.845E-06  1.966E-08  5.578E+00
    1711      1    204      1    173      1       1     6.8202E-01  1.199E-06  2.654E-10  5.714E+00
    1712      1    204      1    177      1       1     3.7605E-01  3.963E-07  2.402E-10  6.025E+00
    1714      1    204      1    182      1       1     2.0985E-01  1.400E-07  1.953E-11  6.610E+00
    1717      1    204      1    188      1       1     1.0964E-01  4.864E-08  2.423E-12  7.592E+00
    1723      1    205      1    174      1       1     6.8201E-01  1.141E-06  2.976E-10  5.290E+00
    1724      1    205      1    178      1       1     3.7605E-01  5.435E-07  3.562E-10  5.566E+00
    1725      1    205      1    183      1       1     2.0985E-01  2.214E-07  3.340E-11  6.110E+00
    1728      1    205      1    189      1       1     1.0964E-01  8.243E-08  4.423E-12  7.044E+00
    1731      1    205      1    196      1       1     4.4593E-02  2.315E-08  9.212E-13  8.513E+00
    1734      1    206      1    179      1       1     3.7605E-01  4.365E-07  3.172E-10  5.016E+00
    1735      1    206      1    184      1       1     2.0985E-01  2.724E-07  4.555E-11  5.505E+00
    1736      1    206      1    190      1       1     1.0964E-01  1.215E-07  7.201E-12  6.374E+00
    1738      1    206      1    197      1       1     4.4593E-02  3.766E-08  1.641E-12  7.769E+00
    1741      1    207      1    185      1       1     2.0985E-01  2.141E-07  4.088E-11  4.818E+00
    1742      1    207      1    191      1       1     1.0964E-01  1.517E-07  1.022E-11  5.607E+00
    1743      1    207      1    198      1       1     4.4593E-02  5.776E-08  2.830E-12  6.908E+00
    1746      1    208      1    185      1       1     2.4771E-01  3.210E-08  1.297E-11  7.530E+00
    1747      1    208      1    191      1       1     1.4750E-01  2.781E-08  3.212E-12  8.319E+00
    1752      1    209      1    170      1       1     1.3809E+00  6.118E-07  9.023E-09  8.644E+00
    1753      1    209      1    173      1       1     7.1991E-01  1.989E-07  2.144E-10  8.781E+00
    1754      1    209      1    177      1       1     4.1395E-01  6.997E-08  1.070E-10  9.091E+00
    1756      1    209      1    182      1       1     2.4775E-01  2.739E-08  8.643E-12  9.676E+00
    1767      1    210      1    179      1       1     4.1400E-01  6.801E-08  1.198E-10  7.870E+00
    1768      1    210      1    184      1       1     2.4780E-01  4.717E-08  1.718E-11  8.359E+00
    1769      1    210      1    190      1       1     1.4759E-01  2.563E-08  2.669E-12  9.228E+00
    1775      1    211      1    164      1       1     1.3469E+01  2.991E-05  1.311E-08  9.219E+00
    1776      1    211      1    166      1       1     3.2697E+00  1.061E-06  5.332E-09  9.223E+00
    1777      1    211      1    168      1       1     1.3810E+00  1.518E-07  2.075E-09  9.282E+00
    1779      1    211      1    171      1       1     7.2000E-01  3.775E-08  3.566E-11  9.444E+00
    1796      1    212      1    165      1       1     3.2697E+00  9.842E-07  5.083E-09  8.973E+00
    1797      1    212      1    167      1       1     3.2697E+00  1.968E-06  1.016E-08  8.973E+00
    1798      1    212      1    169      1       1     1.3810E+00  4.636E-07  6.526E-09  9.025E+00
    1799      1    212      1    172      1       1     7.2001E-01  1.142E-07  1.135E-10  9.179E+00
    1801      1    212      1    176      1       1     4.1404E-01  3.694E-08  5.403E-11  9.512E+00
    1815      1    213      1    165      1       1     3.2697E+00  2.976E-08  1.478E-10  9.342E+00
    1816      1    213      1    167      1       1     3.2697E+00  5.952E-08  2.955E-10  9.342E+00
    1817      1    213      1    169      1       1     1.3810E+00  2.547E-08  3.448E-10  9.395E+00
    1829      1    214      1    174      1       1     7.2002E-01  1.803E-07  2.164E-10  8.261E+00
    1830      1    214      1    178      1       1     4.1406E-01  9.171E-08  1.491E-10  8.538E+00
    1831      1    214      1    183      1       1     2.4786E-01  4.154E-08  1.393E-11  9.082E+00
    1833      1    214      1    189      1       1     1.4764E-01  1.873E-08  1.797E-12  1.002E+01
